1 0 0.9333333328125001 0.0000753 0.9457831328124999 0.0038403624999999997 0.9417670671874999 0.009864459374999999 0.9387550203125 0.020406625 0.9518072296875 0.0460090375 0.9638554203125 0.081400603125 0.9678714875000001 0.109262046875 0.9558232921875 0.12808735 0.9357429703125 0.11754518124999999 0.9106425703125 0.09570783125 0.8885542171875 0.079141565625 0.8875502 0.0663403625 0.8885542171875 0.047515059375 0.8935742953125001 0.036219878125 0.9006024078125 0.023418675 0.9126506046875 0.020406625 0.9166666671874999 0 0.9125 0 0.925 0 0.9333333328125001
1 0.5625753 0.6706827296875 0.55504518125 0.6616465875 0.5414909625 0.6586345375 0.530195784375 0.6676706828125 0.5211596375 0.6736947796874999 0.516641565625 0.6777108421875 0.51137048125 0.6917670671875 0.50308735 0.7018072296875 0.479743975 0.7008032125 0.48652108437499997 0.7168674703125 0.4820030125 0.7339357421875 0.49405120625 0.7248996 0.51438253125 0.732931725 0.536219878125 0.7289156625000001 0.550527109375 0.7148594375 0.567846384375 0.6907630546875 0.571611446875 0.6797188750000001 0.5625753 0.6706827296875
1 0.234262046875 0.6626506046875 0.21317770937499997 0.6606425703125 0.195858434375 0.6626506046875 0.18155120625 0.6706827296875 0.17176204687500002 0.6817269078125 0.1499247 0.6746987953125 0.15594879374999998 0.6857429703125 0.1491716875 0.7138554203125 0.16046686875 0.7068273078125 0.18155120625 0.7279116453125 0.2124247 0.7339357421875 0.23275602499999998 0.72188755 0.24405120624999999 0.7058232921875 0.24437203749999997 0.6944444453124999 0.24140995312500002 0.677330175 0.234262046875 0.6626506046875
1 0.737274096875 0.20381526249999998 0.723719878125 0.1977911671875 0.707153615625 0.20783132499999998 0.69887048125 0.2128514046875 0.692093375 0.2158634546875 0.664231928125 0.20983935781250002 0.673268071875 0.22188755 0.667243975 0.2520080328125 0.6875753 0.24196787031250003 0.69811746875 0.25 0.7116716875 0.2570281125 0.723719878125 0.261044175 0.74179216875 0.2550200796875 0.748569278125 0.2459839375 0.749322290625 0.2289156625 0.74254518125 0.2128514046875 0.737274096875 0.20381526249999998
1 0.577635540625 0.20983935781250002 0.558810240625 0.2198795171875 0.55278614375 0.2279116453125 0.528689759375 0.20682730781249997 0.53320783125 0.2279116453125 0.529442771875 0.2489959828125 0.529442771875 0.2570281125 0.550527109375 0.25 0.558810240625 0.264056225 0.578388553125 0.27811245 0.6039909625 0.2791164671875 0.622063253125 0.26204819218750003 0.632605421875 0.2409638546875 0.622063253125 0.2188755 0.604743975 0.2088353421875 0.577635540625 0.20983935781250002
1 0.24480421562500002 0.4989959828125 0.22974397500000002 0.5040160625000001 0.21995481875 0.5130522078124999 0.207153615625 0.5240963875 0.196611446875 0.5331325296875 0.19058735 0.542168675 0.172515059375 0.542168675 0.15971385625 0.5471887546875001 0.1664909625 0.5572289171875 0.17176204687500002 0.5652610453125 0.172515059375 0.5763052203125001 0.195858434375 0.5592369453125 0.21543674687499997 0.5702811249999999 0.23200301250000002 0.5632530124999999 0.24405120624999999 0.5481927703125 0.254593375 0.5321285125 0.258358434375 0.5100401625 0.24480421562500002 0.4989959828125
1 0.36453313125000003 0.7821285125 0.34646084374999997 0.77811245 0.31558735000000004 0.7851405625 0.289231928125 0.8032128500000001 0.277936746875 0.8253012046875 0.26664156562499997 0.8333333328125001 0.23350903750000002 0.8283132546875001 0.2500753 0.8524096374999999 0.255346384375 0.8775100421875001 0.280195784375 0.8524096374999999 0.320858434375 0.8584337328125 0.341942771875 0.8604417671875 0.36152108437499997 0.8413654625 0.37658132499999997 0.8122489953124999 0.37808735000000004 0.7871485953125 0.36453313125000003 0.7821285125
1 0.161972890625 0.4096385546875 0.143147590625 0.3915662671875 0.11980421562500002 0.39056225 0.09344879375000001 0.40361445781249994 0.07462349375 0.42871485781249996 0.061822290625 0.4548192796875 0.033960843750000004 0.47590361249999996 0.0445030125 0.482931725 0.040737953125 0.5150602421875 0.0663403625 0.4839357421875 0.090436746875 0.48594377499999997 0.11528614374999999 0.4869477921875 0.13712349375 0.47590361249999996 0.167243975 0.4568273078125 0.18079819375 0.4317269078125 0.161972890625 0.4096385546875
1 0.070858434375 0.5993975921875 0.042243975 0.6084337328125 0.027183734375 0.6174698796875 0.007605421875 0.6425702796875 0 0.65 0.0038403624999999997 0.66566265 0.016641565625 0.66566265 0.033960843750000004 0.6696787171875 0.05579819375 0.6576305203125 0.07612951875 0.6445783125 0.09721385625 0.6305220874999999 0.09871987812500001 0.6224899578125 0.08667168750000001 0.6074297203125 0.070858434375 0.5993975921875
1 0.651430721875 0.7720883546875 0.6288403625 0.7690763046875 0.61453313125 0.7931726921875 0.600978915625 0.8172690749999999 0.588177709375 0.8253012046875 0.57311746875 0.83433735 0.55278614375 0.85943775 0.5708584343750001 0.8554216875 0.5648343375 0.89056225 0.582906625 0.8584337328125 0.611521084375 0.8463855421875 0.622816265625 0.8413654625 0.644653615625 0.8263052203125 0.652936746875 0.8112449796875 0.664231928125 0.7871485953125 0.651430721875 0.7720883546875
1 0.515888553125 0.46686747031250003 0.5098644593749999 0.4568273078125 0.488780121875 0.4548192796875 0.47442733125 0.44497103750000006 0.44974328750000003 0.45747762031250006 0.43147709375 0.46932596249999997 0.41799698750000003 0.48795180781249997 0.400677709375 0.4929718875 0.394653615625 0.49698795 0.40670180624999996 0.5070281125 0.395406625 0.5311245 0.412725903125 0.5200803203125 0.432304215625 0.5080321296875 0.463930721875 0.5130522078124999 0.49103915625 0.5090361453125001 0.5038403625 0.5020080328125001 0.515135540625 0.4899598375 0.515888553125 0.46686747031250003
1 0.3991716875 0.3222891578125 0.384864459375 0.3363453828125 0.372063253125 0.3493975921875 0.3585090375 0.3614457828125 0.3539909625 0.3674698796875 0.32462349375 0.3704819296875 0.335918675 0.3815261046875 0.339683734375 0.4026104421875 0.354743975 0.3855421671875 0.381099396875 0.40361445781249994 0.403689759375 0.3935742953125 0.433810240625 0.3724899578125 0.43757529999999994 0.3433734953125 0.44134036249999997 0.320281125 0.432304215625 0.3022088328125 0.3991716875 0.3222891578125
1 0.765135540625 0.3755020078125 0.7500753 0.3855421671875 0.7432981937500001 0.40662650468750006 0.738027109375 0.4126506046875 0.713930721875 0.4126506046875 0.72070783125 0.4246987953125 0.721761453125 0.4377303828125 0.73125 0.432730925 0.749322290625 0.4357429703125 0.77191265 0.4337349421875 0.789984940625 0.41566264999999997 0.798268071875 0.3925702796875 0.786972890625 0.3795180703125 0.765135540625 0.3755020078125
1 0.415737953125 0.6295180703125001 0.40293674687500003 0.6536144578124999 0.392394578125 0.6716867453125 0.383590046875 0.6911532375 0.381852409375 0.7068273078125 0.381852409375 0.7269076296875 0.381852409375 0.7349397578125 0.37582831250000004 0.7570281125 0.381852409375 0.7700803203125 0.390135540625 0.7409638546874999 0.401430721875 0.7279116453125 0.4132109 0.7003686171875 0.42251505937499995 0.682730925 0.42778614375 0.6626506046875 0.43079819375 0.6375502 0.415737953125 0.6295180703125001
1 0.315625 0.9958333328125001 0.341189759375 0.9929718875000001 0.3336596375 0.9678714875000001 0.33064759062500004 0.9568273078124999 0.332906625 0.9337349421875001 0.332906625 0.9086345375 0.33140060312499997 0.8935742953125001 0.32311746874999997 0.8795180703125001 0.310316265625 0.873493975 0.309563253125 0.8664658624999999 0.289984940625 0.8684738953125001 0.28170180624999996 0.8674698796874999 0.26664156562499997 0.8755020078125 0.259111446875 0.8935742953125001 0.26287650625 0.9026104421875001 0.258358434375 0.9347389546875 0.259864459375 0.9528112453125 0.26664156562499997 0.9839357421875 0.280195784375 0.9949799203125 0.28125 0.9958333328125001 0.30353915625 0.982931725 0.3125753 0.9939759046875001 0.315625 0.9958333328125001
1 0.689081325 0.3303212828125 0.675527109375 0.3313253 0.66046686875 0.3403614453125 0.65594879375 0.3423694796875 0.644653615625 0.3493975921875 0.63561746875 0.3564257046875 0.6273343375 0.3664658625 0.623569278125 0.3694779125 0.600978915625 0.38654618281249997 0.607756025 0.40461847500000003 0.6348644593749999 0.3825301203125 0.661972890625 0.39558232968749996 0.675527109375 0.38654618281249997 0.6913403625 0.37650602499999997 0.70188253125 0.3624498 0.704894578125 0.3413654625 0.689081325 0.3303212828125
1 0.236521084375 0.1485943796875 0.235015059375 0.17469879531250002 0.24781626562499998 0.1837349421875 0.2726656625 0.18273092500000002 0.279442771875 0.1696787171875 0.286219878125 0.14959839218749998 0.28697289062500003 0.1325301203125 0.26212349375 0.12650602500000002 0.246310240625 0.1355421671875 0.236521084375 0.1485943796875
1 0.161219878125 0.16265060468749998 0.15670180625000002 0.151606425 0.14164156562500002 0.1576305203125 0.13034638437499999 0.16566265 0.11528614374999999 0.1666666671875 0.10399096249999999 0.16465863281249998 0.091189759375 0.16265060468749998 0.079894578125 0.1757028125 0.06935240937500001 0.19678715 0.064081325 0.2048192796875 0.07311746875 0.2058232921875 0.0836596375 0.2058232921875 0.09871987812500001 0.2058232921875 0.112274096875 0.1987951796875 0.122816265625 0.1897590375 0.134111446875 0.1877510046875 0.143900603125 0.1877510046875 0.15971385625 0.1777108421875 0.161219878125 0.16265060468749998
1 0.300527109375 0.21686747031250003 0.290737953125 0.22289156718749997 0.287725903125 0.23293172499999998 0.28471385625 0.24297188749999998 0.28094879375000004 0.2600401625 0.295256025 0.2600401625 0.30579819375 0.25903614531249997 0.3148343375 0.2550200796875 0.32387048125 0.2449799203125 0.327635540625 0.2289156625 0.32914156562499997 0.2128514046875 0.318599396875 0.2058232921875 0.300527109375 0.21686747031250003
1 0 0.3 0.0000753 0.30321285 0.01137048125 0.2951807203125 0.023418675 0.28514056249999997 0.033960843750000004 0.2730923703125 0.0460090375 0.261044175 0.030195784375 0.2459839375 0.015888553125 0.23895582499999998 0 0.2375 0 0.24583333281250003 0 0.2666666671875 0 0.2916666671875 0 0.3
1 0.189081325 0.261044175 0.17703313125 0.2449799203125 0.164231928125 0.2399598375 0.144653615625 0.2339357421875 0.140135540625 0.2459839375 0.131852409375 0.2540160625 0.11905120625000001 0.264056225 0.10022590312499999 0.261044175 0.08667168750000001 0.267068275 0.10022590312499999 0.2841365453125 0.10022590312499999 0.3012048203125 0.120557228125 0.2881526125 0.13938253125 0.292168675 0.15670180625000002 0.2991967875 0.1695030125 0.2981927703125 0.184563253125 0.2861445796875 0.192093375 0.2710843375 0.189081325 0.261044175
1 0.342695784375 0.42369477968749997 0.32914156562499997 0.41365461718749996 0.31634036249999997 0.4076305203125 0.30203313125000003 0.4076305203125 0.289984940625 0.41365461718749996 0.277936746875 0.42168674531250006 0.25082831250000004 0.4347389546875 0.236521084375 0.4427710828125 0.24179216874999998 0.44879517968749993 0.24555722812499997 0.46385542031250004 0.24684044374999997 0.47525013281249995 0.26588855312500004 0.46686747031250003 0.28546686875 0.46686747031250003 0.30203313125000003 0.47188755000000004 0.319352409375 0.4728915671875 0.332153615625 0.46084337499999994 0.341189759375 0.4447791171875 0.342695784375 0.42369477968749997
1 0 0.44166666718750003 0.006099396875 0.4437751 0.020406625 0.432730925 0.028689759375000002 0.4317269078125 0.04375 0.4307228921875 0.05579819375 0.4307228921875 0.06935240937500001 0.42871485781249996 0.07838855312500001 0.4196787171875 0.085918675 0.41064257031249995 0.10022590312499999 0.4006024078125 0.113027109375 0.3925702796875 0.10625 0.3875502 0.09570783125 0.3835341375 0.088930721875 0.3744979921875 0.07838855312500001 0.3724899578125 0.072364459375 0.3724899578125 0.061069278125 0.3724899578125 0.05504518125 0.3724899578125 0.037725903125 0.3795180703125 0.018900603125000002 0.3895582328125 0.009864459374999999 0.3925702796875 0 0.3958333328125 0 0.43333333281249997 0 0.44166666718750003
1 0.49405120625 0.6275100421875 0.5023343375 0.6204819296874999 0.51212349375 0.6044176703125 0.509111446875 0.5903614453125 0.501581325 0.5773092375 0.49405120625 0.567269075 0.48652108437499997 0.5602409625 0.466942771875 0.5642570296875 0.45414156562499997 0.5702811249999999 0.445858434375 0.5763052203125001 0.436069278125 0.5833333328125 0.433057228125 0.5923694796875 0.42778614375 0.5973895578125 0.4164909625 0.6044176703125 0.40820783125000004 0.6054216875 0.398418675 0.6134538171874999 0.403689759375 0.6335341375 0.411219878125 0.6255020078125 0.426280121875 0.6234939749999999 0.43908132499999997 0.6355421671875 0.45640060312499997 0.6385542171874999 0.47146084374999997 0.6415662671875 0.48501505937499995 0.6385542171874999 0.49405120625 0.6275100421875