1 0.0808900984375 0.13606039375 0.0522198546875 0.12235828906249999 0.03151334375 0.129476825 0.0007900281250000001 0.1404494375 0 0.16796875 0.043516546875 0.16433895781250002 0.066625703125 0.16788096875 0.09186271093750001 0.1733672734375 0.11380793281249998 0.1525193125 0.11051615156250001 0.1415466984375 0.0808900984375 0.13606039375
1 0.363983496875 0.28874915625 0.395804075 0.27667928124999996 0.395804075 0.2744847578125 0.381539675 0.2481504890625 0.35700158125 0.22745253124999998 0.318995784375 0.2152326515625 0.283883425 0.217427175 0.25365901874999996 0.229924840625 0.1992681953125 0.229924840625 0.1958069609375 0.239319621875 0.2410902390625 0.2525395359375 0.263035465625 0.2591231015625 0.284810125 0.2773931953125 0.327828325 0.281348890625 0.34958465312500003 0.284810125 0.363983496875 0.28874915625
1 0.359473890625 0.31398338593749997 0.34971910156249997 0.3116221921875 0.3563026671875 0.32149754218750004 0.3990958546875 0.3291783703125 0.4155547734375 0.3302756328125 0.43710442968749996 0.315961234375 0.42919303906249995 0.30804984062499996 0.40677668437500003 0.29735779687499997 0.3848314609375 0.305038625 0.37134098125000004 0.3125 0.359473890625 0.31398338593749997
1 0.4506671375 0.366485253125 0.4210410828125 0.3774578625 0.3837342 0.37636060625 0.36178897656250003 0.390625 0.40238764062500004 0.402694875 0.4243328625 0.410375703125 0.4550561796875 0.4125702265625 0.48139044999999997 0.3928195234375 0.47261235937499996 0.37636060625 0.4506671375 0.366485253125
1 0.538448034375 0.44987710468750003 0.57356039375 0.4597524578125 0.571365871875 0.43451544999999997 0.55051790625 0.4114729640625 0.51979459375 0.39501404687499997 0.49784936718750006 0.3851386953125 0.48577949531250003 0.387333215625 0.4824877109375 0.3928195234375 0.46383426875 0.40050035156249997 0.47480688281249994 0.413667484375 0.49675210468750003 0.42573735937499996 0.5186973328125 0.44987710468750003 0.538448034375 0.44987710468750003
1 0.50882198125 0.4992538625 0.5406425546875 0.512420996875 0.559295996875 0.5310744374999999 0.5867275265624999 0.5409497890625 0.6229371484375 0.535463484375 0.644882375 0.5310744374999999 0.6382988046875 0.5201018234375 0.614159059375 0.48828125 0.5812412234375001 0.465238765625 0.541739815625 0.4630442421875 0.49894662968750003 0.468530546875 0.47590414531249997 0.454266153125 0.4550561796875 0.45755793437500003 0.4396945234375 0.47291959375000003 0.5011411531250001 0.481697684375 0.50882198125 0.4992538625
1 0.3310656609375 0.6309252109375 0.3530108875 0.62543890625 0.371664325 0.622147121875 0.371664325 0.6177580734375 0.3573999296875 0.604590940625 0.327773875 0.5859375 0.3036341296875 0.5870347609375 0.3014396046875 0.589229284375 0.25645189375 0.5727703625 0.238895715625 0.5760621484375 0.21475596874999997 0.5804511953125 0.2334094109375 0.5969101125 0.25645189375 0.6111745078124999 0.2827861640625 0.62543890625 0.2970505625 0.634216996875 0.3310656609375 0.6309252109375
1 0.4550561796875 0.7362622890625 0.429819171875 0.7143170671875 0.40787394531250004 0.702247190625 0.3760533703125 0.6824964890625 0.363983496875 0.6781074453125 0.3508163625 0.6967608875 0.3881526921875 0.717958859375 0.414457515625 0.7505266828125 0.434208215625 0.7724719109375 0.4583479640625 0.8010007031249999 0.48907127656249993 0.8119733171875 0.5176000703125 0.815265096875 0.512113765625 0.7801527390625 0.487974015625 0.7527212078125001 0.4550561796875 0.7362622890625
1 0.9159058984374999 0.4191537921875 0.8928634140625 0.393916784375 0.88627984375 0.4125702265625 0.86762640625 0.437807234375 0.91041959375 0.437807234375 0.89725245625 0.44000175468749997 0.9235867265625 0.4630442421875 0.9510182578125 0.4707250703125 0.9806443125 0.4751141125 0.99609375 0.46484375 0.9960059687499999 0.44000175468749997 0.974060746875 0.42683462031249997 0.9433374296875 0.42134831562499997 0.9159058984374999 0.4191537921875
1 0.94114290625 0.8415993671875001 0.9082250703125 0.8536692421875 0.9082250703125 0.8262377109375001 0.9005442421875 0.8020979640625001 0.8840853234375 0.7900280890625 0.8577510546875 0.8086815312500001 0.8654318828124999 0.831724015625 0.8796962765625 0.8624473328125 0.9071278093749999 0.8690308984374999 0.9356566015625001 0.8613500703125 0.94114290625 0.8415993671875001
1 0.36727528125000003 0.1426439609375 0.32996839843750003 0.1426439609375 0.31131495781249996 0.148130265625 0.2974483953125 0.1494921375 0.28168890625 0.1623946640625 0.3233848328125 0.1700754921875 0.3420382734375 0.17995084374999998 0.3848314609375 0.1942152390625 0.40238764062500004 0.18763167187500002 0.4089712078125 0.172270015625 0.3826369375 0.147033003125 0.36727528125000003 0.1426439609375
3 0.0578476125 0.2501755625 0.0797928375 0.22164677031250002 0.1006408 0.2293275984375 0.120391503125 0.21286867968749998 0.12587780937499998 0.18104810468750002 0.10173806249999999 0.171172753125 0.0830846203125 0.1755617984375 0.04095675 0.1756020640625 0.0424859546875 0.20409059062499998 0.0369996484375 0.2238412921875 0.0161516859375 0.23371664375 0.0051790734375 0.25456460625 0 0.3125 0.0106653796875 0.3456372890625 0.0106653796875 0.3599016859375 0.0216379921875 0.3895277390625 0.038096909375 0.390625 0.049069521875 0.37197155937500004 0.0578476125 0.392819521875 0.055653090625 0.4103757015625 0.0424859546875 0.420251053125 0.04138869375 0.4356127109375 0.0348051265625 0.45097436875 0.050166784374999995 0.501448384375 0.043583215625 0.53656074375 0.00298455 0.5453388343750001 0.0018872890624999999 0.5716731046875 0.006276334375 0.615563553125 0.0457777390625 0.6221471203125 0.050166784374999995 0.6111745078124999 0.0589448734375 0.5980073734375 0.081987359375 0.589229284375 0.0940572328125 0.6067854640625 0.114905196875 0.63421699375 0.1214887640625 0.6660375703125 0.1291695921875 0.6879827953125 0.141239465625 0.702247190625 0.15330934062499998 0.7044417140625 0.1917134828125 0.7033444515625 0.20597787968749998 0.72199789375 0.22133953593750003 0.72199789375 0.2103669234375 0.757110253125 0.24986832812499998 0.7746664328125 0.2783971203125 0.773569171875 0.3255793546875 0.768082865625 0.35630266875 0.7527212078125001 0.374802215625 0.7337816453125 0.3832080703125 0.7214200953125001 0.3693631328125 0.7120253171875001 0.349090190625 0.700652690625 0.36244066406250003 0.677412975 0.3762856015625 0.68384098125 0.4054588609375 0.6991693031249999 0.4309164328125 0.7143170640625 0.4440835671875 0.68908005625 0.4627370078125 0.6572594796875 0.4583479640625 0.621049859375 0.4364027390625 0.582645715625 0.3958040734375 0.5650895359375 0.3508163625 0.5661867984375 0.3594738921875 0.549347309375 0.3738588484375 0.54753335625 0.391415028125 0.5409497890625 0.4122629921875 0.52668539375 0.4265273875 0.491573034375 0.41884655937500004 0.5321716999999999 0.4550561796875 0.52668539375 0.4824877109375 0.5058374296875 0.5066274578125001 0.495962078125 0.494557584375 0.475114115625 0.467126053125 0.47182233125 0.4375 0.4707250703125 0.45615344062499996 0.458655196875 0.478098665625 0.4465853234375 0.505530196875 0.45755793593750005 0.505530196875 0.42573735937499996 0.48907127812500006 0.41366748593749997 0.4693205765625 0.4048893953125 0.4385972609375 0.4114729640625 0.4166520359375 0.4059866578125 0.3979985953125 0.4015976125 0.363983496875 0.3840414328125 0.3573999296875 0.3478318125 0.31680126406250003 0.3478318125 0.2762025984375 0.32149754218750004 0.2597436796875 0.32149754218750004 0.2301176265625 0.3050386234375 0.21804775312500002 0.28309339843750003 0.1993943125 0.257856390625 0.168670996875 0.2370084265625 0.1708655203125 0.2677317421875 0.15879564531249998 0.306135884375 0.1434339890625 0.3182057578125 0.1192942421875 0.3269838484375 0.06333391875 0.31491397499999996 0.0622366578125 0.2885797046875 0.0578476125 0.2501755625
3 0.640461171875 0.0819135 0.6232353875000001 0.09609641875 0.623566515625 0.1121191015625 0.637901375 0.13054964062500002 0.657250484375 0.154251265625 0.644083346875 0.1674183984375 0.6364025203125 0.1794882734375 0.618846340625 0.1860718390625 0.59580385625 0.180585534375 0.5914148078125 0.17071018437500002 0.5689998328125 0.162495765625 0.550356325 0.159731325 0.537557340625 0.16485091875 0.5233846125 0.1641266171875 0.512412 0.1641266171875 0.533973625 0.19096084375 0.541653015625 0.21143921875 0.5420380546875 0.23215681250000003 0.559594234375 0.236545859375 0.562886015625 0.2617828671875 0.55301066875 0.2617828671875 0.5277736562500001 0.2442266875 0.5189955671875001 0.2530047765625 0.524481875 0.2661719109375 0.489433159375 0.253931846875 0.474074378125 0.264682996875 0.486361403125 0.28413745 0.4925049140625 0.2984723125 0.5277736562500001 0.305673315625 0.5716641046875 0.3320075859375 0.5925120703125 0.3111596203125 0.6034846828125 0.29250617968750003 0.6232353875000001 0.3034787921875 0.6331107375 0.326521278125 0.6232353875000001 0.349563765625 0.60677646875 0.3484665046875 0.5925120703125 0.3385911515625 0.58153945625 0.33091032343750004 0.5694695859375 0.3484665046875 0.5420380546875 0.349563765625 0.5376490078125 0.32981306250000003 0.5222873515625001 0.32981306250000003 0.5189955671875001 0.34517471875 0.49705034374999996 0.3418829375 0.4904667765625 0.32432675781250003 0.4630352453125 0.308965096875 0.45535441875 0.333104846875 0.44328454375000004 0.31335414375 0.4290201484375 0.295797965625 0.41146396875 0.27824178437499997 0.396102309375 0.2837280890625 0.3852063671875 0.2999397765625 0.3555386453125 0.2969730078125 0.324882 0.2969730078125 0.32636538593750003 0.303895471875 0.298446059375 0.2903116609375 0.277598096875 0.28701987500000004 0.2688200078125 0.2979924890625 0.2688200078125 0.310062359375 0.2688200078125 0.3199377109375 0.29405701562500003 0.3287158015625 0.3149049765625 0.3473692421875 0.320391284375 0.3473692421875 0.3456282921875 0.3484665046875 0.367573515625 0.3506610265625 0.3719625625 0.3704117265625 0.39281052656250004 0.3594391171875 0.40707492187499994 0.36821720625 0.4279228875 0.376995296875 0.45754893750000003 0.376995296875 0.4696188125 0.379189815625 0.49814760468749997 0.3945514765625 0.5189955671875001 0.3978432578125 0.5343572265625001 0.403329565625 0.5497188828125 0.41320491718749996 0.5683723234375 0.42966383593749996 0.58263671875 0.46477619531250003 0.5969011171874999 0.4713597625 0.618846340625 0.48672141875 0.6396943046875 0.5130556875 0.64956965625 0.5503625703125 0.7099190234375 0.5668214890625001 0.69236284375 0.5668214890625001 0.7099190234375 0.5942530203125 0.7132108078125 0.614003721875 0.7373505546875 0.6172955078125 0.7680738671875 0.619490028125 0.7922136171874999 0.6205872890624999 0.8108670578125 0.631559903125 0.8591465515625 0.6370462078125 0.8712164250000001 0.6600886953125 0.8920643875 0.6787421375 0.921690440625 0.700687359375 0.9304685312500001 0.7083681875 0.98423433125 0.6908120078125 0.9985865078125 0.6829995078125 0.99740146875 0.6403379921875 0.9985865078125 0.6283120078125 0.9985865078125 0.5658120078125 0.9985865078125 0.5189370078125 0.9952069453125001 0.5075693828125 0.9798452843750001 0.5031803390625 0.9677754140625 0.5031803390625 0.9491219734375 0.5185419953125 0.9315657937499999 0.5229310390624999 0.923884965625 0.5141529484375 0.9140096140624999 0.516347471875 0.9140096140624999 0.536098175 0.8942589109375 0.5514598328125 0.8821890343750001 0.5207365187499999 0.8756054687500001 0.505374859375 0.8657301171875 0.4856241609375 0.829520496875 0.4768460671875 0.8086725343750001 0.475748809375 0.781241003125 0.4965967703125 0.7889218312499999 0.46038714843750006 0.782338265625 0.46038714843750006 0.759295778125 0.45709536718750005 0.7461286453125 0.4724570234375 0.7307669875 0.4581926296875 0.7121135468750001 0.4581926296875 0.6978491484375 0.44612275468749996 0.6912655812499999 0.4208857453125 0.6947288671875 0.4049598625 0.7132108078125 0.4022323046875 0.7175998515625001 0.4219830078125 0.73625329375 0.4252747890625 0.75161495 0.4329556171875 0.7669766046875 0.42966383593749996 0.7867273078125 0.4088158703125 0.80538075 0.41210765625 0.8218396671875 0.396746 0.8437848953125 0.38906516875 0.8657301171875 0.3868706484375 0.881091778125 0.3835788640625 0.9052315234374999 0.4011350421875 0.911815090625 0.4143021796875 0.915106875 0.4208857453125 0.9875261171874999 0.44063644843749994 0.9985865078125 0.4369057578125 0.9985865078125 0.2884682578125 0.98423433125 0.2979924890625 0.9622891046875001 0.2837280890625 0.9359548359375 0.2694636953125 0.9052315234374999 0.29250617968750003 0.8898698671874999 0.2903116609375 0.915106875 0.267269171875 0.921690440625 0.24861573125 0.921690440625 0.24093490312500002 0.8887726046875001 0.24093490312500002 0.8624383359375001 0.2288650265625 0.84488215625 0.2200869375 0.824034190625 0.2135033703125 0.8481739375 0.2014335 0.867924640625 0.1882663625 0.8887726046875001 0.2003362390625 0.8942589109375 0.21021158906249998 0.923884965625 0.2058225421875 0.923884965625 0.2146006328125 0.9568028015625 0.2288650265625 0.9754562421875 0.23764311718750003 0.9798452843750001 0.23544859843750002 0.9985865078125 0.2533120078125 0.9985865078125 0.0111245078125 0.932630421875 0.0010586046875 0.671875 0 0.66056910625 0.0095274375 0.6325160890625 0.01217395 0.6265271671875 0.033552526562500004 0.63859704375 0.044525140625 0.6693203546875 0.0906101140625 0.64956965625 0.09609641875 0.640461171875 0.0819135
3 0.7721646765625 0.927185746875 0.7875263359375 0.9151158703125001 0.8028879921875 0.9041432578125 0.8182496484374999 0.9096295671875 0.835805828125 0.9216994375 0.8555565312500001 0.91731039375 0.85445926875 0.87890625 0.8577510546875 0.8415993671875001 0.835805828125 0.8042924843750001 0.8094715593749999 0.79551439375 0.7820400265624999 0.7834445234375 0.75680301875 0.788930828125 0.734857796875 0.8031952265625 0.722787921875 0.8185568828124999 0.707426265625 0.83940484375 0.706329003125 0.86354459375 0.7194961375 0.886587078125 0.7293714890625 0.9096295671875 0.7557057578124999 0.926088484375 0.7721646765625 0.927185746875
3 0.55907596875 0.8564476296875 0.5872173984375 0.8467808 0.5913130734375 0.8677711328125 0.6029664171875 0.8827818984375 0.6249116453125 0.8981435546875 0.6435650859375001 0.915699734375 0.6666075703125001 0.9178942578125 0.6797747078125 0.8937545124999999 0.68087196875 0.8542531046875 0.68087196875 0.8345024015625 0.6633157890625 0.8169462234375 0.6523431765625001 0.79829278125 0.636365496875 0.7960968203125 0.620522596875 0.79939004375 0.5963828515625 0.7741530359375 0.564562278125 0.7807366015625 0.5513951406250001 0.7917092140624999 0.5404225265625 0.8081681328125001 0.5360214609375 0.82323066875 0.548308484375 0.8396133671875001 0.55907596875 0.8564476296875
3 0.2061231265625 0.882124690625 0.1930086828125 0.8938810609375001 0.187469684375 0.9095562218750001 0.1918587296875 0.915042528125 0.1973450359375 0.9347932312499999 0.15894089218750002 0.9347932312499999 0.1407888265625 0.9307421359375001 0.12602305625000002 0.9402795375 0.1064875484375 0.9665792921874999 0.0757699875 0.9911533421875 0.079850303125 0.99711766875 0.310319053125 0.99711766875 0.31584924999999997 0.964419284375 0.320486565625 0.9486607140625001 0.3250942 0.9348378109375 0.32611811875 0.9153833546874999 0.3394290625 0.8969528171875 0.34986434843750003 0.8854164750000001 0.32901638437499997 0.8700548171875001 0.31036294375 0.8788329078125001 0.2928067640625 0.8634712499999999 0.2653752328125 0.8535958984375001 0.226089203125 0.8697909953125 0.214901215625 0.871152078125 0.2061231265625 0.882124690625
3 0.664301171875 0.9435463359374999 0.664301171875 0.9320105671875 0.65952775 0.9212703671875 0.647196409375 0.9180880859375 0.6332739296875001 0.906552315625 0.62014701875 0.8938231921875 0.6074178984375 0.884276346875 0.593893203125 0.8703538703125 0.586335284375 0.8484756875 0.5580925390625 0.855238034375 0.54735234375 0.837337703125 0.5286564421875 0.8329620656250001 0.5063804734375 0.8202329421875 0.48450229375 0.8102883171874999 0.4662041765625 0.804719325 0.44631491875 0.7987525468750001 0.42364116406249996 0.7995481171875001 0.40733197656250003 0.8071060359375 0.3977851328125 0.8182440156249999 0.3814759421875 0.8409177703124999 0.37033795625 0.8635915234375 0.3623822546875 0.8814918515624999 0.3512442734375 0.885469703125 0.3405040734375 0.8974032578125 0.3269793796875 0.9133146640625001 0.3253882390625 0.9339994921875 0.3210126015625 0.9483197546875 0.314250253125 0.9658223015624999 0.3114657578125 0.9948606171875 0.6484375 0.99609375 0.652765403125 0.9916783359375 0.6678812390625 0.9821314921875001 0.6778258671875 0.9741757890624999 0.6786214375 0.9618444484375 0.6734502296875 0.9518998203125 0.664301171875 0.9435463359374999