3 0.12587691406249998 0.7295918359375 0.14819834375000002 0.7614795937500001 0.15776466718749999 0.7997448984375 0.138632015625 0.8316326515625001 0.138632015625 0.85714285625 0.1274713 0.8890306125 0.137037628125 0.9161352031250001 0.1689253828125 0.92410714375 0.1705197703125 0.8858418359375 0.1912468125 0.8603316328125 0.2311065046875 0.8587372453125001 0.2327008953125 0.9017857140625001 0.261399871875 0.8922193875 0.2980707890625 0.9225127546874999 0.32836415625000004 0.9384566328125 0.32676976875 0.9703443875 0.34375 0.99609375 0.3793845671875 0.9815051015625 0.38257334374999996 0.9559948984375 0.38257334374999996 0.9161352031250001 0.39054528125 0.9033801015625 0.3937340546875 0.8730867343750001 0.40011160625000003 0.84598214375 0.40011160625000003 0.8268494890625 0.3857621171875 0.8252551015625 0.34430803593750003 0.8077168359375 0.339524871875 0.7806122453125 0.374601403125 0.7901785703125 0.3937340546875 0.7965561203125 0.4479432390625 0.8045280625 0.4702646671875 0.7806122453125 0.494180484375 0.759885203125 0.521285078125 0.7630739796875 0.54679528125 0.7407525515625 0.5754942609375 0.7008928562500001 0.593032528125 0.7200255109375 0.6297034453125 0.708864796875 0.6520248703125 0.6785714296875 0.6839126296875 0.7279974484375 0.7158003828124999 0.7614795937500001 0.7397161984375 0.7295918359375 0.7684151796875 0.7136479609374999 0.7875478328125001 0.69132653125 0.8162468125 0.6482780625 0.7907366062500001 0.587691328125 0.7668207890625001 0.5573979609374999 0.7604432390625 0.5015943875 0.749282528125 0.43781887812500003 0.71101721875 0.39317601875 0.6791294640625 0.3820153046875 0.6663743625 0.36926020312499996 0.6871014015625 0.33418367187500003 0.6759406875 0.30229591718750004 0.6663743625 0.283163265625 0.6631855859375 0.268813778125 0.6376753828124999 0.23054846874999999 0.6089764015625 0.22257653125000001 0.580277421875 0.22257653125000001 0.5563616062500001 0.2098214296875 0.5260682390625 0.19387755 0.49577487187499997 0.18271683593750002 0.44953762812500003 0.18112245 0.42562181250000003 0.1651785703125 0.40011160625000003 0.1731505109375 0.374601403125 0.17474489843750002 0.339524871875 0.169961734375 0.32995854687500004 0.18909438750000002 0.31879783281249996 0.2098214296875 0.296476403125 0.2209821453125 0.2645886484375 0.2337372453125 0.224728953125 0.2528698984375 0.2358896671875 0.27519132812499997 0.22632334375 0.29432398125 0.20719068749999997 0.327806121875 0.2040019140625 0.359693878125 0.20081313750000002 0.3740433671875 0.183274871875 0.38679846875 0.1705197703125 0.4011479609375 0.1705197703125 0.44419642968749995 0.18646364843750002 0.4617346953125 0.202407528125 0.5 0.216757015625 0.5191326515625 0.202407528125 0.568558671875 0.2135682390625 0.6004464296875 0.1848692609375 0.61320153125 0.1545758953125 0.6243622453125 0.1609534453125 0.6434948984375 0.15776466718749999 0.6753826515625 0.1513871171875 0.6977040828125001 0.12587691406249998 0.7295918359375
1 0.08761160625 0.31026785625 0.130660078125 0.2895408171875 0.1928412 0.2512755109375 0.218351403125 0.2193877546875 0.258211096875 0.197066328125 0.2645886484375 0.1635841828125 0.30285395312499996 0.1396683671875 0.31401466718750004 0.1014030625 0.2996651796875 0.08386479687500001 0.26777742187500003 0.112563778125 0.261399871875 0.125318878125 0.2486447703125 0.1332908171875 0.2135682390625 0.126913265625 0.180086096875 0.15242346874999999 0.14819834375000002 0.1731505109375 0.11631058593750002 0.1875 0.08601721875 0.2082270390625 0.058912628125 0.2321428546875 0.0413743625 0.27359693749999997 0.0413743625 0.3038903046875 0.08761160625 0.31026785625
1 0.43032906562499995 0.5928404375 0.40271732031249996 0.578222453125 0.3880993359375 0.5571075890625 0.3742934640625 0.5278716203125 0.36373603125 0.5059446484375 0.3409969453125 0.49132666406250003 0.3385606171875 0.51406575 0.3515543796875 0.5376169453124999 0.3661723640625 0.55954391875 0.3848508984375 0.5855314453125 0.399468878125 0.5969009890625 0.4019052109375 0.6163916328125 0.4205837453125 0.6058342 0.43032906562499995 0.5928404375
1 0.599247984375 0.501071984375 0.5935632140625 0.5327442812500001 0.5878784421875001 0.5692892421875 0.6041206484375 0.535992721875 0.608993309375 0.51162941875 0.61792651875 0.4961993234375 0.6081812 0.470211796875 0.599247984375 0.501071984375
1 0.775016621875 0.33244680781249997 0.7658743359375 0.359873671875 0.7667054531249999 0.388962765625 0.7658743359375 0.4197140984375 0.770029921875 0.42885638281249994 0.77667885625 0.40226063593749994 0.7824966765625 0.3789893625 0.7833277937500001 0.3457446796875 0.775016621875 0.33244680781249997
1 0.667904715625 0.0826075828125 0.66726434375 0.11206455 0.672387296875 0.1536885234375 0.675589140625 0.1761014328125 0.6819928281250001 0.15112704999999999 0.6813524609375 0.1261526640625 0.6807120890625 0.10117827812499999 0.6730276640625 0.078125 0.667904715625 0.0826075828125
1 0.5359887296875 0.15304815624999998 0.5315061484375 0.172259221875 0.5231813515625 0.1927510234375 0.5398309421875 0.1812243859375 0.54879610625 0.163294059375 0.5539190578125 0.144723359375 0.54495389375 0.133196721875 0.5359887296875 0.15304815624999998
1 0.0498407 0.5728036875 0.0498407 0.5897505421875 0.0498407 0.609239425 0.0650928671875 0.59822396875 0.074413640625 0.5787350859375 0.0794976953125 0.5550094921875 0.0642455265625 0.5507727765625 0.0498407 0.5728036875
1 0.124406859375 0.6168655078125 0.10491797656249999 0.6372017343749999 0.10576532031250001 0.6533012453125 0.125254203125 0.6397437625 0.1396590265625 0.6261862812500001 0.1489798 0.6151708250000001 0.13372762968750002 0.6075447390625001 0.124406859375 0.6168655078125
1 0.19049959375 0.6566906171875 0.19897301875 0.6694007578125001 0.2226986171875 0.6702481015624999 0.24134015625 0.665164046875 0.2320193875 0.6516065625 0.2074464484375 0.6516065625 0.19049959375 0.6566906171875
1 0.21761456250000002 0.6922790109375 0.22693533124999998 0.6871949578125001 0.2091411328125 0.680416215625 0.178636796875 0.6922790109375 0.18880490625 0.7024471250000001 0.21761456250000002 0.6922790109375
1 0.908646590625 0.5755585734374999 0.9237432078125 0.5925422703125001 0.9199690500000001 0.5708408828125 0.908646590625 0.548195953125 0.8926064296874999 0.5330993359375 0.8954370468749999 0.5557442625 0.908646590625 0.5755585734374999
1 0.9294044375 0.5330993359375 0.938839825 0.5283816406249999 0.9303479765624999 0.50856733125 0.9161948984375 0.49630132812500005 0.901098278125 0.5010190234375 0.9124207421874999 0.516115640625 0.9294044375 0.5330993359375
1 0.9426139796875 0.5548007265625 0.9831861406250001 0.563292575 0.99609375 0.55859375 0.99609375 0.546875 0.9784684499999999 0.538760565625 0.9416704421875 0.5368734921875 0.9426139796875 0.5548007265625