1 0.23561550000000003 0.65720016875 0.21771425 0.68942353125 0.21031605 0.7204959765625001 0.2540910046875 0.6875527890625001 0.28133877812499997 0.656131628125 0.2931758984375 0.6280184656250001 0.265802559375 0.6272786453125 0.23561550000000003 0.65720016875
1 0.4164115265625 0.71790540625 0.42960832031249996 0.666437921875 0.43158783593749994 0.6433435390625 0.4144320125 0.651921453125 0.39527107031250003 0.6849846125 0.3893525078125 0.7360321953125 0.38671875 0.7825696796875 0.39265730468750004 0.78322951875 0.401895059375 0.7508973828125 0.4164115265625 0.71790540625
1 0.7932942703125 0.32691169531250003 0.8073508515625001 0.32691169531250003 0.8473011359375 0.27808357031250003 0.8391631171875 0.26698626875000003 0.821407434375 0.2677260890625 0.7999526515625 0.281782671875 0.7895951718750001 0.303237453125 0.7814571484374999 0.314334753125 0.76666075 0.31211529374999997 0.7792376875 0.3209931328125 0.77775805 0.332830253125 0.7932942703125 0.32691169531250003
1 0.9382990046874999 0.4090317234375 0.946437028125 0.40755208125 0.9427379265625 0.4245679453125 0.9582741484374999 0.42530776562500006 0.9649325265625001 0.411251184375 0.9841678515625001 0.394975140625 0.9730705499999999 0.3809185625 0.950136125 0.3713008984375 0.930160984375 0.37721946093750003 0.9124053046875 0.3920158625 0.8983487234374999 0.392755684375 0.8902107000000001 0.3883167625 0.895389440625 0.4068122625 0.8998283624999999 0.41569010625 0.9064867421875 0.411251184375 0.9382990046874999 0.4090317234375
1 0.6755652109375 0.528423953125 0.6956380203125 0.5037286921875 0.7015565828125 0.49115175000000005 0.6786221593749999 0.49337121093749997 0.6630859375 0.5074277921875 0.6468098953125 0.5348011359375 0.6408913359375 0.558475378125 0.6297940343749999 0.5791903406250001 0.6253551140625 0.5969460234375 0.64163115625 0.5865885421875 0.6592161796875 0.5552830703125 0.6755652109375 0.528423953125
1 0.7703598484375 0.7486091375 0.7703598484375 0.7360321953125 0.7533439875 0.7338127375 0.7341086640625 0.7515684171875 0.7271959453125 0.7680532109375 0.71487334375 0.7819010421875 0.7259706453125 0.8114938437499999 0.7341086640625 0.7856001406249999 0.7511245265625 0.7804214015625 0.7718394890625 0.7641453593749999 0.7703598484375 0.7486091375
1 0.170365765625 0.5085819140625001 0.17776396875 0.5085819140625001 0.186641809375 0.493045690625 0.1711055859375 0.4812085703125 0.1614879265625 0.5004438906249999 0.170365765625 0.5085819140625001
1 0.8502604187499999 0.09798176875 0.8510002374999999 0.12461529375 0.8644701093749999 0.1194519921875 0.8650568171874999 0.10833925 0.8502604187499999 0.09798176875
1 0.7518643468749999 0.074307528125 0.7526041671875 0.0654296875 0.73928740625 0.0461943671875 0.724491003125 0.047674003124999996 0.7341086640625 0.075047346875 0.7518643468749999 0.074307528125
1 0.34348366406249997 0.07874645 0.33682528437500003 0.08688446875 0.3405243828125 0.11721709375 0.3516216875 0.1120383515625 0.34348366406249997 0.07874645
1 0.5572916671875 0.048413825 0.5639500468749999 0.0350970625 0.548413825 0.01956084375 0.541015625 0.0461943671875 0.552852746875 0.053592565625 0.5572916671875 0.048413825
3 0.358280065625 0.316228690625 0.35458096562499997 0.316228690625 0.347182765625 0.3302852734375 0.341264203125 0.3399029375 0.34496330468749997 0.356918796875 0.3775153875 0.341382575 0.374556109375 0.3680160984375 0.3997099921875 0.37393465937500003 0.40784801249999997 0.37393465937500003 0.41302675000000005 0.38503196093750003 0.40784801249999997 0.39316998124999997 0.364198625 0.4146247625 0.40118962968750005 0.436079546875 0.4293027921875 0.431640625 0.430782434375 0.44273792500000003 0.45445667500000003 0.4309008046875 0.4729521796875 0.43755918749999995 0.487748578125 0.42794152343749997 0.4973662421875 0.39169034062499997 0.5129024609374999 0.378373578125 0.5158617421875 0.3976089015625 0.528438684375 0.39908854374999997 0.528438684375 0.3635771796875 0.559511125 0.3717152 0.5876242890625 0.3879912421875 0.6120383515625 0.439038825 0.6534682765625 0.4486564875 0.7274502843749999 0.4664121671875 0.7370679453125 0.45975378906250003 0.7452059656250001 0.43977864375 0.724491003125 0.45383522656249997 0.7008167609375 0.4419981046875 0.6978574796875 0.431640625 0.7015565828125 0.42350260625 0.7629616484375 0.42350260625 0.7792376875 0.41536458125 0.7207919031250001 0.4146247625 0.7570430859374999 0.3961292625 0.7466856046875 0.3887310625 0.7807173281249999 0.3731948390625 0.7940340906250001 0.3487807765625 0.7459457859375 0.370975378125 0.7422466875 0.352479875 0.7585227265625 0.33472419531250003 0.78811553125 0.3043915703125 0.7962535515625 0.27405895 0.772579309375 0.2681403875 0.7858960703125 0.2400272265625 0.7770182296875 0.2326290234375 0.7644412890625001 0.2385475859375 0.7466856046875 0.23558830468749997 0.7629616484375 0.20895478125000003 0.7496448859375 0.1948982 0.728929925 0.22819010468749998 0.7355883046875 0.20377604218749998 0.7378077656250001 0.1778823390625 0.7326290234374999 0.1764026984375 0.7141335234375 0.2096946015625 0.7200520828125 0.1793619796875 0.7074751406249999 0.1727035984375 0.700076940625 0.183061078125 0.6919389218750001 0.21265388281250003 0.6867601796875 0.175662878125 0.6911991015625001 0.1453302546875 0.674923059375 0.1438506171875 0.6534682765625 0.175662878125 0.6534682765625 0.14902935625 0.6423709765625001 0.146070075 0.6423709765625001 0.22375118437500002 0.63571259375 0.17196377812500002 0.6216560125 0.1623461171875 0.6127781718749999 0.1741832390625 0.6179569140625001 0.23336884375000003 0.6098188906249999 0.2082149609375 0.6053799718749999 0.17196377812500002 0.6157374531250001 0.1290542140625 0.5942826718750001 0.1497691765625 0.5846650078125 0.1608664765625 0.5802260890625 0.1334931328125 0.58688446875 0.11129853125 0.5750473484375 0.09280303125 0.5632102265625 0.14902935625 0.5646898671875 0.1320134953125 0.5743075281250001 0.088364109375 0.577266809375 0.0654296875 0.5654296875 0.0661695078125 0.5417554453125 0.14754971562500002 0.54397490625 0.09724195 0.5373165234374999 0.09798176875 0.54397490625 0.060990765625 0.5239997625 0.032137784375 0.5173413828125 0.05507220625 0.5062440828125 0.06247040625 0.49810606249999995 0.10390033125 0.5055042609375 0.0417554453125 0.48626893750000005 0.061730585937500006 0.4773910984375 0.049153643749999996 0.472212359375 0.10094105 0.46481415625 0.10981889062500001 0.46185487500000005 0.0957623125 0.431522253125 0.072088065625 0.44113991406249997 0.098721590625 0.434481534375 0.09798176875 0.41746567187499994 0.0706084296875 0.41524621093749997 0.07356770625 0.450757575 0.17196377812500002 0.4196851328125 0.11277817187500001 0.4115471125 0.1142578125 0.39749053125 0.085404828125 0.39231178906249997 0.08688446875 0.3982303515625 0.1068596125 0.39453125 0.11129853125 0.396010890625 0.12387547343750001 0.41080729375 0.1608664765625 0.41228693281249995 0.174923059375 0.40118962968750005 0.1778823390625 0.3886126875 0.1579071953125 0.36937736718749997 0.1394116953125 0.376775565625 0.16604521875 0.363458809375 0.150508996875 0.358280065625 0.158647015625 0.3797348484375 0.1778823390625 0.39231178906249997 0.21117424218749997 0.42560369218750005 0.24816524687500002 0.39527107031250003 0.220791903125 0.3627189875 0.21117424218749997 0.3566789375 0.21855652343749998 0.345703125 0.210434421875 0.31906960156249997 0.1926787421875 0.31906960156249997 0.1971176609375 0.338304925 0.2230113625 0.382694128125 0.27479876875000003 0.3516216875 0.280717328125 0.345703125 0.28737571093750003 0.341264203125 0.29551373124999997 0.358280065625 0.316228690625
3 0.248046875 0.5085819140625001 0.23546993437500002 0.5085819140625001 0.2310310125 0.5270774140625 0.2310310125 0.5448330968749999 0.255445075 0.5389145359375 0.248046875 0.5500118359374999 0.23399029374999997 0.565548059375 0.22437263281250003 0.5736860781249999 0.20217803124999997 0.5773851796875 0.2125355125 0.5966205 0.2140151515625 0.6069779843750001 0.23990885468749998 0.6032788828125 0.22289299218749997 0.614376184375 0.2273319140625 0.6254734843749999 0.21327533125000003 0.638790246875 0.2125355125 0.6602450281250001 0.22437263281250003 0.6432291671875 0.248046875 0.6424893468749999 0.2628432765625 0.6202947453125 0.298354640625 0.62399384375 0.2894768 0.65432646875 0.26432291874999997 0.688358190625 0.2672821953125 0.6920572921875 0.254705253125 0.7268288359375 0.2613636375 0.736446496875 0.27320075781250003 0.7194306328125 0.2783795 0.7268288359375 0.296875 0.6964962109374999 0.308712121875 0.6905776515625 0.295395359375 0.7201704531249999 0.30575284062499997 0.72756865625 0.322768703125 0.6964962109374999 0.33016690312499997 0.7164713546875 0.34644294531250003 0.7098129734375 0.363458809375 0.6706025078125 0.3849135890625 0.6432291671875 0.3886126875 0.6225142031249999 0.3797348484375 0.5855232 0.364198625 0.566287878125 0.34496330468749997 0.5485321953125 0.3420040234375 0.5315163359375 0.3212890625 0.5011837109374999 0.2798591375 0.49896425000000005 0.266542375 0.4997040703125 0.2576645359375 0.493045690625 0.252485796875 0.5056226328125 0.26358309687500003 0.521898675 0.26358309687500003 0.5307765156250001 0.246567234375 0.52633759375 0.248046875 0.5085819140625001
3 0.8672762765625001 0.40870620312500006 0.8739346609374999 0.34952059687500003 0.870235559375 0.341382575 0.8613577187500001 0.3791133984375 0.852479875 0.341382575 0.8428622140625001 0.3391631171875 0.8406427546874999 0.39169034062499997 0.8302852734374999 0.38577178125 0.8302852734374999 0.359878078125 0.8206676140625 0.359878078125 0.8125295937500001 0.37245501875000003 0.8228870734375 0.40426728125 0.8029119328125001 0.39316998124999997 0.7999526515625 0.37393465937500003 0.7836766093749999 0.38207267968749997 0.80365175 0.419803503125 0.7947739109375 0.41536458125 0.7703598484375 0.3879912421875 0.7703598484375 0.4064867421875 0.7688802078125 0.4368193671875 0.7607421875 0.44495738749999997 0.7444661453125 0.471590909375 0.75778290625 0.5011837109374999 0.7518643468749999 0.5181995734375 0.736328125 0.5241181328125 0.7304095625 0.5285570546875 0.73336884375 0.5596295 0.748905065625 0.5825639218750001 0.7688802078125 0.59957978125 0.7829367890625 0.6121567234375 0.7992128328125 0.634351325 0.8125295937500001 0.6424893468749999 0.8510002374999999 0.5988399609374999 0.8746744812499999 0.5522312968749999 0.8902107000000001 0.4945253328125 0.9094460234374999 0.43755918749999995 0.9079663828125 0.4072265625 0.9035274609374999 0.4220229640625 0.894649621875 0.40870620312500006 0.8887310625 0.38503196093750003 0.8791133984374999 0.41018584375 0.8672762765625001 0.40870620312500006
3 0.46111505781249995 0.7638198390625 0.47369199999999995 0.7593809171875 0.47369199999999995 0.7786162421875 0.46185487500000005 0.8059895812500001 0.47147253906250003 0.8045099421874999 0.4929273203125 0.7956321015625 0.49440696093750003 0.8022904843750001 0.5077237218749999 0.7993312031250001 0.510683 0.7786162421875 0.5262192234375 0.7327473953125 0.5402758046875 0.7438446953125 0.5402758046875 0.7956321015625 0.541015625 0.8304036437500001 0.5491536453125 0.831883284375 0.5550722078125 0.823745265625 0.5558120265625 0.7978515625 0.5521129265625 0.7652994796875 0.5646898671875 0.7682587578125 0.5794862703125 0.7830551609375 0.5942826718750001 0.8119081453125 0.6039003328125 0.8141276062499999 0.6046401515625 0.8059895812500001 0.5957623125 0.7845348015625 0.5920632109375 0.7712180390625 0.5765269890625 0.7601207390625 0.5691287890625001 0.7438446953125 0.5831853703125 0.74606415625 0.5957623125 0.7438446953125 0.5839251875 0.7357066765625 0.5602509453125 0.7186908125 0.5461943671875 0.6994554921875 0.5402758046875 0.67578125 0.5387961640625 0.66838305 0.5580314875 0.6713423281249999 0.56838896875 0.688358190625 0.5935428515625001 0.7098129734375 0.59724195 0.712772253125 0.5950224921875 0.6979758515625 0.5861446484374999 0.6794803515625001 0.5802260890625 0.6410097078125 0.58984375 0.6469282656249999 0.6075994328125 0.6550662890625001 0.6246152921875 0.6743016093749999 0.6379320546875 0.6654237703125 0.64163115625 0.6609848484375 0.6120383515625 0.6498875468749999 0.59280303125 0.6321318671875 0.5720880671875 0.619554925 0.5521129265625 0.5966205 0.5646898671875 0.5921815828125 0.5913233906250001 0.6121567234375 0.6186967343750001 0.6276929453125 0.6246152921875 0.6247336640625 0.601680871875 0.6032788828125 0.5669093281250001 0.578125 0.6105587109374999 0.5944010421875 0.6186967343750001 0.5936612218749999 0.6105587109374999 0.5803444609375 0.5913233906250001 0.5640684171875 0.5602509453125 0.5729462578125 0.54397490625 0.5884824796875 0.5262192234375 0.5862630203125 0.5144105 0.6008267921875 0.5395359843749999 0.6202947453125 0.5461943671875 0.6402698859375 0.533617425 0.6528468281250001 0.5158617421875 0.6669034093749999 0.5003255203125 0.6461884453125 0.50915545625 0.6323570625 0.5114228203125 0.614376184375 0.5099431828125 0.6091974421875 0.5003255203125 0.5973603203125 0.49514678125 0.5936612218749999 0.48922821875 0.5825639218750001 0.4685132578125 0.5803444609375 0.46481415625 0.5426136359375 0.4537168546875 0.5426136359375 0.452237215625 0.5707268 0.44317545 0.5471085578125 0.4285781015625 0.5430213015625001 0.42565863281249994 0.5739676765625 0.41598603125 0.5677675203125 0.41281296875000006 0.5523636015625 0.3947122578125 0.5587864328125 0.3847860625 0.5751354656250001 0.38343395 0.5958806828125 0.40044981249999995 0.5796046406250001 0.406368371875 0.5877426609375 0.3999673 0.6054979453125 0.413396859375 0.6107529875 0.4110612859375 0.6259342296875 0.4368665546875 0.637404984375 0.458895596875 0.6587653875 0.44187973437499994 0.6913174718749999 0.47073271875 0.6868785515625 0.44113991406249997 0.717211175 0.4440991953125 0.7283084765625001 0.46111505781249995 0.7238695546875 0.450757575 0.7542021796875 0.46111505781249995 0.7638198390625
1 0.7207919031250001 0.516719934375 0.728929925 0.521898675 0.736328125 0.516719934375 0.7496448859375 0.5130208328125 0.7526041671875 0.50784209375 0.7415068671875 0.4945253328125 0.72417903125 0.49324178906249994 0.7200520828125 0.5056226328125 0.7207919031250001 0.516719934375
1 0.7067353203125 0.1194365546875 0.7126538828125 0.14902935625 0.7311493828125 0.17344341875 0.7318892031249999 0.1364524140625 0.7067353203125 0.1194365546875
1 0.7503847078125 0.098721590625 0.73928740625 0.10611979375 0.7511245265625 0.12313565156249999 0.7600023671875 0.1164772734375 0.7503847078125 0.098721590625
3 0.37307646875 0.786014440625 0.35570629375 0.7759712859375 0.35458096562499997 0.7926728203125 0.36123934687500003 0.7963719218749999 0.3543866140625 0.8313978046875 0.36715790625 0.8474195078125 0.3627189875 0.858516809375 0.34274384375 0.858516809375 0.3431693390625 0.8670291375 0.3636243671875 0.871648015625 0.3570259734375 0.8874841640625 0.379460515625 0.92113598125 0.41228693281249995 0.9354580984374999 0.41228693281249995 0.9480350390625001 0.371596828125 0.9657907187499999 0.39595650312499997 0.9706239453125001 0.40118962968750005 0.978367659375 0.363458809375 0.9724491015625001 0.3671875 0.99609375 0.484375 0.99609375 0.48996803906249997 0.991684421875 0.504764440625 0.9472952187500001 0.5092033625 0.9036458312500001 0.5114228203125 0.8119081453125 0.4870087578125 0.809688684375 0.44705847656250003 0.8148674249999999 0.46555397656249997 0.7800958796875 0.43004261250000003 0.7778764218750001 0.40453441874999996 0.778610640625 0.386058909375 0.8155616562500001 0.37307646875 0.786014440625
3 0.954575046875 0.3169685125 0.9826882109374999 0.32510653437500003 0.9826882109374999 0.278497871875 0.9849076718750001 0.25186434687500003 0.9782492890625001 0.20895478125000003 0.9627130671874999 0.1985973015625 0.9627130671874999 0.210434421875 0.9538352265625001 0.20895478125000003 0.9479166687499999 0.1911991015625 0.931640625 0.1793619796875 0.9294211640625001 0.1956380203125 0.9138849421874999 0.1727035984375 0.8990885437499999 0.1682646796875 0.8783735781249999 0.1704841375 0.8909505187500001 0.1956380203125 0.8850319609374999 0.2185724421875 0.8576586171875 0.1948982 0.857676628125 0.22135416718749998 0.8583984375 0.245205965625 0.8583984375 0.2718394875 0.8776337578125 0.326586175 0.913145125 0.3302852734375 0.913145125 0.2888553515625 0.9294211640625001 0.27109966874999997 0.946437028125 0.2570430859375 0.96197325 0.27405895 0.9597537890625001 0.29329426875000003 0.954575046875 0.3169685125