1 0.076497396875 0.2039930546875 0.116644965625 0.20326967499999998 0.13726128437500001 0.1801215296875 0.13020833437499998 0.1649305546875 0.11610243125 0.1605902796875 0.07703993125 0.1808449078125 0.076497396875 0.2039930546875
1 0.2468533 0.1786747671875 0.26475694375000003 0.1649305546875 0.2734375 0.1453993046875 0.26638455 0.1345486125 0.248480903125 0.13310185000000002 0.23546006875 0.1540798625 0.2468533 0.1786747671875
1 0.12369791562500002 0.2857349546875 0.14485677187499998 0.2980324078125 0.16710069375 0.3002025453125 0.18500434062499999 0.2842881953125 0.19151475625 0.2560763875 0.16710069375 0.2394386578125 0.15028211875 0.24160879531249999 0.12369791562500002 0.2589699078125 0.11501736250000001 0.2727141203125 0.0927734375 0.2640335671875 0.10416666562500002 0.2864583328125 0.10579427187499998 0.2936921296875 0.12369791562500002 0.2857349546875
1 0.0027126750000000003 0.30888309999999997 0.006510415625 0.3023726828125 0.023871528125 0.2835648171875 0.035807290625 0.2727141203125 0.022786459375000002 0.2604166671875 0.004340278125 0.25390625 0.0027126750000000003 0.30888309999999997
1 0.4806857625 0.0636574078125 0.49207899375 0.0535300921875 0.49207899375 0.027488425 0.46712239687499996 0.0354456 0.46440972187499996 0.0658275453125 0.4806857625 0.0636574078125
1 0.634223090625 0.0752314828125 0.657552084375 0.05208333281250001 0.6467013875000001 0.0405092578125 0.623372396875 0.0354456 0.63038793125 0.0510855671875 0.634223090625 0.0752314828125
1 0.09765625 0.9584780078125 0.11067708437499998 0.9469039328125 0.12586805625 0.9338831000000001 0.11393229062500002 0.9092881953124999 0.10145399375 0.8948206000000001 0.08409288125 0.8861400453125 0.062391493750000006 0.8854166671874999 0.029839409374999997 0.9013310171875 0.0146484375 0.9208622671875 0.0021701374999999997 0.9121817125 0.0027126750000000003 0.9454571749999999 0.013020834375000002 0.9353298625 0.01953125 0.9425636578125 0.029296875 0.9620949078125 0.0564236125 0.9657118046875001 0.077582465625 0.9657118046875001 0.09765625 0.9584780078125
1 0.374348959375 0.8116319453124999 0.3781467 0.7805266203125 0.364583334375 0.7819733796875 0.334743925 0.7769097203124999 0.29839409687499996 0.8015046296874999 0.283203125 0.8340567125 0.227864584375 0.8232060171875 0.25282118124999997 0.8420138875 0.2560763875 0.8615451375 0.284830728125 0.8543113421875 0.3396267375 0.8564814828125 0.353190103125 0.8362268500000001 0.374348959375 0.8116319453124999
1 0.334051725 0.9067688374999999 0.319683909375 0.8788314171874999 0.301125478125 0.8716475078125001 0.27289496562500004 0.8666087953125 0.257423371875 0.9059706249999999 0.249640803125 0.9482758625000001 0.2652059375 0.9873882500000001 0.28125 0.9958333328125001 0.3232758625 0.9833971921875 0.330403646875 0.9483506953124999 0.333658853125 0.9295428250000001 0.334051725 0.9067688374999999
1 0.0314670125 0.6676794 0.061848959375 0.6582754625 0.0954861125 0.6307870375 0.1025390625 0.617042825 0.08897569375 0.6047453703125 0.06944444375 0.597511575 0.052625868750000006 0.6004050921874999 0.03038194375 0.6199363421874999 0.011393228125 0.6380208328125 0.0010850687499999998 0.6553819453124999 0.0021701374999999997 0.6749131953124999 0.016818575 0.6676794 0.0314670125 0.6676794
1 0.227864584375 0.7212094921875 0.244140625 0.7081886578125001 0.244140625 0.6973379625 0.2365451375 0.6727430546875001 0.231119790625 0.6604456 0.21484375 0.6582754625 0.18717447812500002 0.6640625 0.1708984375 0.6814236124999999 0.15299479062500002 0.6727430546875001 0.15733506875 0.691550925 0.14539930625 0.7154224546875 0.16547309062499999 0.711082175 0.17957899375 0.7284432875 0.19911024375 0.730613425 0.227864584375 0.7212094921875
1 0.42643229062500004 0.6712962953125 0.42643229062500004 0.632957175 0.41558159687499996 0.6235532421875 0.39116753437499996 0.6705729171875 0.382486978125 0.7197627328125 0.373806425 0.7595486124999999 0.38682725625000003 0.769675925 0.38953993124999997 0.7472511578125001 0.40201822812500004 0.7255497671875 0.4177517375 0.6937210671875 0.42643229062500004 0.6712962953125
1 0.564778646875 0.6886574078125001 0.5544704874999999 0.6647858796875 0.5441623250000001 0.6597222203124999 0.5360243062500001 0.6647858796875 0.518120659375 0.6763599546875 0.506184896875 0.6995081 0.48773871562500004 0.7045717578125 0.4861111125 0.7364004625 0.49479166562500004 0.7241030078125 0.526801215625 0.7335069453124999 0.5555555562500001 0.72265625 0.56640625 0.6944444453124999 0.564778646875 0.6886574078125001
1 0.6043836812500001 0.6770833328125 0.5832248250000001 0.6857638875000001 0.569661459375 0.7009548624999999 0.560980903125 0.730613425 0.582682290625 0.7364004625 0.6141493062500001 0.7219328703125 0.6271701375000001 0.6987847203124999 0.626627603125 0.6879340296875001 0.614691840625 0.6741898171875 0.6043836812500001 0.6770833328125
1 0.648871528125 0.7798032421875 0.6369357625000001 0.7725694453124999 0.6179470499999999 0.7834201375000001 0.6032986124999999 0.8058449078125 0.5897352437500001 0.8383969921875 0.576714409375 0.8615451375 0.5929904500000001 0.8528645828125001 0.611979165625 0.8478009249999999 0.628255209375 0.8282696749999999 0.653754340625 0.8094618046875001 0.6618923624999999 0.7848669 0.648871528125 0.7798032421875
1 0.5859375 0.91796875 0.5593532999999999 0.9273726828125 0.540364584375 0.9490740750000001 0.518120659375 0.9794560171875 0.521918403125 0.9917534703124999 0.5479600687499999 0.9910300921875 0.5734592000000001 0.9859664328125 0.589192709375 0.9714988421875 0.6141493062500001 0.9411168999999999 0.6065538187499999 0.9317129625 0.5859375 0.91796875
1 0.426974825 0.8478009249999999 0.41341145937499996 0.8977141203125001 0.41124131875 0.9346064828125 0.432400175 0.9273726828125 0.46006944375 0.8998842578125 0.47309027812500004 0.8485243046875001 0.46061197812500004 0.8203125 0.426974825 0.8478009249999999
1 0.153537325 0.45789930468750006 0.1687283 0.4361979171875 0.146484375 0.3978587953125 0.126953125 0.39424190000000003 0.10416666562500002 0.4050925921875 0.0906033 0.42824074218749997 0.068359375 0.45066550781250003 0.039605034375 0.46730324218749997 0.040690103125 0.4839409703125 0.047200521875 0.5128761578125001 0.061848959375 0.47960069531249994 0.094943575 0.4890046296875 0.12532552187499998 0.47453703750000004 0.153537325 0.45789930468750006
1 0.903862846875 0.24450231718749998 0.8875868062500001 0.25535300781250003 0.872395834375 0.2567997671875 0.868598090625 0.2662037046875 0.872395834375 0.2900752328125 0.8848741312499999 0.31105324218749997 0.911458334375 0.3002025453125 0.91796875 0.2821180546875 0.914713540625 0.2560763875 0.903862846875 0.24450231718749998
1 0.8338758687500001 0.2763310171875 0.830078125 0.3146701375 0.8544921875 0.3233506953125 0.8680555562500001 0.3146701375 0.8680555562500001 0.2973090296875 0.855034721875 0.2705439828125 0.8436414937500001 0.2647569453125 0.8338758687500001 0.2763310171875
1 0.810004340625 0.2126736125 0.810004340625 0.19892939999999998 0.810004340625 0.1475694453125 0.7980685750000001 0.1692708328125 0.787760415625 0.1960358796875 0.7937282999999999 0.2133969921875 0.810004340625 0.2126736125
1 0.849609375 0.261863425 0.8506944437499999 0.20471643281250002 0.843098959375 0.2155671296875 0.8349609375 0.20905671250000002 0.8279079875 0.2293113421875 0.82736545 0.2727141203125 0.849609375 0.261863425
1 0.858832465625 0.2199074078125 0.8604600687499999 0.24811921250000002 0.864800346875 0.2763310171875 0.8729383687500001 0.2589699078125 0.884331596875 0.2322048625 0.8810763875 0.20109953749999998 0.869683159375 0.2105034703125 0.858832465625 0.2199074078125
1 0.7888454874999999 0.2734375 0.796440971875 0.300925925 0.803493925 0.3016493046875 0.8127170125 0.2799479171875 0.81325955 0.25245949218749997 0.81325955 0.2358217578125 0.810546875 0.2155671296875 0.795355903125 0.2141203703125 0.789388021875 0.22424768281250002 0.7810434875000001 0.23722807031249998 0.772026909375 0.20688657500000002 0.772026909375 0.21122685 0.771484375 0.2365451375 0.757378471875 0.25028934999999997 0.7638888875000001 0.261863425 0.7790798624999999 0.2647569453125 0.7736545125000001 0.2857349546875 0.7823350687499999 0.285011575 0.7888454874999999 0.2734375
1 0.717230903125 0.2625868046875 0.735677084375 0.25390625 0.751410590625 0.23726851718750003 0.743815103125 0.22497106718749998 0.743815103125 0.20688657500000002 0.7237413187499999 0.1866319453125 0.708550346875 0.1945891203125 0.693901909375 0.20905671250000002 0.6857638875000001 0.2170138875 0.673828125 0.21484375 0.6808810750000001 0.2293113421875 0.674370659375 0.24088541718749998 0.685221353125 0.2394386578125 0.6911892374999999 0.24739583281250002 0.717230903125 0.2625868046875
1 0.6640625 0.1801215296875 0.6613498250000001 0.1627604171875 0.6494140625 0.15263310000000002 0.6336805562500001 0.1569733796875 0.6092664937500001 0.18373842499999998 0.595160590625 0.1945891203125 0.6043836812500001 0.2170138875 0.6092664937500001 0.20471643281250002 0.6141493062500001 0.2097800921875 0.6325954874999999 0.21195023281249997 0.654296875 0.2061631953125 0.6640625 0.1801215296875
1 0.537109375 0.2365451375 0.5311414937500001 0.2510127328125 0.536566840625 0.25028934999999997 0.5490451375000001 0.24739583281250002 0.553385415625 0.2647569453125 0.576171875 0.2792245375 0.5946180562500001 0.2777777796875 0.60546875 0.2690972203125 0.625 0.2604166671875 0.6271701375000001 0.24667245468750001 0.6212022562499999 0.2387152796875 0.6114366312499999 0.2105034703125 0.604926215625 0.2199074078125 0.5929904500000001 0.20543981718749998 0.5691189249999999 0.2141203703125 0.5506727437500001 0.2322048625 0.5490451375000001 0.2235243046875 0.5343967000000001 0.2141203703125 0.537109375 0.2365451375
1 0.795355903125 0.40075231718750004 0.7937282999999999 0.3884548625 0.773111978125 0.3739872671875 0.7590060750000001 0.3812210671875 0.742730034375 0.4058159703125 0.7253689249999999 0.4152199078125 0.7264539937500001 0.4361979171875 0.734049478125 0.4246238421875 0.747612846875 0.4427083328125 0.766059028125 0.4304108796875 0.790473090625 0.41956018281249996 0.795355903125 0.40075231718750004
1 0.819769965625 0.43981481718750004 0.8067491312499999 0.4231770828125 0.796440971875 0.42100694531249994 0.7725694437499999 0.4296875 0.767144096875 0.4636863421875 0.7530381937499999 0.46513309999999997 0.7443576375000001 0.4658564828125 0.7443576375000001 0.4759837953125 0.7595486124999999 0.47743055468750006 0.777994790625 0.47743055468750006 0.8056640625 0.46006944531249994 0.819769965625 0.43981481718750004
1 0.6993272562499999 0.31105324218749997 0.697699653125 0.2900752328125 0.68359375 0.2683738421875 0.665690103125 0.2734375 0.6494140625 0.3038194453125 0.643988715625 0.3146701375 0.6325954874999999 0.30888309999999997 0.633138021875 0.3276909703125 0.648871528125 0.3363715296875 0.6640625 0.3291377328125 0.6895616312499999 0.3298611125 0.6993272562499999 0.31105324218749997
1 0.6797960062499999 0.3370949078125 0.6618923624999999 0.3370949078125 0.652669271875 0.3291377328125 0.6336805562500001 0.3537326375 0.625542534375 0.37471065000000003 0.598958334375 0.3754340296875 0.6277126749999999 0.38700809999999997 0.6494140625 0.39207175781250003 0.669487846875 0.3776041671875 0.685221353125 0.3508391203125 0.6797960062499999 0.3370949078125
1 0.27452256875000003 0.53096065 0.26475694375000003 0.5164930546875001 0.248480903125 0.49913194531249994 0.2224392375 0.5034722203124999 0.206705728125 0.5172164328125 0.1877170125 0.5439814828125 0.17415364687499998 0.5497685171875 0.178493925 0.5721932875 0.19856770937499998 0.56278935 0.22081163125 0.5888310171875 0.2392578125 0.5808738421874999 0.255533853125 0.5519386578125001 0.27452256875000003 0.53096065
1 0.23546006875 0.43764467500000004 0.26421440937499996 0.4267939828125 0.27940538125000003 0.4166666671875 0.2880859375 0.4036458328125 0.30327690937499996 0.3971354171875 0.295681425 0.3812210671875 0.27398003437499996 0.3689236125 0.24793836875 0.359519675 0.233832465625 0.3754340296875 0.2072482625 0.40219907499999996 0.200737846875 0.40219907499999996 0.17740885312500002 0.40436921249999996 0.18391927187499998 0.42028356718750004 0.18500434062499999 0.4318576375 0.19694010312500002 0.4246238421875 0.2077908 0.4304108796875 0.23546006875 0.43764467500000004
1 0.38628472187499996 0.3993055546875 0.4123263875 0.3833912046875 0.42643229062500004 0.37471065000000003 0.43565538125 0.343605325 0.43565538125 0.3175636578125 0.41829427187499996 0.30888309999999997 0.39767795 0.3211805546875 0.3781467 0.3385416671875 0.36187065937499996 0.3609664328125 0.354275175 0.3732638875 0.33311631875000003 0.3768807875 0.3396267375 0.3833912046875 0.34125434062500004 0.3993055546875 0.35210503437499996 0.3848379625 0.3640408 0.3927951375 0.38628472187499996 0.3993055546875
1 0.220269096875 0.2987557875 0.218098959375 0.324074075 0.230034721875 0.2900752328125 0.230034721875 0.265480325 0.224066840625 0.2495659703125 0.220269096875 0.2799479171875 0.220269096875 0.2987557875
1 0.559895834375 0.29296875 0.5544704874999999 0.2806712953125 0.546875 0.265480325 0.530598959375 0.261863425 0.511067709375 0.2676504625 0.49696180625 0.2864583328125 0.49207899375 0.2980324078125 0.5002170125000001 0.3197337953125 0.524088540625 0.3298611125 0.537109375 0.3219039328125 0.5544704874999999 0.3103298625 0.56640625 0.3067129625 0.559895834375 0.29296875
1 0.5848524312500001 0.35300925781250003 0.5821397562499999 0.33347800781250003 0.5734592000000001 0.320457175 0.5517578125 0.3146701375 0.542534721875 0.320457175 0.521918403125 0.32841434999999997 0.504557290625 0.3414351828125 0.4806857625 0.35300925781250003 0.4812283 0.3703703703125 0.49967447812500004 0.3624131953125 0.5197482625000001 0.3833912046875 0.550130209375 0.3927951375 0.571831596875 0.36964699218749997 0.5848524312500001 0.35300925781250003
1 0.623372396875 0.37109375 0.6277126749999999 0.3457754625 0.6141493062500001 0.3349247671875 0.589192709375 0.3414351828125 0.587565103125 0.3580729171875 0.5712890625 0.3754340296875 0.5772569437499999 0.3927951375 0.615776909375 0.3899016203125 0.625 0.382667825 0.5935329874999999 0.37471065000000003 0.623372396875 0.37109375
1 0.712890625 0.4079861125 0.6863064249999999 0.3927951375 0.6580946187500001 0.3927951375 0.6407335062499999 0.4072627328125 0.6298828125 0.40653934999999997 0.628255209375 0.41160300781250003 0.635308159375 0.43836805468750006 0.6515842000000001 0.43764467500000004 0.68359375 0.43547453750000004 0.7199435750000001 0.4152199078125 0.712890625 0.4079861125
1 0.718315971875 0.3298611125 0.703667534375 0.3407118046875 0.68359375 0.3609664328125 0.6515842000000001 0.39424190000000003 0.687934028125 0.39207175781250003 0.7090928812499999 0.39207175781250003 0.726996528125 0.3776041671875 0.7400173624999999 0.3544560171875 0.7335069437499999 0.3457754625 0.718315971875 0.3298611125
1 0.8311631937499999 0.3370949078125 0.8165147562499999 0.324074075 0.802408853125 0.3407118046875 0.7883029500000001 0.3363715296875 0.7883029500000001 0.339988425 0.801323784375 0.3660300921875 0.817599825 0.382667825 0.843098959375 0.3833912046875 0.8517795125 0.3602430546875 0.8311631937499999 0.3370949078125
1 0.46223958437499996 0.6488715296875001 0.49370659687499996 0.6380208328125 0.520833334375 0.6184895828125 0.5392795125000001 0.5888310171875 0.52981321875 0.5763090671875 0.502274903125 0.5739144328125 0.4861111125 0.5571519796875 0.45977011562500003 0.5587484046875 0.43342911875 0.5898786703125001 0.42643229062500004 0.6098090296875001 0.4025607625 0.6105324078125001 0.40473090312500004 0.6322337953125 0.4296875 0.6242766203125 0.44270833437499996 0.6474247671875 0.45030381875 0.6278935171875 0.46223958437499996 0.6488715296875001
1 0.5078125 0.48828125 0.5067274312500001 0.4499421296875 0.46820746562500004 0.4564525453125 0.432400175 0.4817708328125 0.42371961875 0.4933449078125 0.39496527812500004 0.4861111125 0.3955078125 0.5179398171875 0.412868925 0.5164930546875001 0.45084635312500004 0.52734375 0.48177083437499996 0.519386575 0.5078125 0.48828125
1 0.517035590625 0.379050925 0.49424913125 0.3956886578125 0.46278211875 0.4108796296875 0.45844184062500004 0.4369212953125 0.47417534687499996 0.43981481718750004 0.5088975687499999 0.4521122671875 0.5430772562499999 0.4289641203125 0.5674913187499999 0.4094328703125 0.557183159375 0.40075231718750004 0.517035590625 0.379050925
1 0.44487847187499996 0.3153935171875 0.44759114687499996 0.3370949078125 0.46820746562500004 0.3392650453125 0.49153645937499996 0.3197337953125 0.49750434062500004 0.3117766203125 0.48828125 0.2842881953125 0.47309027812500004 0.285011575 0.44487847187499996 0.3153935171875
1 0.2170138875 0.5020254625 0.2419704875 0.49985532499999996 0.239800346875 0.4911747671875 0.203450521875 0.47815393281249996 0.18229166562500002 0.4911747671875 0.1584201375 0.5266203703125 0.14268663125 0.5324074078125001 0.16004774375 0.558449075 0.17578125 0.5815972203124999 0.16927083437499998 0.5454282421875 0.185546875 0.5374710671875 0.19856770937499998 0.5208333328125 0.2170138875 0.5020254625
1 0.810004340625 0.5642361124999999 0.8279079875 0.5497685171875 0.8349609375 0.52372685 0.823567709375 0.5121527796875001 0.807291665625 0.5013020828125 0.8029513875 0.5070891203125 0.7839626749999999 0.5266203703125 0.7557508687500001 0.5475983796875 0.7497829874999999 0.5606192125 0.7373046875 0.5613425921874999 0.7400173624999999 0.5736400453125 0.7492404500000001 0.5787037046875 0.7628038187499999 0.5787037046875 0.789388021875 0.5714699078125001 0.810004340625 0.5642361124999999
1 0.7801649312500001 0.5830439828125 0.772026909375 0.6127025453125 0.7644314249999999 0.636574075 0.752495659375 0.6640625 0.782877603125 0.6351273171875 0.799153646875 0.6105324078125001 0.8127170125 0.574363425 0.810004340625 0.57002315 0.7801649312500001 0.5830439828125
1 0.748697915625 0.535300925 0.728081596875 0.5215567125 0.703125 0.5230034703124999 0.692816840625 0.5613425921874999 0.6749131937499999 0.5729166671875 0.6814236124999999 0.5801504625 0.675455728125 0.5967881953124999 0.708550346875 0.5750868046875001 0.7264539937500001 0.5591724546875 0.748697915625 0.535300925
1 0.29188368124999997 0.2712673625 0.29296875 0.2567997671875 0.2907986125 0.2300347203125 0.27235243124999997 0.22497106718749998 0.2734375 0.2546296296875 0.29188368124999997 0.2712673625
1 0.34233940937499996 0.43909143281249996 0.3439670125 0.4340277796875 0.335286459375 0.41883680468750006 0.31955295 0.40002893281249996 0.29730902812500004 0.4050925921875 0.27777777812500004 0.4296875 0.240885415625 0.4448784703125 0.25010850625000003 0.45934606718750004 0.28211805624999997 0.4644097203125 0.314127603125 0.4730902796875 0.32769097187499996 0.44921875 0.34233940937499996 0.43909143281249996
1 0.506184896875 0.5063657421875 0.4806857625 0.538917825 0.509440103125 0.52734375 0.5409071187500001 0.5150462953125 0.575629340625 0.5034722203124999 0.5750868062500001 0.48683449218749997 0.5393917625 0.4533844203125 0.52143199375 0.4677522328125 0.506184896875 0.5063657421875
1 0.6971571187500001 0.4535590296875 0.712890625 0.4419849546875 0.7009548624999999 0.4253472203125 0.687934028125 0.4369212953125 0.6618923624999999 0.43909143281249996 0.6434461812500001 0.4542824078125 0.639105903125 0.4665798625 0.634223090625 0.47019675781250003 0.6179470499999999 0.47019675781250003 0.623372396875 0.4875578703125 0.640190971875 0.47960069531249994 0.674370659375 0.47670717500000004 0.6971571187500001 0.4535590296875
1 0.677083334375 0.5287905078125 0.6651475687499999 0.5230034703124999 0.6521267374999999 0.5172164328125 0.623372396875 0.5251736124999999 0.598958334375 0.5374710671875 0.5995008687500001 0.5447048624999999 0.61542145625 0.5507662828125001 0.6472439249999999 0.5591724546875 0.6662326375000001 0.5461516203125 0.6776258687500001 0.5302372671875 0.677083334375 0.5287905078125
1 0.419921875 0.4448784703125 0.40418836875 0.4521122671875 0.41937934062500004 0.4759837953125 0.43891059062500004 0.4542824078125 0.46440972187499996 0.3935185171875 0.43077256875 0.4152199078125 0.419921875 0.4448784703125