1 0.074797453125 0.8123553234375 0.074797453125 0.8015046296874999 0.074797453125 0.771846065625 0.0661168984375 0.7313368046875001 0.059904153125000005 0.7088658171875 0.04803240625 0.703125 0.0335648171875 0.715422453125 0.0335648171875 0.7335069453124999 0.040798609375 0.7609953703125 0.059606481249999996 0.7848668984375 0.059606481249999996 0.8051215265625 0.069733796875 0.8268229187499999 0.074797453125 0.8123553234375
1 0.914641203125 0.751591434375 0.9262152765625 0.744357640625 0.914641203125 0.7262731484375 0.9110243046875001 0.7190393515625 0.9001736093750001 0.7262731484375 0.8936631953124999 0.7233796296875 0.870515046875 0.7118055546875001 0.8546006953124999 0.68359375 0.8488136562499999 0.703125 0.8625578703125001 0.7233796296875 0.8640046296874999 0.740017359375 0.892216434375 0.7530381953124999 0.9066840265625 0.7486979171875 0.9059606484374999 0.7356770828125 0.914641203125 0.751591434375
1 0.9008969921875 0.78125 0.9182581015625001 0.8036747703125 0.9305555546875001 0.8224826406249999 0.9399594921875 0.8058449062499999 0.9233217578125 0.788483796875 0.911747684375 0.7573784734375 0.8987268515625001 0.752314815625 0.9008969921875 0.78125
1 0.6744791671875 0.3877314796875 0.6889467578125 0.382667825 0.6827408546875 0.369302675 0.672506140625 0.3599208515625 0.66738878125 0.3522448125 0.6499044765625 0.341583653125 0.6302879375 0.33774563281250003 0.62047966875 0.3475539015625 0.604049715625 0.3602871171875 0.607204859375 0.3747106484375 0.6158854171875 0.379050925 0.63396990625 0.379050925 0.655671296875 0.38483796406250004 0.6744791671875 0.3877314796875
1 0.8083043984374999 0.3624131953125 0.8206018515625001 0.3993055546875 0.8292824062499999 0.4058159734375 0.8444733796874999 0.4058159734375 0.8394097234375 0.38411458125000003 0.8285590265625 0.3508391203125 0.82421875 0.321903934375 0.8083043984374999 0.3624131953125
1 0.5572916671875 0.183015046875 0.5479837609375 0.19062158906249999 0.5415870625 0.204694325 0.5424399578125 0.21961995 0.5587384265625001 0.2235243046875 0.568142359375 0.197482640625 0.56674740625 0.1880629109375 0.5572916671875 0.183015046875
1 0.34895833125000003 0.45428240625000005 0.325810184375 0.4463252296875 0.325810184375 0.45789930468750006 0.346064815625 0.46875 0.3713831015625 0.48177083125 0.3981481484375 0.470920140625 0.36921296406250004 0.4499421296875 0.34895833125000003 0.45428240625000005
1 0.19921875 0.3913483796875 0.1767939796875 0.378327546875 0.1536458328125 0.400028934375 0.13556134375 0.3913483796875 0.12688078593750002 0.419560184375 0.1240424796875 0.427076078125 0.15436921406249998 0.412326390625 0.17173032500000002 0.41739004687500003 0.199942128125 0.397858796875 0.19921875 0.3913483796875
1 0.21151620312500002 0.568576390625 0.19126157500000002 0.5692997703125 0.19415509375 0.575810184375 0.20645254687499998 0.5989583328125 0.2324942140625 0.6025752296875 0.247685184375 0.5859375 0.23032407500000002 0.5649594921875 0.21151620312500002 0.568576390625
1 0.935619215625 0.5678530078125 0.921875 0.5794270828125 0.9197048593750001 0.5866608796875 0.921875 0.5902777765625 0.9233217578125 0.5895543984375 0.9450231484374999 0.595341434375 0.9609375 0.5852141203125 0.9565972234375 0.5779803234374999 0.935619215625 0.5678530078125
1 0.8987268515625001 0.4239004640625 0.8741319453124999 0.4137731484375 0.857494215625 0.4072627296875 0.8328993046875001 0.419560184375 0.833622684375 0.439091434375 0.857494215625 0.4448784734375 0.90234375 0.4528356484375 0.916087965625 0.46151620312499997 0.9283854187499999 0.4521122703125 0.9225983796874999 0.447048609375 0.8987268515625001 0.4239004640625
1 0.4001930234375 0.531233359375 0.3981481484375 0.520109953125 0.3806409734375 0.495041265625 0.3395543984375 0.47598379687500003 0.347511575 0.5013020828125 0.3502728984375 0.51958533125 0.35900891874999996 0.52873735625 0.36816094062500004 0.5150093203125 0.371904953125 0.531649359375 0.390209 0.5328973640625 0.4001930234375 0.531233359375
1 0.8459201406249999 0.8854166687499999 0.850983796875 0.8528645812500001 0.834346065625 0.8514178234375 0.8046875 0.8774594921875 0.8234953703125001 0.8984375 0.8459201406249999 0.8854166687499999
1 0.2411747703125 0.0434027765625 0.24623842499999998 0.05859375 0.26215277656249997 0.044849535937500004 0.2440682859375 0.0347222234375 0.2411747703125 0.0434027765625
1 0.45818865625000005 0.137442128125 0.4589120359375 0.14250578593750002 0.4697627296875 0.143952546875 0.482783565625 0.1381655078125 0.463252315625 0.12297453437500001 0.450954859375 0.1302083328125 0.45818865625000005 0.137442128125
1 0.4668692140625 0.35300925781250003 0.48423032343749994 0.3508391203125 0.480078125 0.336328125 0.469921875 0.338671875 0.463252315625 0.33637152656249997 0.4668692140625 0.35300925781250003
1 0.8466435203125 0.149016203125 0.8256655078125 0.158420140625 0.8430266203125001 0.166377315625 0.8625578703125001 0.166377315625 0.8466435203125 0.149016203125
3 0.3514536921875 0.33295612812500003 0.3367644484375 0.3302358984375 0.30121527656249997 0.3088831015625 0.2390046296875 0.29875578593749996 0.2173032421875 0.26837384375 0.1782407421875 0.26837384375 0.1362847234375 0.2821180546875 0.11820022968749999 0.26041666874999997 0.1196469921875 0.24667245312500002 0.147858796875 0.238715278125 0.147858796875 0.224247684375 0.1710069453125 0.204716434375 0.150752315625 0.1576967578125 0.1471354171875 0.1497395828125 0.1319444453125 0.1280381953125 0.11892360937499999 0.12008102031250001 0.11820022968749999 0.09476273125 0.10662615625 0.09476273125 0.0740740734375 0.0991030078125 0.045862268750000004 0.10416666875 0.040798609375 0.104890046875 0.027777776562500002 0.10923032343750001 0.004629628125 0.1215277765625 0.001736109375 0.970775465625 0.011140046875 0.9686053234375 0.04803240625 0.9295428234375 0.0581597234375 0.9092881953124999 0.053096065625 0.8825231484374999 0.0328414328125 0.8615451406249999 0.051649304687499994 0.859375 0.089265046875 0.8405671296874999 0.1225405078125 0.8427372703125 0.138454859375 0.873119215625 0.0985418796875 0.8959071359375 0.1325436484375 0.902233046875 0.15942876875 0.9085589578125 0.2201967578125 0.9071180546875001 0.2158564796875 0.947627315625 0.203559028125 0.970775465625 0.23828125 0.982349534375 0.23046875 0.99609375 0.48046875 0.99609375 0.47771990625000005 0.9649884265625 0.4755497703125 0.9425636562499999 0.4589120359375 0.925202546875 0.462528934375 0.9020543984374999 0.49074074218749997 0.8781828703125001 0.541377315625 0.9035011562499999 0.6079282421875 0.9035011562499999 0.62384259375 0.925202546875 0.6281828703125 0.9917534734375 0.82421875 0.99609375 0.8603877296875 0.8969907421875 0.9175024890625 0.90247845 0.9565972234375 0.814525465625 0.9956597234375 0.8022280078125 0.9949363437500001 0.0434027765625 0.9652777765625 0.07595485937499999 0.9240451406249999 0.0788483796875 0.8948159140625 0.0972608796875 0.898769609375 0.12572748125 0.9348958312500001 0.1627604171875 0.9580439796875 0.173611109375 0.9544270812500001 0.1888020828125 0.9522569453124999 0.2162905078125 0.9327256953124999 0.193142359375 0.931278934375 0.2285879640625 0.9305555546875001 0.2350983796875 0.950810184375 0.28790509375 0.9059606484374999 0.2647569453125 0.9225983796874999 0.24884259375 0.908130784375 0.219184028125 0.9088541687499999 0.185908565625 0.9059606484374999 0.18084490625 0.8943865734375 0.20760995312500002 0.8763020812500001 0.185908565625 0.8683449062499999 0.1996527765625 0.877025465625 0.224247684375 0.8553240734375 0.234375 0.8502604187499999 0.22641782500000002 0.8357928234375 0.20978009375 0.8357928234375 0.1938657421875 0.834346065625 0.1743344921875 0.8249421296874999 0.1692708328125 0.8162615734375 0.1453993046875 0.810474534375 0.1331018515625 0.7931134265625001 0.138888890625 0.7540509265625001 0.1519097234375 0.7381365734374999 0.154079859375 0.7222222234375 0.1280381953125 0.6918402765625 0.1164641203125 0.6788194453124999 0.1157407421875 0.660734953125 0.1352719921875 0.659765625 0.148828125 0.64296875 0.148828125 0.652734375 0.16328125 0.639453125 0.175 0.65390625 0.175 0.65703125 0.184765625 0.670703125 0.18046875 0.680859375 0.18984375 0.696484375 0.19140625 0.704861109375 0.1996527765625 0.6903935203125 0.210503471875 0.655671296875 0.2010995359375 0.6375868046875001 0.21484375 0.6397569453124999 0.24884259375 0.6571180546875001 0.28790509375 0.650607640625 0.30743634375 0.638310184375 0.31105324218749997 0.6223958328125 0.33709490625 0.6513310203125 0.342158565625 0.6889467578125 0.36458333125000003 0.7005208328125 0.3877314796875 0.74103009375 0.4253472234375 0.8715644875 0.550538590625 0.7034143515625 0.392795140625 0.7272858796875 0.419560184375 0.7352430546875001 0.45717592656250006 0.728732640625 0.4463252296875 0.665798609375 0.41811342656250006 0.658564815625 0.4434317140625 0.6744791671875 0.46875 0.650607640625 0.4839409734375 0.8067837109375 0.8802990421875 0.8061342578125 0.8796296296874999 0.649142075 0.4833595828125 0.638310184375 0.4940682859375 0.618778934375 0.5070891203125 0.58984375 0.47670717656250006 0.5442708328125 0.45572916875 0.5154253203125 0.458433171875 0.48838525 0.46467319218750003 0.45818865625000005 0.478877315625 0.4255690890625 0.494209265625 0.41142505468749996 0.5112653078125 0.4080970421875 0.5391373796875001 0.361920925 0.5366413750000001 0.33159722343750003 0.5230034734375 0.3003527703125 0.5366413750000001 0.23878460937499998 0.57366546875 0.250016640625 0.5865615 0.2308805890625 0.6027855421874999 0.20192373125000002 0.6019582031249999 0.19760050468749998 0.587809503125 0.1913604875 0.567841453125 0.2117445421875 0.5653454484375 0.23171259375000003 0.562433440625 0.23828125 0.57146990625 0.2997685203125 0.534577546875 0.31449680468749996 0.5008652812500001 0.33738425781250003 0.4875578703125 0.3250868046875 0.459346065625 0.3467881953125 0.470920140625 0.377170140625 0.48032407343749994 0.4082754640625 0.4694733796875 0.372829859375 0.4484953703125 0.3461128875 0.45260916093750003 0.3352141203125 0.44126157343749994 0.34027777656249997 0.4325810203125 0.2771122390625 0.41623228125 0.34057277343750003 0.4319724921875 0.3742766203125 0.4456018515625 0.40176504687500003 0.43764467656250006 0.41550925781250003 0.4094328703125 0.3974247703125 0.3797743046875 0.346064815625 0.368923609375 0.37065972343750003 0.3682002296875 0.3757233796875 0.34649884375 0.3514536921875 0.33295612812500003
1 0.0704571765625 0.886140046875 0.11593813281250001 0.88404605 0.1372803515625 0.8756822421875 0.13395234375 0.8623702078125 0.11892360937499999 0.845630784375 0.0733506953125 0.8420138906249999 0.0545428234375 0.8637152765625 0.0704571765625 0.886140046875
1 0.0881922265625 0.8898262765625 0.0723841828125 0.8894102765625 0.0668402765625 0.9020543984374999 0.06756365625 0.9157986093750001 0.09649884375 0.9324363437500001 0.10662615625 0.9396701406249999 0.111689815625 0.9331597234375 0.108796296875 0.9150752296875 0.0881922265625 0.8898262765625