1 0.548611109375 0.8239293984374999 0.582609953125 0.8369502296875 0.5956307859375001 0.826099534375 0.58984375 0.7826967578125 0.5760995359375001 0.7414641203125 0.5746527765625 0.69806134375 0.563078703125 0.6705729171875 0.521846065625 0.6684027765625 0.4979745359375 0.6720196765625001 0.46469907343749994 0.6973379640624999 0.443721065625 0.7392939796875 0.42853009374999995 0.7609953703125 0.4495081015625 0.7798032421875 0.47120949218749997 0.7942708328125 0.48712384374999995 0.8138020812500001 0.5109953703125 0.827546296875 0.5131655078125 0.8029513906249999 0.548611109375 0.8239293984374999
1 0.743923609375 0.8600983796874999 0.7591145828125 0.8572048593750001 0.782986109375 0.849971065625 0.758391203125 0.8347800937500001 0.748263890625 0.8174189796875 0.7229456015625 0.7971643515625 0.6983506953124999 0.8232060203125 0.6940104171875 0.8347800937500001 0.6715856484375 0.8543113437500001 0.6831597234375 0.8622685203125 0.6990740734374999 0.8579282421875 0.699797453125 0.8940972234375 0.697627315625 0.9215856484374999 0.714265046875 0.927372684375 0.7309027765625 0.8969907421875 0.743923609375 0.8600983796874999
1 0.09939235937499999 0.63006365625 0.150752315625 0.6286168984375 0.150752315625 0.612702546875 0.1341145828125 0.5794270828125 0.08709490625 0.5512152765625 0.0581597234375 0.525173609375 0.057436343749999993 0.5461516203125 0.035734953125 0.5526620359375001 0.011140046875 0.520109953125 0 0.5625 0.017650465625 0.57146990625 0.004629628125 0.5772569453124999 0.02850115625 0.595341434375 0.035734953125 0.61053240625 0.0827546296875 0.63006365625 0.09939235937499999 0.63006365625
1 0.1644965265625 0.5598958328125 0.19921875 0.5439814796875 0.191984953125 0.5287905078125 0.1297743046875 0.525173609375 0.08492476875 0.525173609375 0.07913773125 0.537471065625 0.128327546875 0.5678530078125 0.1644965265625 0.5598958328125
1 0.25925925781250003 0.5635127296875 0.22526041718749998 0.5584490734374999 0.21513310156249998 0.5461516203125 0.21368634375 0.5598958328125 0.19126157500000002 0.5656828703125 0.2173032421875 0.573640046875 0.2390046296875 0.5873842578125 0.275173609375 0.593171296875 0.2766203703125 0.5852141203125 0.25925925781250003 0.5635127296875
1 0.2780671296875 0.5230034734375 0.26432291874999997 0.5258969921875 0.28313078593749996 0.539641203125 0.304108796875 0.549045140625 0.3590856484375 0.549045140625 0.35040509375 0.536747684375 0.3127893515625 0.5230034734375 0.2780671296875 0.5230034734375
1 0.1811342578125 0.5092592578125 0.22598379687499998 0.5157696765625001 0.255642359375 0.5020254640624999 0.28313078593749996 0.500578703125 0.30338541874999997 0.5049189796875 0.28240740625 0.4911747703125 0.2997685203125 0.47526041875 0.2607060203125 0.4824942140625 0.23466435156249998 0.4824942140625 0.20572916718749998 0.48972800781250003 0.1811342578125 0.5092592578125
1 0.3446180546875 0.46223958125 0.3200231484375 0.46875 0.29832175781250003 0.4926215265625 0.32146990625 0.49696180468750006 0.34100115625 0.4911747703125 0.37644675781250003 0.48321759374999995 0.392361109375 0.478153934375 0.42201967656250006 0.44126157343749994 0.3786168984375 0.46223958125 0.3446180546875 0.46223958125
1 0.12905092499999998 0.4499421296875 0.12326389062500001 0.47381365625000005 0.1435185203125 0.4824942140625 0.1760706015625 0.47960069531249994 0.18547453593750002 0.46730324218749997 0.150752315625 0.4535590265625 0.12905092499999998 0.4499421296875
1 0.07552083125 0.3349247703125 0.049479168750000004 0.31756365625 0.048755785937500004 0.329861109375 0.01837384375 0.33058449218749997 0 0.34375 0.004629628125 0.35807291874999997 0.02633101875 0.35807291874999997 0.0545428234375 0.3682002296875 0.08709490625 0.3602430546875 0.113859953125 0.35807291874999997 0.07552083125 0.3349247703125
1 0.169560184375 0.398582175 0.128327546875 0.4072627296875 0.10445602031250001 0.419560184375 0.092158565625 0.4289641203125 0.1102430546875 0.44415509374999995 0.1377314796875 0.439814815625 0.1840277765625 0.4289641203125 0.22526041718749998 0.41015625 0.2245370359375 0.400752315625 0.169560184375 0.398582175
1 0.4892939796875 0.5107060203125 0.5153356484375 0.498408565625 0.49363425781250003 0.486111109375 0.470486109375 0.4745370359375 0.4379340265625 0.4730902765625 0.42129629687500003 0.4890046296875 0.385127315625 0.48032407343749994 0.39453125 0.49696180468750006 0.3778935203125 0.5041956015625 0.3778935203125 0.51287615625 0.4097222234375 0.49913194531249994 0.43214699218749997 0.5143229171875 0.4892939796875 0.5107060203125
1 0.6665219921875 0.5656828703125 0.68243634375 0.557002315625 0.6484375 0.5338541671875 0.609375 0.5258969921875 0.5855034734375 0.520109953125 0.5862268515625 0.5258969921875 0.5746527765625 0.5258969921875 0.5536747703125 0.5389178234374999 0.579716434375 0.5381944453124999 0.5789930546875001 0.554108796875 0.609375 0.5526620359375001 0.6079282421875 0.5678530078125 0.63396990625 0.5584490734374999 0.6665219921875 0.5656828703125
1 0.619502315625 0.6264467578125 0.6006944453124999 0.6025752296875 0.572482640625 0.5852141203125 0.560185184375 0.5656828703125 0.5572916671875 0.5779803234374999 0.5449942140624999 0.575810184375 0.533420140625 0.5729166671875 0.5471643515625 0.5873842578125 0.5594618046875001 0.6061921296875 0.5912905078125 0.627170140625 0.619502315625 0.6264467578125
1 0.755497684375 0.681423609375 0.7381365734374999 0.6676793984375 0.7135416671875 0.651765046875 0.6882233796875 0.6409143515625 0.6571180546875001 0.6380208328125 0.650607640625 0.612702546875 0.639033565625 0.6409143515625 0.6245659734375 0.6488715265625 0.62890625 0.6597222234375 0.6571180546875001 0.6604456015625 0.689670140625 0.6821469921875 0.7207754640624999 0.6821469921875 0.755497684375 0.681423609375
1 0.8589409734375 0.603298609375 0.8249421296874999 0.598234953125 0.8068576406249999 0.5996817140624999 0.79021990625 0.5866608796875 0.79021990625 0.5989583328125 0.7743055546875001 0.614872684375 0.8025173593750001 0.6170428234374999 0.8220486093750001 0.61993634375 0.856047453125 0.6242766203125 0.8611111093750001 0.617766203125 0.8589409734375 0.603298609375
1 0.72149884375 0.614872684375 0.704861109375 0.6112557859375001 0.6954571765625001 0.6206597234375 0.70703125 0.6286168984375 0.7236689796875 0.6329571765625001 0.72149884375 0.614872684375
1 0.7627314796875 0.720486109375 0.743923609375 0.6995081015625 0.724392359375 0.6973379640624999 0.7222222234375 0.7067418984375 0.69256365625 0.7074652765625 0.6838831015625 0.7096354171875 0.6882233796875 0.7219328703125 0.6795428234374999 0.7356770828125 0.7005208328125 0.7306134265625001 0.7106481484375 0.7306134265625001 0.7381365734374999 0.7255497703125 0.7627314796875 0.720486109375
1 0.8394097234375 0.546875 0.8249421296874999 0.5475983796875 0.8075810203125 0.5483217578125 0.8162615734375 0.5584490734374999 0.8480902765625 0.5707465265625 0.8791956015625001 0.5692997703125 0.86328125 0.5584490734374999 0.8394097234375 0.546875
1 0.9327256953124999 0.5186631953124999 0.9392361093750001 0.500578703125 0.9189814796875 0.49551504687500003 0.9008969921875 0.5013020828125 0.9110243046875001 0.517216434375 0.9327256953124999 0.5186631953124999
1 0.646267359375 0.4130497703125 0.6448206015625 0.4159432859375 0.6498842578125 0.43475115625000005 0.67303240625 0.4484953703125 0.6932870359375001 0.4340277765625 0.6549479171875 0.4108796296875 0.646267359375 0.4130497703125
1 0.7468171296875 0.459346065625 0.717158565625 0.46223958125 0.7005208328125 0.46223958125 0.6817129640624999 0.46368634374999995 0.6846064796875 0.4824942140625 0.7149884265625001 0.4890046296875 0.7323495359375001 0.49696180468750006 0.7649016203125 0.5041956015625 0.767795140625 0.4730902765625 0.7468171296875 0.459346065625
1 0.6563946765625001 0.48177083125 0.6477141203125 0.49913194531249994 0.675202546875 0.49913194531249994 0.699797453125 0.5230034734375 0.7280092578125 0.5193865734374999 0.728732640625 0.49913194531249994 0.6940104171875 0.4875578703125 0.6817129640624999 0.4911747703125 0.6563946765625001 0.48177083125
1 0.8111979187499999 0.447048609375 0.816984953125 0.42173032343749994 0.8220486093750001 0.4260706015625 0.8249421296874999 0.397858796875 0.8068576406249999 0.41521990625000005 0.794560184375 0.4434317140625 0.8111979187499999 0.447048609375
3 0.587673609375 0.261863425 0.5651895515625001 0.24654200781250002 0.5651895515625001 0.2305327859375 0.548611109375 0.2090567140625 0.5321038234375 0.18357240625 0.4808743171875 0.1761014328125 0.4147028671875 0.1761014328125 0.366675203125 0.18357240625 0.34027777656249997 0.2119502296875 0.3330439796875 0.22641782500000002 0.348234953125 0.263310184375 0.348234953125 0.2821180546875 0.3525752296875 0.28862847343750003 0.3786168984375 0.2727141203125 0.41912615625000005 0.31684027656249997 0.47265625 0.31756365625 0.5011526640625 0.3073770515625 0.5269097234375 0.2965856484375 0.577546296875 0.29152199218749997 0.560920421875 0.26682035625 0.587673609375 0.261863425
3 0.3352141203125 0.25896990625 0.3352141203125 0.23943865625 0.3352141203125 0.2206307859375 0.30121527656249997 0.1996527765625 0.269386575 0.1866319453125 0.2469618046875 0.183015046875 0.228877315625 0.166377315625 0.19343171406249998 0.1591435203125 0.1565393515625 0.15625 0.12905092499999998 0.15625 0.08203125 0.1576967578125 0.0625 0.1721643515625 0.04803240625 0.194589121875 0.0776909734375 0.24667245312500002 0.1420717578125 0.28718171406250004 0.1927083328125 0.3153935203125 0.24985532500000002 0.314670140625 0.30989583125000003 0.314670140625 0.3004918984375 0.2900752296875 0.35691550781250003 0.27994791874999997 0.3352141203125 0.25896990625
3 0.435763890625 0.720486109375 0.4104456015625 0.7197627296875 0.4567418984375 0.710358796875 0.4755497703125 0.6915509265625001 0.463252315625 0.6778067140624999 0.431423609375 0.6655092578125 0.43214699218749997 0.6329571765625001 0.404658565625 0.6387442140624999 0.38375170625 0.6393015703125 0.347464140625 0.6190232234375 0.32291666874999997 0.617766203125 0.2802372703125 0.6047453703125 0.25274884375 0.603298609375 0.2274305546875 0.5938946765625001 0.1905381953125 0.5924479171875 0.169560184375 0.5873842578125 0.1435185203125 0.6018518515625 0.1565393515625 0.6365740734374999 0.113859953125 0.63946759375 0.17173032500000002 0.6561053234374999 0.160879628125 0.68359375 0.2006655078125 0.7096354171875 0.21368634375 0.72265625 0.142795140625 0.713252315625 0.2021122703125 0.7284432859375001 0.24551504687499998 0.73712384375 0.30338541874999997 0.74725115625 0.3786168984375 0.771846065625 0.416232640625 0.7653356484375 0.43504050781250003 0.751591434375 0.44589120312499997 0.729890046875 0.435763890625 0.720486109375
3 0.909577546875 0.814525465625 0.8608265046874999 0.815403003125 0.8430266203125001 0.8181423593750001 0.8408564796875 0.8412905078125 0.869068284375 0.8723958312500001 0.90234375 0.8752893515625001 0.947193284375 0.8745659734375 0.9797453703125001 0.8904803234375 0.99609375 0.90234375 0.99609375 0.75390625 0.9558738437500001 0.7414641203125 0.9247685203125 0.7407407421875 0.8864293984374999 0.7306134265625001 0.85228825 0.7193476765625 0.83841359375 0.7278859296875 0.8362790312499999 0.7417605859374999 0.8683449062499999 0.7747395828125 0.890046296875 0.8029513906249999 0.909577546875 0.814525465625
3 0.4198495359375 0.3870081015625 0.4140625 0.363859953125 0.36993634375 0.3718171296875 0.36197916874999997 0.3407118046875 0.34244791874999997 0.33854166874999997 0.33449074218749997 0.3233506953125 0.28313078593749996 0.3233506953125 0.2368344921875 0.31828703593749996 0.2006655078125 0.3349247703125 0.24334490625 0.35590277656249997 0.23466435156249998 0.36603009375 0.2585358796875 0.36964699218749997 0.3004918984375 0.39496527656249997 0.3250868046875 0.412326390625 0.3713831015625 0.4072627296875 0.4198495359375 0.3870081015625
3 0.8075810203125 0.4130497703125 0.8249421296874999 0.3942418984375 0.8480902765625 0.4058159734375 0.8618344921875 0.397858796875 0.8878761562499999 0.400028934375 0.8980034734375 0.38917824218749997 0.888599534375 0.368923609375 0.8640046296874999 0.3522858796875 0.8372395812500001 0.3544560203125 0.8386863437500001 0.37615740625 0.8249421296874999 0.383391203125 0.792390046875 0.37254050781250003 0.733796296875 0.3544560203125 0.7258391203125 0.360966434375 0.7099247703125 0.3602430546875 0.7041377296875 0.3486689796875 0.6788194453124999 0.3479456015625 0.6368634265625001 0.3522858796875 0.6079282421875 0.33854166874999997 0.55584490625 0.310329859375 0.5276331015625 0.31828703593749996 0.51678240625 0.314670140625 0.4921875 0.32696759375 0.4950810203125 0.358796296875 0.5399305546875001 0.363136575 0.57537615625 0.378327546875 0.5254629640624999 0.388454859375 0.518952546875 0.41739004687500003 0.580439815625 0.41811342656250006 0.6368634265625001 0.4267939796875 0.64337384375 0.4065393515625 0.6867766203125 0.4253472234375 0.7012442140624999 0.4333043984375 0.685329859375 0.4499421296875 0.7540509265625001 0.4484953703125 0.794560184375 0.4289641203125 0.8075810203125 0.4130497703125
3 0.932002315625 0.458622684375 0.9370659734375 0.47598379687500003 0.974681715625 0.4824942140625 0.99609375 0.48046875 0.992766203125 0.4267939796875 0.953703703125 0.4325810203125 0.932002315625 0.458622684375
5 0 0.71875 0.027118698437499998 0.7064686203125 0.040782534375 0.71852495 0.09222286406249999 0.7265625 0.0448013125 0.738618828125 0.024707434375 0.7611239734375 0.0022022890625 0.7699652765625 0 0.84375 0.006221065625 0.8672196484375 0.03997878125 0.8623971203125 0.069717721875 0.8768647109375 0.05766139375 0.888117284375 0.00300604375 0.921875 0.00390625 0.99609375 0.15234375 0.99609375 0.2176086671875 0.9926054531249999 0.23104745312500002 0.9794560203125 0.2744502296875 0.962818284375 0.22670717499999998 0.9259259265625 0.2375578703125 0.8854166687499999 0.189814815625 0.886140046875 0.150752315625 0.8644386562499999 0.1840277765625 0.8449074062499999 0.16015625 0.7624421296875 0.1870659734375 0.7587127078125 0.21600115625 0.7466563796875 0.1942997703125 0.737011315625 0.1460744609375 0.716113684375 0.21085211718750002 0.7193476765625 0.1565232765625 0.679944703125 0.1724299890625 0.6585126375 0.1179986328125 0.6393015703125 0.07850922187500001 0.6478398234375 0.0464088203125 0.646186984375 0.0311374734375 0.606802984375 0 0.59765625 0 0.71875