1 0.5712890625 0.29658565000000003 0.5528428812499999 0.2886284703125 0.541449653125 0.2712673625 0.527886284375 0.2792245375 0.520833334375 0.3023726828125 0.5202907999999999 0.3269675921875 0.528971353125 0.3392650453125 0.546875 0.3537326375 0.571831596875 0.3537326375 0.577799478125 0.3392650453125 0.5750868062500001 0.3269675921875 0.5712890625 0.29658565000000003
1 0.3493923625 0.3370949078125 0.367838540625 0.3428819453125 0.38465711874999997 0.33203125 0.39930555624999997 0.3247974546875 0.38465711874999997 0.3175636578125 0.3662109375 0.3030960671875 0.353190103125 0.3038194453125 0.328776040625 0.3298611125 0.3493923625 0.3370949078125
1 0.5164930562500001 0.21484375 0.508355034375 0.24160879531249999 0.49858940937499996 0.27488425781250003 0.49967447812500004 0.285011575 0.521918403125 0.27488425781250003 0.5343967000000001 0.2640335671875 0.5392795125000001 0.25028934999999997 0.5295138875000001 0.22641782500000002 0.5164930562500001 0.21484375
1 0.2853732625 0.3624131953125 0.28862847187499996 0.3797743046875 0.29893663125000003 0.39424190000000003 0.3244357625 0.3913483796875 0.334743925 0.3812210671875 0.3249783 0.36964699218749997 0.30870225625000003 0.3624131953125 0.2853732625 0.3624131953125
1 0.662434896875 0.2669270828125 0.648871528125 0.2712673625 0.6418185750000001 0.2785011578125 0.640190971875 0.2900752328125 0.649956596875 0.2900752328125 0.664605034375 0.281394675 0.672200521875 0.2662037046875 0.677083334375 0.24450231718749998 0.662434896875 0.2669270828125
1 0.631510415625 0.20109953749999998 0.6228298624999999 0.22207754531249999 0.638020834375 0.2191840296875 0.659722221875 0.2256944453125 0.673285590625 0.2155671296875 0.6711154500000001 0.20760995468750001 0.6515842000000001 0.2003761578125 0.631510415625 0.20109953749999998
1 0.4833984375 0.0607638875 0.4709201375 0.06510416718749999 0.46223958437499996 0.0868055546875 0.45952690937499996 0.09765625 0.46495225625 0.10489004531249999 0.4736328125 0.1005497671875 0.4861111125 0.0933159703125 0.490993925 0.0752314828125 0.49671474375 0.0608974375 0.4833984375 0.0607638875
3 0.825240384375 0.7767094 0.81642628125 0.7393162375 0.792643228125 0.7024016203125 0.772026909375 0.6640625 0.748697915625 0.6372974546875 0.738932290625 0.6119791671875 0.736762153125 0.5758101828125 0.76171875 0.5512152796875001 0.797526040625 0.546875 0.8474392375 0.5721932875 0.863715278125 0.5982349546875 0.8767361125 0.5736400453125 0.870768228125 0.48032407499999996 0.8474392375 0.4463252328125 0.817599825 0.4246238421875 0.803493925 0.40002893281249996 0.7888454874999999 0.37109375 0.770941840625 0.3537326375 0.750325521875 0.3363715296875 0.713433159375 0.343605325 0.6911892374999999 0.3363715296875 0.6651475687499999 0.3385416671875 0.651041665625 0.3168402796875 0.624457465625 0.2864583328125 0.6027560750000001 0.2727141203125 0.565863715625 0.2705439828125 0.5479600687499999 0.27488425781250003 0.5490451375000001 0.2777777796875 0.5577256937499999 0.2871817125 0.5772569437499999 0.2922453703125 0.576714409375 0.3211805546875 0.5810546875 0.3414351828125 0.5750868062500001 0.3559027796875 0.551215278125 0.3559027796875 0.526801215625 0.3407118046875 0.51982591875 0.32720825468750003 0.51982591875 0.30061250781250004 0.5235460062499999 0.2864583328125 0.4861111125 0.28935184999999997 0.45084635312500004 0.2864583328125 0.42100694375 0.2792245375 0.40201822812500004 0.300925925 0.380859375 0.30888309999999997 0.4031033 0.3219039328125 0.38805609375 0.332849775 0.369466146875 0.3472222203125 0.3390842 0.33564815000000003 0.32118055624999997 0.339988425 0.30219184062500004 0.3624131953125 0.32660590312500004 0.3645833328125 0.33582899374999997 0.38700809999999997 0.3249783 0.3935185171875 0.294596353125 0.3927951375 0.27940538125000003 0.379050925 0.25770399374999997 0.41015625 0.26421440937499996 0.4463252328125 0.250846228125 0.4384268203125 0.23694390625 0.4384268203125 0.212161509375 0.4464861375 0.1953125 0.45934606718750004 0.18120659687500001 0.49623842500000004 0.17035590312499999 0.4890046296875 0.1443142375 0.49768518281249996 0.11827256875 0.5526620375 0.09657118125 0.5606192125 0.068901909375 0.6141493046875001 0.052083334375 0.703125 0.0466579875 0.7175925921874999 0.029296875 0.7609953703125 0.016818575 0.8065682875 0.012478300000000001 0.8289930546875001 0.022786459375000002 0.8434606499999999 0.022786459375000002 0.8644386578125 0.015190971875 0.9635416671874999 0.022786459375000002 0.9932002328125 0.2125 0.9958333328125001 0.2333653375 0.8714671921875 0.21375868125 0.9953703703125001 0.58125 0.9958333328125001 0.8143446187500001 0.9932002328125 0.806206596875 0.9447337953125 0.814887153125 0.9266493046875001 0.823637821875 0.89957265 0.8284455124999999 0.8600427328125001 0.82924679375 0.8173076921875 0.825240384375 0.7767094
3 0.7481553812499999 0.6192129625 0.7638888875000001 0.6510416671875 0.785590278125 0.6850405078125 0.7937282999999999 0.6958912046875 0.844184028125 0.60185185 0.849609375 0.574363425 0.7958984375 0.5439814828125 0.775824653125 0.5461516203125 0.774739584375 0.5873842578125 0.7590060750000001 0.5758101828125 0.7411024312500001 0.5635127328125 0.7481553812499999 0.6192129625
3 0.914713540625 0.47960069531249994 0.940755209375 0.53096065 0.926106771875 0.5324074078125001 0.945638021875 0.5570023171875 0.979275175 0.5895544 0.9939236125 0.5562789328125 0.996875 0.4583333328125 0.9912109375 0.4427083328125 0.9803602437500001 0.4470486125 0.957451921875 0.4647435921875 0.934244790625 0.4470486125 0.914713540625 0.47960069531249994
3 0.2641441 0.6939071578125 0.26638455 0.6705729171875 0.251193575 0.6221064828125 0.19694010312500002 0.60908565 0.16927083437499998 0.6438078703125 0.17198350625 0.6958912046875 0.224066840625 0.7016782421875 0.2641441 0.6939071578125
3 0.18988715312499999 0.4658564828125 0.139431425 0.4730902796875 0.12098524375 0.5041956 0.117730034375 0.48828125 0.073784721875 0.5114294 0.071614584375 0.47670717500000004 0.048828125 0.4644097203125 0.030924478124999998 0.4904513875 0.0048828125 0.4832175921875 0 0.5833333328125 0.00705295 0.5996817125 0.04014756875 0.7074652796875001 0.0544003875 0.6898774999999999 0.055338540625 0.6879340296875001 0.070720503125 0.6149258546875 0.094401040625 0.5642361124999999 0.122612846875 0.5475983796875 0.14144100625 0.4980657625 0.178493925 0.4904513875 0.18988715312499999 0.4658564828125
1 0.134006075 0.1027199078125 0.122612846875 0.1142939828125 0.14594184062499999 0.16420717499999998 0.13292100625 0.1772280078125 0.14485677187499998 0.1924189828125 0.16764322812500002 0.1909722203125 0.18012152812499999 0.1743344921875 0.16981336875 0.14467592499999998 0.1486545125 0.1179108796875 0.134006075 0.1027199078125
1 0.09874131875 0.22497106718749998 0.11610243125 0.2155671296875 0.13292100625 0.2061631953125 0.12641059062499999 0.17578125 0.11067708437499998 0.1453993046875 0.0906033 0.1280381953125 0.075412325 0.12659143281250002 0.083550346875 0.1714409703125 0.0927734375 0.20543981718749998 0.08680555625 0.2061631953125 0.069986978125 0.22786458281250002 0.0857204875 0.23726851718750003 0.09874131875 0.22497106718749998
1 0.078125 0.2133969921875 0.075412325 0.1974826375 0.073784721875 0.15263310000000002 0.064019096875 0.13310185000000002 0.057508681250000006 0.1388888875 0.057508681250000006 0.16420717499999998 0.061306425 0.1996527796875 0.078125 0.2133969921875
3 0.7888454874999999 0.2994791671875 0.769856771875 0.2756076375 0.748697915625 0.2777777796875 0.7264539937500001 0.27488425781250003 0.7004123250000001 0.2792245375 0.686848959375 0.3276909703125 0.712890625 0.3342013875 0.719401040625 0.3421585671875 0.7411024312500001 0.3291377328125 0.760091146875 0.3385416671875 0.791558159375 0.3667534703125 0.808919271875 0.33203125 0.817599825 0.300925925 0.7888454874999999 0.2994791671875
3 0.849609375 0.35517940000000003 0.818684896875 0.3566261578125 0.799153646875 0.3682002328125 0.805121528125 0.3956886578125 0.8192274312500001 0.4224537046875 0.845269096875 0.44560184999999997 0.8729383687500001 0.43330440000000003 0.8810763875 0.3964120375 0.880533853125 0.3703703703125 0.849609375 0.35517940000000003
3 0.9375 0.21122685 0.9385850687499999 0.2235243046875 0.940755209375 0.234375 0.93044705 0.2365451375 0.93044705 0.22497106718749998 0.8973524312500001 0.2379919 0.873480903125 0.2611400453125 0.865885415625 0.2828414328125 0.876193575 0.304542825 0.8924696187500001 0.2828414328125 0.883246528125 0.3370949078125 0.9044053812499999 0.3457754625 0.8984375 0.3703703703125 0.9109158 0.3993055546875 0.9255642375 0.379050925 0.9250217 0.3030960671875 0.9375 0.35011574218749997 0.946723090625 0.3407118046875 0.9640842 0.2531828703125 0.993381075 0.2300347203125 0.994466146875 0.2379919 0.996875 0.175 0.995551215625 0.1808449078125 0.990668403125 0.1671006953125 0.9743923625 0.18590856718749998 0.946723090625 0.20543981718749998 0.9375 0.21122685
3 0.8376736125 0.1815682875 0.823025175 0.1779513875 0.8127170125 0.1786747671875 0.7986111124999999 0.1960358796875 0.780707465625 0.20109953749999998 0.758463540625 0.2105034703125 0.741644965625 0.1801215296875 0.7394748250000001 0.1982060171875 0.7297092000000001 0.1982060171875 0.7497829874999999 0.2199074078125 0.7362196187500001 0.2365451375 0.761176215625 0.2488425921875 0.7693142374999999 0.2596932875 0.7839626749999999 0.261863425 0.800238715625 0.24811921250000002 0.8213975687499999 0.2379919 0.807291665625 0.2307581 0.8056640625 0.20760995468750001 0.8447265625 0.1815682875 0.8376736125 0.1815682875
5 0.8680555562500001 0.8868634249999999 0.849609375 0.9042245375 0.859375 0.9353298625 0.843098959375 0.9353298625 0.8311631937499999 0.9360532421875 0.8311631937499999 0.9635416671874999 0.85625 0.9958333328125001 0.996875 0.9958333328125001 0.996875 0.9875 0.996875 0.6958333328124999 0.9890408 0.6893807875 0.990668403125 0.6647858796875 0.965169271875 0.6575520828125 0.954318575 0.6727430546875001 0.962456596875 0.6148726828125 0.9385850687499999 0.5714699078125001 0.89138455 0.5772569453124999 0.8702256937499999 0.6105324078125001 0.852864584375 0.6358506953124999 0.833333334375 0.6850405078125 0.8534071187500001 0.7233796296875 0.896809896875 0.7125289328125 0.8751085062499999 0.7378472203124999 0.856119790625 0.7740162046875 0.875651040625 0.7921006953124999 0.873480903125 0.8159722203124999 0.849609375 0.8275462953125 0.839301215625 0.8767361125 0.8680555562500001 0.8868634249999999