1 0.3165129765625 0.489882171875 0.32718579375 0.45466188750000003 0.31640625 0.439091434375 0.304832175 0.383391203125 0.28022541093750003 0.406634221875 0.26314890625 0.4578637296875 0.2664930546875 0.5237268515625 0.2716871609375 0.565659153125 0.289641203125 0.6170428234374999 0.306278934375 0.5917245359375001 0.30370560156250004 0.5571209031250001 0.3122438515625 0.51656420625 0.3165129765625 0.489882171875
1 0.6455439796875 0.7378472234375 0.6788194453124999 0.7450810203125 0.6563946765625001 0.7262731484375 0.626736109375 0.7060185203125 0.5840567140624999 0.68359375 0.5659722234375 0.685763890625 0.5616319453124999 0.7190393515625 0.5840567140624999 0.7219328703125 0.5891203703125 0.7407407421875 0.611545140625 0.7501446765625001 0.599971065625 0.7284432859375001 0.6455439796875 0.7378472234375
1 0.7309027765625 0.7776331015625 0.7526041671875 0.7660590265625 0.758391203125 0.7458043984375 0.7894965265625 0.7313368046875001 0.7670717578125 0.7161458328125 0.72149884375 0.7146990734374999 0.6889467578125 0.7356770828125 0.6875 0.7508680546875001 0.658564815625 0.7486979171875 0.6621817140624999 0.7624421296875 0.68243634375 0.7682291671875 0.71209490625 0.76678240625 0.733796296875 0.7588252296875 0.7309027765625 0.7776331015625
1 0.5341435203125 0.8412905078125 0.5348668984375 0.8043981484374999 0.5059317140624999 0.8036747703125 0.46397569531249994 0.8000578703125001 0.44082754687500003 0.8224826406249999 0.4328703703125 0.8420138906249999 0.4697627296875 0.83984375 0.46035879687500003 0.8579282421875 0.4878472234375 0.8622685203125 0.49869791875 0.8412905078125 0.5341435203125 0.8412905078125
1 0.8864293984374999 0.847077546875 0.888599534375 0.827546296875 0.9225983796874999 0.80078125 0.911747684375 0.7993344921875 0.8763020812500001 0.8015046296874999 0.8444733796874999 0.8188657421875 0.8278356484374999 0.832609953125 0.7967303234374999 0.8311631953124999 0.811731559375 0.8431523234375 0.8307291687499999 0.8528645812500001 0.831452546875 0.868778934375 0.853153934375 0.8615451406249999 0.8661747703125 0.8420138906249999 0.8864293984374999 0.847077546875
1 0.5912905078125 0.5620659734375 0.6137152765625 0.588107640625 0.587673609375 0.617766203125 0.5985243046875001 0.6380208328125 0.6491608796875 0.6170428234374999 0.6889467578125 0.63006365625 0.70703125 0.6184895828125 0.7041377296875 0.595341434375 0.6809895828125 0.5678530078125 0.6838831015625 0.5338541671875 0.6614583328125 0.5360243046875001 0.6173321765625001 0.497685184375 0.548611109375 0.4694733796875 0.5175057859375001 0.46875 0.48495370312499997 0.48177083125 0.49869791875 0.49623842656250006 0.5326967578125 0.51287615625 0.5326967578125 0.5309606484375 0.55078125 0.546875 0.5912905078125 0.5620659734375
1 0.61950359375 0.9519496671875001 0.6151825234375 0.9631844578125 0.6307383875 0.9588633874999999 0.6601216796875 0.920837940625 0.6229604531249999 0.9078747234375 0.5953055859374999 0.9147884421875 0.575428653125 0.9329369453125 0.5244399890625 0.9268874453124999 0.5348105624999999 0.9640486718749999 0.5788855078124999 0.9493570234375 0.6074045906250001 0.9493570234375 0.61950359375 0.9519496671875001
1 0.6869123359375 0.9329369453125 0.6782701875 0.9139242265625 0.67567754375 0.8845409296875 0.64975110625 0.9078747234375 0.6635785390625 0.92170215625 0.6411089609375 0.946764378125 0.640244746875 0.9657771015625001 0.6627143234374999 0.95713495625 0.6722206875000001 0.934665375 0.7067892687499999 0.9623202421875 0.6869123359375 0.9329369453125
1 0.77333379375 0.9554065265625 0.7586421453125001 0.9873824687500001 0.7439504953125 0.9778761062499999 0.7344441359375 0.98911089375 0.74609375 0.99609375 0.7890625 0.99609375 0.7897538703125 0.9821971796875 0.7845685859375 0.9519496671875001 0.77333379375 0.9554065265625
1 0.949633575 0.8793556406249999 0.9807452968750001 0.8629355625 0.964325221875 0.8249101203125001 0.9479051437500001 0.7963910390625 0.935806140625 0.8352806953125 0.935806140625 0.8828125 0.949633575 0.8793556406249999
1 0.9755600109375001 0.8620713468750001 0.9530904296875 0.8776272109375001 0.9349419250000001 0.9070105078124999 0.9470409296875 0.9398506640625 0.9755600109375001 0.9130600109375001 0.9755600109375001 0.8620713468750001
1 0.9600041484374999 0.927751659375 0.9254355625 0.9536780984375 0.890002765625 0.9882466796875 0.890625 0.99609375 0.9090154890625 0.9925677531250001 0.9323492812499999 0.9830613937500001 0.9669178625000001 0.9579991718749999 0.9919800890625 0.934665375 0.9850663703125001 0.91565265625 0.9600041484374999 0.927751659375
1 0.99609375 0.96484375 0.9764242265625 0.9554065265625 0.9565472890625 0.9752834609375001 0.9755600109375001 0.9951603984374999 0.9921875 0.99609375 0.99609375 0.96484375
3 0.22542173906250002 0.2329231203125 0.258261890625 0.2277378328125 0.26690403906250004 0.19057660468749998 0.2271501640625 0.18452710156250002 0.23838495625 0.10415514374999998 0.20554480156250002 0.10242671562500001 0.173568859375 0.1274889375 0.16146985625000002 0.082549778125 0.17875414843749998 0.0384748359375 0.147642421875 0.01081996875 0.11134541093749999 0.027240043749999998 0.108752765625 0.0047704640625 0.0491219578125 0.0013136046875 0.08369054375 0.10934042968749999 0.1165306953125 0.20181139374999998 0.11134541093749999 0.26835591875000003 0.1372097 0.3767503390625 0.150235065625 0.37033324218749997 0.18134679375 0.36082687812500003 0.1943100109375 0.32193722343750003 0.22282909375 0.274405421875 0.25134817656249997 0.30551714531249996 0.28591675781250003 0.296875 0.22542173906250002 0.2329231203125
3 0.5694586765625 0.1099299890625 0.5523821718749999 0.1334101765625 0.5523821718749999 0.159024934375 0.5651895515625001 0.1931779375 0.5844006140625 0.20278346875 0.6004098359375 0.180370559375 0.6196209031250001 0.19851434375000002 0.6238900265625 0.220927253125 0.628159153125 0.2529456953125 0.622822746875 0.27749316875 0.6004098359375 0.28709870312499997 0.5694586765625 0.30204064062499997 0.5299692625 0.303107921875 0.49688353906250005 0.3116461765625 0.4851434421875 0.34259733593749997 0.4798070359375 0.37888490625000004 0.48727800312499997 0.39702868750000003 0.52616841875 0.408358684375 0.5598727890624999 0.46539684843750007 0.6350594578125001 0.5034222890625 0.6912334062500001 0.4705821375 0.7370367812499999 0.6140417578124999 0.82432245625 0.5933006093750001 0.8658047578125 0.62268390625 0.8943238390625 0.6174986171875 0.8467920343750001 0.6434250546875 0.8303719578125 0.66416620625 0.8277793125 0.6304618359374999 0.813951878125 0.6676230624999999 0.7975318046875 0.6771294265625001 0.694690265625 0.6408324109375 0.6514795359375001 0.6295976203125 0.6748133281250001 0.6607093484375001 0.7811117265624999 0.6926852890624999 0.8779037609375001 0.7384886609375 0.95395464375 0.749723453125 0.9824737265625 0.7531803078125 0.99609375 0.72265625 0.9738315828124999 0.7047842921874999 0.974695796875 0.6728083515625001 0.9738315828124999 0.6529314140625 0.983337940625 0.6149059734375 0.9703747234375 0.5915721796875 0.935806140625 0.569102596875 0.9245713468750001 0.504286503125 0.9798810859374999 0.5526825234375 0.9954369453125 0.54058351875 0.990251659375 0.5025580734374999 0.98852323125 0.47663163593749996 0.9867948015625 0.4507051984375 0.9556830749999999 0.4342851203125 0.9937085203124999 0.406630253125 0.9919800890625 0.3789753859375 0.9651894375 0.3642837390625 0.9721031515625 0.32971515625 0.9461767156249999 0.31415929375 0.9271639921875 0.300331859375 0.9846311484375001 0.3052424875 0.9824965859375 0.2518784140625 0.9332134968749999 0.2467505546875 0.9504977890624999 0.205268253125 0.9418556406249999 0.178477596875 0.99609375 0.1640625 0.99609375 0 0.4518459609375 0.0047704640625 0.4317793703125 0.1270064890625 0.44992315625 0.1889088125 0.4766051921875 0.24654200781250002 0.5043545078125 0.1974470625 0.52463285625 0.19851434375000002 0.5353056671875 0.13234289531250001 0.553449453125 0.100324453125 0.5694586765625 0.1099299890625
1 0.7612347890625 0.6244123359375 0.8001244453125 0.6365113390625 0.8208655984375 0.63910398125 0.8277793125 0.610584903125 0.8113592390625 0.603671184375 0.766420078125 0.6071280421874999 0.7612347890625 0.6244123359375
1 0.698147125 0.5725594578125001 0.7223451328125 0.5863868906249999 0.7275304218749999 0.56650995625 0.6912334062500001 0.5466330187499999 0.6834554765624999 0.5604604531249999 0.698147125 0.5725594578125001