1 0.3725 0.42458333281250005 0.3725 0.4179166671875 0.3665625 0.4179166671875 0.3540625 0.4158333328125 0.3453125 0.4158333328125 0.32937500000000003 0.41500000000000004 0.31875 0.42291666718750004 0.3090625 0.44000000000000006 0.31843750000000004 0.44291666718749995 0.3275 0.4483333328125 0.34249999999999997 0.4525 0.35375 0.4470833328125 0.36124999999999996 0.43541666718750005 0.3725 0.42458333281250005
1 0.19437500000000002 0.43041666718749994 0.21437499999999998 0.4220833328125 0.1903125 0.42416666718749996 0.1753125 0.42416666718749996 0.15718749999999998 0.4254166671875 0.1471875 0.4325 0.138125 0.43624999999999997 0.129375 0.4566666671875 0.13374999999999998 0.4566666671875 0.15375 0.46333333281250005 0.1665625 0.4525 0.18031250000000001 0.43875000000000003 0.19437500000000002 0.43041666718749994
1 0.2209375 0.5479166671875 0.2078125 0.5516666671875 0.19718750000000002 0.5575 0.20812499999999998 0.57125 0.2165625 0.5804166671875 0.23125 0.5825 0.24156249999999999 0.57625 0.244375 0.5695833328125001 0.24 0.5587500000000001 0.2325 0.5516666671875 0.2209375 0.5479166671875
1 0.354375 0.48333333281249996 0.3559375 0.49124999999999996 0.36 0.5070833328125001 0.3728125 0.51625 0.3784375 0.5233333328125 0.3884375 0.5220833328125 0.38687499999999997 0.5095833328125 0.38 0.49749999999999994 0.3725 0.48624999999999996 0.3646875 0.48166666718749995 0.3565625 0.47874999999999995 0.354375 0.48333333281249996
1 0.41125 0.5941666671875 0.41156249999999994 0.5795833328125 0.414375 0.5629166671875 0.4090625 0.5566666671875 0.3984375 0.5725 0.39468749999999997 0.5862499999999999 0.3940625 0.6045833328125 0.3903125 0.6241666671874999 0.4025 0.6179166671874999 0.4109375 0.6091666671875 0.41125 0.6025 0.41125 0.5941666671875
1 0.052500000000000005 0.5120833328125001 0.0590625 0.49625 0.075625 0.48250000000000004 0.0884375 0.4770833328125 0.10375000000000001 0.47625 0.103125 0.47000000000000003 0.0915625 0.4620833328125 0.0846875 0.47416666718749995 0.0684375 0.4829166671875 0.055937499999999994 0.4858333328125 0.0421875 0.49458333281250005 0.0228125 0.5 0.0140625 0.5091666671875 0.010624999999999999 0.51875 0.0125 0.5291666671875 0.0246875 0.5287499999999999 0.033437499999999995 0.5333333328125 0.04375 0.5291666671875 0.052500000000000005 0.5120833328125001
1 0.27 0.6866666671874999 0.29093749999999996 0.68625 0.299375 0.67375 0.29874999999999996 0.6579166671875 0.29031250000000003 0.6583333328125 0.2740625 0.6704166671875 0.27 0.6866666671874999
1 0.3153125 0.7083333328125 0.32218749999999996 0.7004166671875 0.3203125 0.6933333328125 0.3103125 0.6900000000000001 0.2996875 0.6883333328125001 0.2934375 0.69375 0.28718750000000004 0.7045833328125 0.28375 0.7154166671875 0.2759375 0.7208333328125 0.281875 0.7224999999999999 0.2828125 0.7345833328125 0.29 0.73 0.2971875 0.7220833328125 0.3046875 0.7150000000000001 0.3153125 0.7083333328125
1 0.2978125 0.3616666671875 0.2921875 0.35583333281249996 0.28500000000000003 0.35750000000000004 0.2734375 0.36291666718750004 0.256875 0.3654166671875 0.25 0.3741666671875 0.24093749999999997 0.38166666718750003 0.24343750000000003 0.39 0.2528125 0.39875 0.2665625 0.3975 0.278125 0.38125 0.29031250000000003 0.3695833328125 0.2978125 0.3616666671875
1 0.374285715625 0.15714285781249998 0.366428571875 0.17047619218750001 0.369285715625 0.1957142875 0.373571428125 0.19380952499999998 0.3825 0.176190475 0.39 0.1642857125 0.39249999999999996 0.1504761921875 0.379285715625 0.1471428578125 0.374285715625 0.15714285781249998
1 0.24964285625 0.0733333328125 0.256428571875 0.096190475 0.266428571875 0.1019047625 0.278928571875 0.1090476203125 0.281071428125 0.09714285781250001 0.27785714375000004 0.0909523796875 0.270714284375 0.08190476249999999 0.26035714374999996 0.06857142968749999 0.24964285625 0.0733333328125
3 0.64564978125 0.7115761125 0.6373898687499999 0.7091287328125 0.6373898687499999 0.6938326 0.638307634375 0.6779246203125 0.6424375906249999 0.6583455703125 0.647485315625 0.6369309828125 0.651615271875 0.6142927078125 0.657121878125 0.5928781203125 0.6690528625 0.5898188953125 0.67960719375 0.5904307375 0.6864904562499999 0.5867596671875 0.6864904562499999 0.5775819875 0.67180616875 0.5671806171875 0.6626284874999999 0.5708516875 0.6777716593750001 0.5506607921875 0.68970264375 0.5420949578125 0.703010278125 0.5396475796875 0.7131057281250001 0.52985805 0.701633628125 0.5133382296875 0.6919970625 0.5176211453125 0.67180616875 0.5261869796875 0.656662996875 0.5518844828125 0.6461086625 0.5904307375 0.62912995625 0.638154675 0.611692365625 0.6638521796875 0.58324155625 0.66752325 0.57176945625 0.6595692625 0.5873715125000001 0.6424375921875 0.6038913375 0.6326480671875 0.629588840625 0.6228585421874999 0.63876651875 0.6008321078125001 0.63876651875 0.5910425828125 0.602514684375 0.605115025 0.571310571875 0.6253059203125 0.553414096875 0.6412139 0.54331865 0.6552863421875 0.5368942718749999 0.6638521796875 0.5410242281250001 0.6338717578125 0.5561674 0.6167400875 0.579570484375 0.6063387171875 0.605726871875 0.6008321078125001 0.629588840625 0.592266275 0.637848753125 0.579417525 0.6346365625 0.5745227625 0.608939059375 0.5720753796875 0.583700440625 0.5769701421875 0.569016153125 0.5818649046875 0.536435390625 0.5947136578125 0.5157856093750001 0.6075624078125 0.4955947125 0.6222466953125 0.487793684375 0.6289769953125 0.47540381875 0.6497797375000001 0.474944934375 0.6693587875 0.482287078125 0.6895496828125001 0.48504038125 0.6919970625 0.48825256875 0.6809838453125 0.48825256875 0.6656877125 0.49605359687500006 0.6724180125 0.501101321875 0.6993392078125 0.501101321875 0.7103524203125 0.47861600624999995 0.7134116500000001 0.46301395 0.7287077828124999 0.457966225 0.736049925 0.449706315625 0.75930005 0.43777533125 0.7947870796875 0.438234215625 0.8241556546875 0.46393171874999994 0.8302741078125001 0.492841409375 0.8137542828125 0.508443465625 0.8131424375 0.5300110124999999 0.8174253546875001 0.53597650625 0.8314977953125 0.5648861968750001 0.8253793453125 0.605726871875 0.7892804703125 0.600679146875 0.8106950578125 0.576358296875 0.8363925578125 0.5580029375 0.8633137546875 0.55066079375 0.8957415578125 0.5515785625 0.9116495328124999 0.5676395000000001 0.9012481625 0.58507709375 0.8645374453124999 0.600220265625 0.8431228578125 0.57681718125 0.893294175 0.56626285 0.9220509046875 0.58306055625 0.9151663953125 0.593801146875 0.9090289125 0.600679146875 0.8810572671875001 0.6217878125 0.8559716078124999 0.6350954468750001 0.8235438078125 0.644273128125 0.7935633875 0.650697503125 0.7641948125 0.65345080625 0.7397210000000001 0.65345080625 0.7238130203125 0.64564978125 0.7115761125
3 0.649932696875 0.6542665999999999 0.6708884 0.6889378374999999 0.687408221875 0.7017865875 0.7947870781249999 0.6883259921875 0.8099302500000001 0.6822075375 0.8241556531249999 0.6815956921875 0.8512298093749999 0.6852667625 0.8677496343750001 0.7048458171875 0.892070484375 0.7121879578125 0.9062958875 0.7280959375 0.926486784375 0.7225893296875 0.960903084375 0.6871023 0.94667768125 0.6711943203125 0.924651246875 0.6565100328125 0.9173091031249999 0.6595692625 0.9072136562500001 0.6889378374999999 0.886563878125 0.66079295 0.8755506593750001 0.66079295 0.85581865 0.6522271171875 0.8461820843750001 0.6326480671875 0.8246145374999999 0.6332599125 0.8126835531250001 0.6167400875 0.773678415625 0.6155163953125 0.7622063156250001 0.62163485 0.7498164468749999 0.6075624078125 0.706222465625 0.618575625 0.6878671062499999 0.6142927078125 0.6805249625 0.6038913375 0.67180616875 0.6014439546875 0.662169603125 0.6093979453125 0.6560511499999999 0.6318322703125 0.6467587499999999 0.6162812046874999 0.585115334375 0.6438142453125 0.508443465625 0.6045031828125 0.49972466875 0.6032794921875 0.48366373124999995 0.611845325 0.484581496875 0.6265296124999999 0.47035609375 0.6265296124999999 0.457507340625 0.6167400875 0.44649412499999996 0.6277533046875 0.44098751875 0.6155163953125 0.43456314375 0.6240822328125 0.41804331875 0.6155163953125 0.412077828125 0.62836515 0.40014684375 0.6375428296875 0.387298090625 0.6558981875 0.393722465625 0.67425355 0.403817915625 0.6828193828125 0.46393171874999994 0.680372 0.477239353125 0.6919970625 0.569704478125 0.6506975046875 0.64381424375 0.6767009296875 0.649932696875 0.6542665999999999
3 0.375069521875 0.8541898421875 0.361512790625 0.8495550625 0.347260846875 0.8527994078125 0.34508076249999997 0.8614782171875 0.325709121875 0.8629959203125 0.3125 0.8745828703124999 0.294424359375 0.9037819796875001 0.294424359375 0.9241750078125 0.31041435 0.9315906578125001 0.32305433125 0.9269456671875 0.34783406875 0.9287812046875 0.363436121875 0.9214390578125 0.368483846875 0.9214390578125 0.381791484375 0.8969652453125001 0.401064609375 0.8963534 0.417584434375 0.8773861953125 0.415290015625 0.8510768453124999 0.396475771875 0.847405775 0.375069521875 0.8541898421875
3 0.12298090937499999 0.8620900625000001 0.136288546875 0.8920704828125 0.14317180625 0.8994126296875 0.1587738625 0.8694322078125 0.1537261375 0.8565834546875 0.1408773875 0.8467939296875 0.137665196875 0.8174253546875001 0.145466225 0.7947870796875 0.160609396875 0.7837738625 0.17032814375 0.7647386 0.169980534375 0.7373934 0.16372358125 0.7123655921875 0.14638399375 0.6919970625 0.125734215625 0.7054576578125 0.114721 0.7103524203125 0.11334434687499999 0.6877141453125 0.1032489 0.6736417046875001 0.086729075 0.6718061671875 0.0688326 0.6754772375 0.056901615625 0.7048458171875 0.055983846875 0.7311551625 0.066538178125 0.7550171328124999 0.064243759375 0.79845815 0.0555249625 0.8082476749999999 0.047265049999999996 0.7880567796875 0.054607193750000005 0.7654185046875 0.0573605 0.7531815953125001 0.05368942812500001 0.7311551625 0.050477240624999996 0.7079050421875 0.040381790625000004 0.696891825 0.0344163 0.6754772375 0.02064978125 0.6546744999999999 0.00229441875 0.6479442 0.00412995625 0.965491925 0.017896475000000002 0.96182085 0.033498531250000005 0.9801762125 0.054607193750000005 0.958761625 0.053230543750000005 0.9373470375 0.068373715625 0.9165442953125 0.094530103125 0.9110376921875 0.1128854625 0.9055310828125 0.12298090937499999 0.8620900625000001
3 0.606644640625 0.5035487046875 0.602514684375 0.4827459625 0.59150146875 0.47846304531249995 0.593337003125 0.4637787578125 0.611692365625 0.45521292031250005 0.593337003125 0.45215369531249994 0.5708516875 0.4576603046875 0.5515785625 0.4705090546875 0.5414831125 0.4601076828125 0.54056534375 0.42339696718750003 0.524045521875 0.4411404796875 0.5047723937499999 0.4601076828125 0.50156020625 0.49437102499999996 0.513950071875 0.5286343625 0.5254221718750001 0.5408712671875 0.52037445 0.5647332375 0.5056901625 0.5953255000000001 0.5102789999999999 0.5996084203125001 0.53597650625 0.5916544296875 0.54331865 0.58920705 0.568098384375 0.579417525 0.58645374375 0.572687225 0.617198971875 0.569628 0.618575625 0.5500489453124999 0.6167400875 0.5310817421875 0.606644640625 0.5035487046875
0 0.139204546875 0.1246212125 0.110227271875 0.1337121203125 0.0926136375 0.1670454546875 0.070454546875 0.15568181718750002 0.06818181875 0.1852272703125 0.057954546875 0.1852272703125 0.0261363625 0.1935606046875 0.028409090625 0.22159090781250002 0.047727271875 0.2268939375 0.051704546875 0.23901515 0.034659090625 0.2662878796875 0.057386362499999996 0.2784090921875 0.08068181875 0.2738636375 0.108522728125 0.26098485 0.12897727187500002 0.2715909078125 0.159659090625 0.2723484828125 0.177840909375 0.2776515171875 0.19318181875 0.261742425 0.208522728125 0.2329545453125 0.2 0.1829545453125 0.19375 0.1375 0.165909090625 0.1231060625 0.139204546875 0.1246212125
3 0.09375 0 0.11477272812499999 0.0162878796875 0.11931818125 0.03901515 0.09375 0.0170454546875 0.077272728125 0.0314393953125 0.08068181875 0.0496212125 0.0613636375 0.05492424218750001 0.059090909375 0.10340909218750001 0.057954546875 0.136742425 0.067045453125 0.1541666671875 0.08693181875 0.1625 0.097727271875 0.1488636375 0.11306818125 0.1299242421875 0.139204546875 0.1261363625 0.159659090625 0.1215909078125 0.18693181875 0.1238636375 0.201704546875 0.1428030296875 0.225 0.1746212125 0.23068181875 0.16098485 0.2448863625 0.10946969531249999 0.2488636375 0.0837121203125 0.24943181874999998 0.0647727296875 0.2625 0.0625 0.277272728125 0.0784090921875 0.285227271875 0.1071969703125 0.276704546875 0.1178030296875 0.25568181874999996 0.10946969531249999 0.24034090937500002 0.13522727031249998 0.2386363625 0.1693181828125 0.24829545312499998 0.1829545453125 0.27045454687500003 0.1670454546875 0.28068181875 0.1738636375 0.28409090937500003 0.1829545453125 0.302272728125 0.1806818171875 0.316477271875 0.17916666718750002 0.32329545312499997 0.213257575 0.333522728125 0.236742425 0.3511363625 0.23371212031250002 0.353409090625 0.1973484828125 0.36306818125 0.1806818171875 0.3625 0.161742425 0.378409090625 0.13901515 0.39147727187500003 0.1412878796875 0.397727271875 0.1571969703125 0.40568181875000003 0.1761363625 0.407954546875 0.188257575 0.43068181875 0.1700757578125 0.44318181875 0.136742425 0.46306818125 0.1238636375 0.47954545312499997 0.1215909078125 0.47954545312499997 0.1049242421875 0.48125 0.0746212125 0.47215909062500006 0.0488636375 0.45909090937499997 0.027651517187500002 0.441477271875 0.0094696953125 0.425 0 0.09375 0
3 0.46389116250000006 0.8858428796875 0.452127659375 0.8858428796875 0.449115565625 0.9064465421874999 0.453150571875 0.9349427171875 0.447936321875 0.9591194953125 0.43218085000000006 0.9738134203125 0.416837153125 0.9799509000000001 0.4125 0.9958333328125001 0.578125 0.9958333328125001 0.558785378125 0.9779874203125001 0.521049528125 0.9732704421875 0.49864386875 0.9677672953125 0.49864386875 0.9284591203125 0.482134434375 0.8883647796874999 0.46389116250000006 0.8858428796875
1 0.39826104687499997 0.3825695578125 0.377291325 0.3798417875 0.365527821875 0.3764320796875 0.348649753125 0.3764320796875 0.336886253125 0.3887070375 0.33381751249999997 0.3955264578125 0.331260228125 0.39689034218749997 0.339954990625 0.407119475 0.361947628125 0.4057555921875 0.38342880625000003 0.4037097671875 0.40184124375 0.3927986921875 0.39826104687499997 0.3825695578125