1 0.5616319453124999 0.6864872703125 0.5956307859375001 0.671296296875 0.5869502296875 0.6532118046875001 0.5732060203125 0.632233796875 0.558015046875 0.6293402765625 0.5370370359375001 0.632233796875 0.5182291671875 0.634403934375 0.5081018515625 0.654658565625 0.49363425781250003 0.6503182859375001 0.48567708125 0.6756365734374999 0.5059317140624999 0.6749131953124999 0.5052083328125 0.6850405078125 0.5182291671875 0.7038483796875 0.5348668984375 0.6951678234374999 0.5616319453124999 0.6864872703125
1 0.8127349609375001 0.6123707703125 0.8444733796874999 0.59100115625 0.8357928234375 0.5772569453124999 0.8198784734375 0.5577256953124999 0.810474534375 0.5389178234374999 0.7960069453124999 0.5208333328125 0.777922453125 0.5208333328125 0.7641782421875 0.5266203703125 0.7714120359375001 0.5533854171875 0.7612847234375 0.5692997703125 0.7497106484375 0.5656828703125 0.7432002296875 0.5938946765625001 0.763454859375 0.59100115625 0.7569444453124999 0.6141493046875001 0.7764756953124999 0.6061921296875 0.7967303234374999 0.6047453703125 0.8127349609375001 0.6123707703125
1 0.9030671296874999 0.6387442140624999 0.9052372703125 0.6278935203125 0.8905662578125 0.6263216640625 0.8876292296875 0.610902253125 0.8596643515625001 0.6090856484375 0.8394097234375 0.6213831015625 0.831452546875 0.6409143515625 0.8479793234375 0.6571604796875 0.8791956015625001 0.6561053234374999 0.9008969921875 0.654658565625 0.892939815625 0.64453125 0.9030671296874999 0.6387442140624999
1 0.9442997703125 0.7458043984375 0.99609375 0.7734375 0.99609375 0.7109375 0.974681715625 0.705295140625 0.9631076406249999 0.700954859375 0.9623842578125 0.7168692140624999 0.9587673593750001 0.712528934375 0.9363425937500001 0.7060185203125 0.9385127296875 0.7262731484375 0.9565972234375 0.7392939796875 0.9442997703125 0.7458043984375
1 0.6694155078125 0.967158565625 0.7012442140624999 0.9772858796874999 0.733796296875 0.9758391203125001 0.733796296875 0.9606481484374999 0.7583674874999999 0.97976434375 0.7626366124999999 0.9584187156249999 0.7620081015625 0.9375 0.7330729171875 0.944733796875 0.7395833328125 0.927372684375 0.7121416828125 0.9273672453125 0.6908482140625 0.9214931875 0.677631578125 0.9178218984375001 0.6600093984375001 0.9192904140625 0.638310184375 0.9324363437500001 0.651932565625 0.9530662578125 0.6694155078125 0.967158565625
1 0.8126446765625 0.21122685156249998 0.7931134265625001 0.1953125 0.775028934375 0.1844618046875 0.7641782421875 0.1953125 0.7540509265625001 0.219184028125 0.7569444453124999 0.236545140625 0.7771990734374999 0.24739583281250002 0.7989004640624999 0.2546296296875 0.8234953703125001 0.2510127296875 0.8227719921875 0.23799189843750002 0.8126446765625 0.21122685156249998
1 0.9956597234375 0.06365740625 0.9660011562499999 0.09259259375 0.9587673593750001 0.10561342656249999 0.9500868046875001 0.1280381953125 0.951533565625 0.1519097234375 0.9768518515625001 0.14178240625 0.992766203125 0.124421296875 0.99609375 0.1171875 0.9956597234375 0.06365740625
1 0.5703125 0.517216434375 0.5717592578125 0.509982640625 0.5493344921875 0.4853877296875 0.5175057859375001 0.4716435203125 0.5073784734375 0.47960069531249994 0.48712384374999995 0.48032407343749994 0.48567708125 0.4853877296875 0.49869791875 0.49985532343749994 0.49942129687500003 0.5049189796875 0.5124421296875 0.509982640625 0.5464409734375 0.520109953125 0.5703125 0.517216434375
1 0.5203993046875001 0.56640625 0.5399305546875001 0.5483217578125 0.55584490625 0.517216434375 0.5341435203125 0.517939815625 0.518952546875 0.515046296875 0.518952546875 0.536747684375 0.5203993046875001 0.56640625
1 0.5421006953124999 0.7429108796875 0.5421006953124999 0.7342303234374999 0.5421006953124999 0.713252315625 0.5146122703125 0.7146990734374999 0.5146122703125 0.705295140625 0.5059317140624999 0.6944444453124999 0.482783565625 0.6944444453124999 0.4495081015625 0.7045717578125 0.4372106484375 0.7118055546875001 0.42057291875 0.7269965265625 0.4328703703125 0.7407407421875 0.463252315625 0.751591434375 0.4903959109375 0.748208409375 0.5124421296875 0.740017359375 0.5196759265625001 0.72771990625 0.5421006953124999 0.7429108796875
1 0.32942708125000003 0.868778934375 0.31061921406250004 0.8478009265625 0.30121527656249997 0.8347800937500001 0.288917825 0.8072916687499999 0.267216434375 0.8000578703125001 0.2549189796875 0.8015046296874999 0.25347222343750003 0.813078703125 0.259982640625 0.8318865734375 0.2780671296875 0.849247684375 0.29108796406250004 0.8572048593750001 0.30266203593749996 0.8622685203125 0.32942708125000003 0.868778934375
1 0.1015625 0.6112557859375001 0.11747685156250001 0.6112557859375001 0.12688078593750002 0.6112557859375001 0.138454859375 0.6119791671875 0.1370081015625 0.5859375 0.1319444453125 0.59100115625 0.11603009375 0.593171296875 0.11747685156250001 0.5859375 0.10951967656249999 0.5772569453124999 0.08492476875 0.556278934375 0.0776909734375 0.5555555546875001 0.068287034375 0.55193865625 0.0733506953125 0.5772569453124999 0.0856481484375 0.60040509375 0.0863715265625 0.61993634375 0.0863715265625 0.607638890625 0.1015625 0.6112557859375001
1 0.5370370359375001 0.21122685156249998 0.5146122703125 0.1938657421875 0.5008680546875001 0.1822916671875 0.46542245312499997 0.185185184375 0.4487847234375 0.1924189796875 0.4495081015625 0.204716434375 0.44227430468750006 0.204716434375 0.44082754687500003 0.22280092499999998 0.450954859375 0.2177372703125 0.4719328703125 0.22280092499999998 0.5124421296875 0.2177372703125 0.5370370359375001 0.21122685156249998
1 0.5565682859375001 0.22135416718749998 0.5276331015625 0.22135416718749998 0.5399305546875001 0.24739583281250002 0.5587384265625001 0.25824652656249997 0.5695891203125 0.26765046406250004 0.5782696765625001 0.261140046875 0.5883969921875 0.256076390625 0.5760995359375001 0.244502315625 0.5739293984375 0.22931134375 0.5565682859375001 0.22135416718749998
1 0.463252315625 0.42245370312499997 0.44806134374999995 0.42245370312499997 0.43165530781249994 0.439085996875 0.40755208125 0.43836805468750006 0.42724976562499994 0.45303689062499997 0.43214699218749997 0.4651331015625 0.4473379640625 0.470920140625 0.46180555468750006 0.44921875 0.47771990625000005 0.4333043984375 0.463252315625 0.42245370312499997
1 0.582609953125 0.439091434375 0.5927372703125 0.4333043984375 0.5883969921875 0.41811342656250006 0.579716434375 0.4094328703125 0.5645254640624999 0.41811342656250006 0.5703125 0.43692129687500003 0.582609953125 0.439091434375
1 0.3467881953125 0.1338252296875 0.34968171406250004 0.11212384375 0.34027777656249997 0.1164641203125 0.309172453125 0.1215277765625 0.29253472343750003 0.1403356484375 0.27228009375 0.1591435203125 0.296875 0.1728877296875 0.327980325 0.16782407500000002 0.35040509375 0.158420140625 0.3721064796875 0.156973378125 0.3714461953125 0.1351033828125 0.3467881953125 0.1338252296875
1 0.3778935203125 0.2336516203125 0.392361109375 0.224247684375 0.38151041874999997 0.2141203703125 0.3778935203125 0.20688657500000002 0.372829859375 0.185908565625 0.35691550781250003 0.185908565625 0.3366608796875 0.1909722234375 0.326533565625 0.204716434375 0.32291666874999997 0.21846064843750002 0.30266203593749996 0.21122685156249998 0.3077256953125 0.238715278125 0.314236109375 0.230034721875 0.33087384375 0.24667245312500002 0.3590856484375 0.2452256953125 0.3778935203125 0.2336516203125
1 0.25202546406250004 0.12876157500000002 0.24189814843750002 0.12297453437500001 0.223090278125 0.10271990625 0.1811342578125 0.10923032343750001 0.1666666671875 0.1258680546875 0.15436921406249998 0.1302083328125 0.1565393515625 0.15118634375 0.170283565625 0.1519097234375 0.180410878125 0.16420717499999998 0.21079282500000002 0.163483796875 0.23032407500000002 0.146122684375 0.25202546406250004 0.12876157500000002
1 0.18547453593750002 0.368923609375 0.22236689843750002 0.334201390625 0.216579859375 0.3233506953125 0.1760706015625 0.31756365625 0.157986109375 0.33709490625 0.1514756953125 0.3544560203125 0.12398727031250001 0.3428819453125 0.1254340265625 0.363859953125 0.1442418984375 0.390625 0.1565393515625 0.36964699218749997 0.1782407421875 0.3797743046875 0.18547453593750002 0.368923609375
1 0.1861979171875 0.256076390625 0.1948784734375 0.27850115625 0.21513310156249998 0.27850115625 0.2469618046875 0.266203703125 0.2541956015625 0.251736109375 0.2324942140625 0.24594907500000002 0.199942128125 0.243778934375 0.1861979171875 0.256076390625
1 0.33738425781250003 0.42173032343749994 0.3192997703125 0.40509259374999995 0.30266203593749996 0.3913483796875 0.2809606484375 0.3913483796875 0.265769675 0.39641203593749996 0.242621528125 0.38483796406250004 0.24623842499999998 0.40870949218749997 0.26432291874999997 0.40870949218749997 0.27879050781250003 0.40870949218749997 0.31061921406250004 0.427517359375 0.33738425781250003 0.42173032343749994
1 0.8784722234375 0.0600405078125 0.8987268515625001 0.046296296875 0.8972800937500001 0.0231481484375 0.8640046296874999 0.015190971875 0.8444733796874999 0.018084492187500002 0.8372395812500001 0.0137442140625 0.825217340625 0.0132166375 0.8278356484374999 0.060763890625000004 0.82421875 0.0983796296875 0.8451967578125 0.083912034375 0.8531191249999999 0.0447897078125 0.8784722234375 0.0600405078125
1 0.15219907500000002 0.163483796875 0.1276041671875 0.1671006953125 0.10734953437500001 0.1916956015625 0.111689815625 0.20978009375 0.10445602031250001 0.2430555546875 0.11458333125 0.21990740625 0.12398727031250001 0.22714120312500002 0.142795140625 0.20254629687499998 0.15219907500000002 0.1714409734375 0.15219907500000002 0.163483796875
1 0.12398727031250001 0.049913195312500006 0.10373264062500001 0.06365740625 0.09649884375 0.0672743046875 0.11458333125 0.10054977031250001 0.1341145828125 0.1063368046875 0.1493055546875 0.1063368046875 0.16811342499999998 0.109953703125 0.1616030078125 0.0889756953125 0.1536458328125 0.0701678234375 0.1319444453125 0.052806715625 0.12398727031250001 0.049913195312500006
1 0.189091434375 0.0094039328125 0.1927083328125 0.0050636562500000004 0.131221065625 0.0057870359375 0.14568865625 0.036892359375 0.1565393515625 0.0383391203125 0.189091434375 0.0094039328125
1 0.6035879640624999 0.027488425 0.5905671296875 0.033275464062499996 0.579716434375 0.045572918750000004 0.5833333328125 0.056423609374999996 0.62109375 0.0675516921875 0.639033565625 0.052083331249999996 0.6368634265625001 0.044849535937500004 0.6247650390625 0.03230733125 0.6035879640624999 0.027488425
1 0.7180157421875 0.110138628125 0.733796296875 0.11357060156250001 0.7540509265625001 0.1128472234375 0.7374131953124999 0.09982639062500001 0.7258391203125 0.0795717578125 0.7063078703125 0.0817418984375 0.7040648515625 0.0983905078125 0.7180157421875 0.110138628125