3 0.5941840265625 0.8036747703125 0.5644806328125 0.7581426062500001 0.567231515625 0.7262323937499999 0.5464409734375 0.695891203125 0.5193661953125 0.6756161953125 0.4755497703125 0.6684027765625 0.48745598437500004 0.6404049296875 0.4384903171875 0.5925396140625 0.398877640625 0.554577465625 0.3587147890625 0.51771566875 0.3086487703125 0.48470510625 0.27068662187500003 0.4505941921875 0.2324942140625 0.420283565625 0.1637731484375 0.3674768515625 0.07552083125 0.3313078703125 0.001736109375 0.2842881953125 0 0.99609375 0.75 0.99609375 0.7311839796874999 0.9622579218749999 0.7064260546875001 0.9231954218749999 0.6646126765625 0.863776409375 0.62890625 0.827546296875 0.5941840265625 0.8036747703125
1 0.0357377421875 0.152555825 0.004952934375000001 0.11971869531249998 0.0015323984375000001 0.16829028125 0.0241079265625 0.18197241718749999 0.022739710937499998 0.19223401874999999 0.0453152390625 0.19839098125000001 0.058313265625 0.1669220671875 0.054892729687499996 0.151871715625 0.0357377421875 0.152555825
1 0.381211690625 0.35368323125 0.37026597968749997 0.352999125 0.347006346875 0.3317918125 0.32716725 0.32768717187499996 0.3032235125 0.343421628125 0.3134851125 0.3605243 0.34358581250000003 0.3646289421875 0.364793125 0.36120840625 0.37779115625 0.3803633984375 0.37779115625 0.368049471875 0.381211690625 0.35368323125
1 0.916072075 0.7496387265625 0.9363936046875001 0.7823789734375 0.9505057812500001 0.7970556375 0.957844109375 0.7705247453124999 0.9505057812500001 0.74738078125 0.9318777109375 0.7327041171875 0.9092982296875001 0.714076046875 0.916072075 0.7496387265625
1 0.8376083828124999 0.884551121875 0.8488981203125 0.9048726515625001 0.8692196531249999 0.9280166171875001 0.8822028546875 0.9031791921875 0.8743000359374999 0.87890625 0.863574784375 0.8659230515624999 0.8274476171874999 0.8529398484374999 0.8376083828124999 0.884551121875
1 0.9251038671874999 0.888502528125 0.9205879687499999 0.8964053468750001 0.9222814296875 0.9268876453124999 0.9324421953125 0.966966221875 0.9454253984375001 0.9872877546875 0.951634753125 0.96753070625 0.9533282156249999 0.9421287921875001 0.9521992421875 0.9235007218750001 0.947118859375 0.9139044453125 0.9251038671874999 0.888502528125
1 0.8283385234375 0.9049688515625001 0.8201743359375 0.8986887078124999 0.832734625 0.9162731093750001 0.83901476875 0.960234125 0.8465509453125 0.9884947734375 0.8671875 0.99609375 0.8741835828125 0.9702823546875001 0.87481159375 0.9520699374999999 0.85973925 0.936369575 0.8339906562499999 0.891780546875 0.8283385234375 0.9049688515625001
1 0.2675216046875 0.3987891875 0.284477996875 0.42453778125 0.3121106328125 0.4264218234375 0.3252989328125 0.417001609375 0.313994675 0.3962771296875 0.290758140625 0.3799487546875 0.2675216046875 0.3987891875
1 0.1927878828125 0.333475684375 0.18022759375 0.3165192921875 0.170807375 0.3039590046875 0.137522609375 0.299562903125 0.1412906953125 0.3158912765625 0.1582470859375 0.3378717859375 0.1758314921875 0.3372437703125 0.18839178125 0.3372437703125 0.2022080984375 0.349176046875 0.2066041984375 0.3504320734375 0.2110003015625 0.33221965625 0.211628315625 0.3227994375 0.1927878828125 0.333475684375
1 0.053368667187499996 0.2694182078125 0.04520448125 0.2694182078125 0.0320161765625 0.254973875 0.016315815625 0.2662781359375 0.00124346875 0.2738143078125 0.013803757812500001 0.2870026125 0.0364122765625 0.2957948171875 0.0653009453125 0.28888665625 0.08539740625 0.2794664375 0.06906903125 0.280094453125 0.053368667187499996 0.2694182078125
1 0.629885953125 0.6826517265625001 0.647470359375 0.6832797421875 0.6506104296874999 0.653135046875 0.6316021140625 0.6194982375 0.6129295625 0.61985028125 0.61167353125 0.655019090625 0.629885953125 0.6826517265625001
1 0.613557578125 0.7090283359375 0.62109375 0.7178205390625 0.629885953125 0.73917303125 0.6323980109375 0.7680616953125 0.6317699953125 0.790042203125 0.6499824140625 0.7793659578125001 0.65500653125 0.7529893484375 0.6518664609375 0.73163685625 0.641190215625 0.7178205390625 0.613557578125 0.7090283359375
1 0.7448126015625001 0.8101386640625 0.76679310625 0.8340032140625 0.78249346875 0.8421674031249999 0.7944257421875001 0.83149115625 0.78249346875 0.8132787390624999 0.75988495 0.7862741171875001 0.7303682703125001 0.788786171875 0.7448126015625001 0.8101386640625
1 0.36737590625 0.4038133046875 0.33534716875 0.41386153437499995 0.3183907765625 0.4264218234375 0.3183907765625 0.43709807031250003 0.33346312031249997 0.44275019843749996 0.3629798046875 0.4270498390625 0.3780521484375 0.42830586718749997 0.3786801640625 0.41448955 0.3648638484375 0.41448955 0.36737590625 0.4038133046875
1 0.273173734375 0.415745578125 0.2675216046875 0.4195136640625 0.265637559375 0.4270498390625 0.281337921875 0.443378215625 0.30771453125 0.452798434375 0.33974327031249996 0.45531049218749997 0.32404290625 0.44149417187499995 0.3177627609375 0.432073953125 0.2882460828125 0.432073953125 0.273173734375 0.415745578125
1 0.4019167 0.4264218234375 0.4019167 0.439610128125 0.426409265625 0.43018991093750003 0.4395975671875 0.425793809375 0.44462168437500005 0.41386153437499995 0.4320613953125 0.40255727343750003 0.41573302031250003 0.4113494765625 0.4019167 0.4264218234375
1 0.195927953125 0.257485934375 0.2122563328125 0.257485934375 0.2254446328125 0.2618820359375 0.214140375 0.2468096875 0.2091162578125 0.22545719531250002 0.18713575 0.2248291796875 0.18273964843749999 0.2355054265625 0.195927953125 0.257485934375
1 0.1193101875 0.1337670828125 0.0998417421875 0.13753516875 0.1080059296875 0.160143690625 0.1400346671875 0.1683078796875 0.1595031125 0.1570036171875 0.169551346875 0.1488394296875 0.1758314921875 0.1406752421875 0.16075914375 0.1438153125 0.146942825 0.1318830390625 0.1193101875 0.1337670828125
1 0.08979350781249999 0.1909163984375 0.10046975312499999 0.2135249171875 0.1387786359375 0.211640875 0.145686796875 0.2078727890625 0.13501055 0.19782455937500001 0.1237062890625 0.1814961828125 0.11491408593750001 0.175216034375 0.08979350781249999 0.1909163984375
1 0.2687776328125 0.25685791875 0.29201416875 0.2694182078125 0.3052024734375 0.2694182078125 0.2982943125 0.2530898328125 0.289502109375 0.229853296875 0.2700336609375 0.2248291796875 0.2606134453125 0.229853296875 0.2687776328125 0.25685791875
1 0.24240102343749997 0.2939107734375 0.2581013875 0.3121231921875 0.2744297609375 0.321543409375 0.27380175 0.3083551046875 0.2687776328125 0.28888665625 0.247425140625 0.271930265625 0.23988896875000001 0.27255828125 0.24240102343749997 0.2939107734375
1 0.060276828125 0.244297628125 0.0828853515625 0.262510046875 0.0998417421875 0.26502210625 0.09795769531250001 0.24492564374999998 0.08728145000000001 0.2336213828125 0.0728371171875 0.228597265625 0.05713675781250001 0.23110932343749999 0.060276828125 0.244297628125
1 0.731624296875 0.7831340421874999 0.7454406140625001 0.7831340421874999 0.7385324578125 0.764921625 0.731624296875 0.7404290578125 0.7033636453125001 0.746709203125 0.717179965625 0.7655496359375 0.731624296875 0.7831340421874999
1 0.059816637500000006 0.26693873125 0.0514311296875 0.24108340625000002 0.0353588984375 0.227107559375 0.033262523437500004 0.248770125 0.03466010625 0.2592520125 0.059816637500000006 0.26693873125
1 0.1017441875 0.23269789843750002 0.0961538484375 0.2368906515625 0.1045393546875 0.25715563750000003 0.12899709374999999 0.2599508046875 0.1457681140625 0.25645684375 0.1401777734375 0.24597495625 0.11711762031249999 0.227107559375 0.1017441875 0.23269789843750002
1 0.2617676640625 0.3493962421875 0.2624664578125 0.37175760156250004 0.2869241953125 0.3668660546875 0.29600849687499997 0.37175760156250004 0.3050928 0.35149262187499997 0.295309703125 0.347998659375 0.2743459296875 0.3382155625 0.2617676640625 0.3493962421875
1 0.1667318859375 0.3661672625 0.19188841875 0.38573345312499996 0.2044666796875 0.38084190625000003 0.1974787578125 0.36546846875 0.163237925 0.350793828125 0.140876565625 0.35428778906249997 0.1667318859375 0.3661672625
1 0.2061522 0.199678653125 0.1968377421875 0.18570696874999998 0.1689040515625 0.1925616203125 0.18228390625 0.21714325781250002 0.198584203125 0.22180048437500002 0.2061522 0.199678653125
1 0.177626675 0.2829266015625 0.1799552890625 0.266044153125 0.1636549921875 0.2555653859375 0.14560823437499998 0.26255123125 0.15957991875 0.27768721875 0.177626675 0.2829266015625
1 0.4262062234375 0.387132078125 0.44367082812499997 0.3754890078125 0.45182097656250003 0.350456409375 0.45182097656250003 0.34405271875 0.43377421875 0.3457991796875 0.42271330156250003 0.36675670781249997 0.4262062234375 0.387132078125
1 0.40699515625 0.504144934375 0.41863822656250005 0.519863078125 0.44017790625000003 0.5210273828124999 0.4407600578125 0.495412628125 0.42853483593749997 0.48376955781250003 0.4157274609375 0.4925018625 0.40699515625 0.504144934375
1 0.8016952296875001 0.681119596875 0.7801555515625 0.6805374453125 0.781319859375 0.6863589796875 0.7970380046875001 0.711973734375 0.8150847609375 0.7073165046875001 0.8016952296875001 0.681119596875
1 0.269968515625 0.33716184843749997 0.25757929218750003 0.31456972968749997 0.2510202890625 0.308739503125 0.2328008390625 0.318213621875 0.246647621875 0.33643307031249997 0.269968515625 0.33716184843749997