1 0.5464409734375 0.2958622703125 0.5478877296875 0.2698206015625 0.5703125 0.264033565625 0.56524884375 0.24739583281250002 0.55584490625 0.236545140625 0.5515046296875 0.2372685203125 0.55078125 0.24739583281250002 0.543547453125 0.25245949218749997 0.529079859375 0.25245949218749997 0.513888890625 0.2567997703125 0.49869791875 0.275607640625 0.48133680468750006 0.2922453703125 0.48350694531249994 0.30743634375 0.48712384374999995 0.3153935203125 0.4965277765625 0.329861109375 0.5102719921875 0.324797453125 0.524016203125 0.314670140625 0.5355902765625 0.3088831015625 0.5464409734375 0.2958622703125
1 0.9732066140625 0.3463273203125 0.9928944734374999 0.3534865390625 0.9830505437499999 0.3494594796875 0.9812607375000001 0.3391680984375 0.9866301562500001 0.3279818171875 0.9826030937500001 0.3302190703125 0.9700744562500001 0.32977162187500003 0.962915234375 0.321270046875 0.9539662078125 0.31097866406249997 0.94456973125 0.3060566984375 0.9383054140624999 0.30829395625 0.9226446171875 0.31500572656250003 0.919959909375 0.32037514375 0.919959909375 0.32842926562499997 0.9248818703125 0.33961555 0.94009521875 0.348117125 0.9539662078125 0.35080183125 0.9687321015625001 0.34990692968750003 0.9732066140625 0.3463273203125
1 0.780078125 0.376953125 0.7859375 0.380078125 0.79921875 0.392578125 0.79296875 0.384765625 0.7921875 0.375 0.79296875 0.368359375 0.78203125 0.367578125 0.777734375 0.358984375 0.77421875 0.3515625 0.76875 0.340234375 0.76171875 0.330078125 0.754296875 0.327734375 0.75 0.334765625 0.75 0.34453125 0.754296875 0.3515625 0.760546875 0.3609375 0.767578125 0.369140625 0.771484375 0.371875 0.780078125 0.376953125
1 0.41996206249999996 0.2985950359375 0.40870949218749997 0.3018100546875 0.4042888359375 0.2909593625 0.3950456515625 0.29939879375 0.3890174890625 0.3066325859375 0.381381815625 0.3142682609375 0.3773630390625 0.3114551171875 0.373746140625 0.3235114453125 0.37414801875000003 0.33516589375 0.3769611640625 0.34722222343750003 0.3922325109375 0.34722222343750003 0.39826067656249997 0.34119405937499997 0.403083203125 0.3311471203125 0.403083203125 0.32150205781249996 0.4083076125 0.31266075 0.41996206249999996 0.2985950359375
1 0.5268614953124999 0.676359953125 0.5369084375 0.6723411796875001 0.5453478625 0.666714890625 0.5489647609375 0.6630979921875 0.5553948046875 0.654658565625 0.55820795 0.6518454218749999 0.5537872921875 0.647022890625 0.5461516203125 0.6438078703125 0.5433384765625 0.6422003593750001 0.5373103125 0.6426022375 0.5240483546875 0.6422003593750001 0.510384515625 0.6430041125 0.4995338203125 0.6506397890625 0.493907534375 0.6558642 0.500337578125 0.6659111375 0.5067676171875 0.6719393 0.5188239453125 0.676359953125 0.5268614953124999 0.676359953125
1 0.15149105937500001 0.8307983046875 0.15955706249999999 0.8434734531249999 0.1664707765625 0.8596054562500001 0.171079921875 0.8382881640625 0.1774174953125 0.8186993015624999 0.17453678125 0.8042957218750001 0.1664707765625 0.7968058640625 0.15898091875 0.799686578125 0.1549479171875 0.8123617265625 0.15149105937500001 0.8307983046875
1 0.307625828125 0.4684043125 0.29610296875 0.4747418875 0.288613109375 0.482807890625 0.2943745390625 0.497787609375 0.303016684375 0.4989398984375 0.3099304015625 0.4989398984375 0.3249101203125 0.4885693203125 0.3381614140625 0.4874170359375 0.34104212968750003 0.482231746875 0.3277908359375 0.47819874687499997 0.31799640625 0.47301345625 0.307625828125 0.4684043125
1 0.3203009765625 0.2563836640625 0.3243339796875 0.24255622968749999 0.318572546875 0.2275765109375 0.305897403125 0.22527194218750002 0.28803696562500003 0.22815265624999997 0.27997096093749996 0.2344902296875 0.277666390625 0.2419800890625 0.2632628125 0.23679480156250002 0.2759379609375 0.2632973828125 0.27939482031249996 0.2500460890625 0.29091767968750004 0.24946994843749998 0.307625828125 0.261568953125 0.3203009765625 0.2563836640625
1 0.1572524890625 0.3600894171875 0.15264334375 0.3514472703125 0.1365113390625 0.3451096984375 0.13074990625 0.346838125 0.123260046875 0.3646985625 0.12268390625 0.37334070625 0.1186509015625 0.3773737109375 0.12556462031249999 0.391777284375 0.1319021953125 0.391777284375 0.1382397703125 0.38486357031249996 0.1440011984375 0.3750691359375 0.1572524890625 0.3600894171875
1 0.156100203125 0.497787609375 0.1399681953125 0.4931784640625 0.1290214796875 0.4931784640625 0.1221077609375 0.50354904375 0.1324783359375 0.5179526171875 0.14918648437499998 0.5208333328125 0.1687753515625 0.5144957578125 0.1739606375 0.5248663359375 0.1756890671875 0.5104627578125001 0.17914592499999998 0.49951603906250003 0.1658946359375 0.504125184375 0.156100203125 0.497787609375
3 0.7246826984375 0.8165795671874999 0.730015465625 0.8072472265625 0.7400143984375 0.8025810578125 0.7446805671875001 0.7899157421874999 0.7346816328125 0.786582765625 0.7280156796874999 0.7845829765625 0.7293488703125 0.771251065625 0.7233495078125001 0.7665848984375 0.7120173859375 0.76191873125 0.6920195203125 0.76191873125 0.6700218640625 0.77391745 0.6646891015625 0.78125 0.65469016875 0.7725842578125001 0.638025278125 0.7692512812500001 0.6240267703125 0.7732508515625 0.618027409375 0.7859161671875 0.616027625 0.8032476515625 0.611361453125 0.8232455203125 0.62069379375 0.833244453125 0.6346923015625 0.8319112609375001 0.6346923015625 0.8092470109375001 0.6346923015625 0.8012478671875 0.644691234375 0.7972482921874999 0.656689953125 0.8132465859375 0.674688034375 0.8192459453125001 0.6826871796875 0.8265784999999999 0.6853535625 0.8112468015625 0.7073512140625 0.807913825 0.7113507890624999 0.8165795671874999 0.7246826984375 0.8165795671874999
0 0.788009278125 0.7899157421874999 0.776010559375 0.8045808437499999 0.7680114140625001 0.8132465859375 0.7653450312500001 0.8179127578125 0.7526797140625 0.8245787109375 0.77067779375 0.8319112609375001 0.78400970625 0.8225789265625 0.782676515625 0.8185793515625001 0.79667501875 0.8052474406250001 0.8073405515625 0.7905823359374999 0.8140065078125 0.7765838328125 0.8173394843749999 0.76325191875 0.8266718203125001 0.775250640625 0.8380039453125001 0.771251065625 0.8446699015625001 0.7579191562500001 0.8320045859375 0.7859161671875 0.825338628125 0.7972482921874999 0.825338628125 0.8052474406250001 0.840003734375 0.7952485078125 0.841336925 0.8052474406250001 0.8546688359375001 0.791248934375 0.8593350031250001 0.7905823359374999 0.8553354296875 0.8192459453125001 0.8493360703124999 0.833244453125 0.84200351875 0.837910621875 0.8326711843749999 0.8579084890625 0.8280050109375001 0.883905715625 0.8380039453125001 0.8845723124999999 0.8566686203125 0.882572528125 0.8653343640625 0.882572528125 0.8753332968749999 0.882572528125 0.8766664890625 0.8585750859375001 0.8766664890625 0.8412436015625 0.878666278125 0.8239121171875 0.8973309531250001 0.8252453078125 0.9039969062500001 0.8265784999999999 0.9226615812500001 0.8232455203125 0.9359934921875 0.80391425 0.9386598749999999 0.785249575 0.945992425 0.770584471875 0.9639905078125001 0.7485868171875001 0.971323059375 0.7332551203125 0.9606575312500001 0.7192566125 0.9399930671875 0.7105908703125 0.924661371875 0.71259065625 0.90799648125 0.7159236359375 0.897997546875 0.7105908703125 0.8833324453125 0.717256825 0.8553354296875 0.7199232078125 0.8426701140624999 0.7139238484375 0.8353375625 0.7092576796875 0.8186726765625 0.717256825 0.8100069328125 0.7092576796875 0.7973416171875 0.7279223546875 0.7973416171875 0.7532529875 0.7926754500000001 0.77458404375 0.788009278125 0.7899157421874999
3 0.4587110703125 0.751919796875 0.45604468750000005 0.7485868171875001 0.468710003125 0.7305887390625 0.47404277031250003 0.7325885234375 0.48804127812500003 0.72392278125 0.49404063593750003 0.7225895890625 0.49537382812499997 0.7052581046874999 0.49070765625 0.6919261953125 0.48404170312500006 0.6865934296875 0.48137532031249997 0.6732615203125001 0.468043409375 0.6752613046875 0.46737681249999996 0.6632625859375 0.4447125625 0.6639291796875 0.4280476765625 0.667928753125 0.415382359375 0.6579298203125 0.40205045000000006 0.6525970546875 0.392051515625 0.672594921875 0.381385984375 0.6879266203125 0.3833857734375 0.7039249140625 0.3900517265625 0.7199232078125 0.4007172578125 0.740587671875 0.41004959375 0.7672514921875 0.41604895312499995 0.7725842578125001 0.4333804375 0.77458404375 0.4473789453125 0.771251065625 0.4693766015625 0.762585325 0.47004319531250005 0.7539195828125 0.4653770265625 0.751919796875 0.4587110703125 0.751919796875
3 0.6666888875 0.7605855390625 0.6620227187500001 0.74658703125 0.6520237859375 0.7359215 0.637358684375 0.7345883125 0.6193606015625 0.733921715625 0.6100282625 0.7285889484375 0.5960297578125 0.7312553328125 0.586030825 0.7319219296874999 0.586030825 0.7385878828125 0.5793648671875 0.7492534140625 0.5620333828125 0.745253840625 0.5540342375 0.7592523484375 0.5493680671875001 0.775917234375 0.5493680671875001 0.791248934375 0.5520344500000001 0.8119133937499999 0.5746987 0.8152463750000001 0.594696565625 0.8112468015625 0.610694859375 0.8125799921875 0.6140278359375 0.7892491484375 0.6200271953125001 0.775917234375 0.62735975 0.7692512812500001 0.638025278125 0.7672514921875 0.6500239953125 0.7692512812500001 0.664022503125 0.7732508515625 0.6666888875 0.7605855390625
3 0.9259945625 0.4432860515625 0.9313273234375 0.4399530703125 0.925327965625 0.430620734375 0.9193286046875 0.42328818281249997 0.9186620078125 0.412622653125 0.92666115625 0.403956909375 0.92666115625 0.3932913828125 0.92666115625 0.3832924484375 0.945992425 0.3759598984375 0.9466590234375 0.366627559375 0.93799328125 0.36596096562499997 0.9306607296875 0.36596096562499997 0.9226615812500001 0.3579618171875 0.9313273234375 0.3492960734375 0.9199951984375 0.339297140625 0.91532903125 0.32196565625 0.91532903125 0.3146331046875 0.925327965625 0.3066339609375 0.9439926406250001 0.30463417187499997 0.9446592390624999 0.29730162187500003 0.9273277500000001 0.29730162187500003 0.920661796875 0.29730162187500003 0.9073298859375001 0.29730162187500003 0.897997546875 0.296635028125 0.9019971218749999 0.2913022609375 0.89999733125 0.2826365203125 0.891331590625 0.27997013593750003 0.88133265625 0.2859694953125 0.8726669140625001 0.300634596875 0.8666675546875 0.31729948750000003 0.8580018125000001 0.319965871875 0.8680007453125 0.33329778125 0.863334578125 0.33996373750000003 0.8473362859375 0.33996373750000003 0.840670328125 0.349962671875 0.852002453125 0.3606282 0.8526690468749999 0.3752933015625 0.8506692625 0.39529116875 0.85000266875 0.40995626874999996 0.852002453125 0.431287328125 0.8593350031250001 0.4486188125 0.867334153125 0.46728348906250006 0.8740001062499999 0.45995093750000005 0.878666278125 0.4679500859375 0.886665421875 0.465283703125 0.8906649968749999 0.45328498437500003 0.8906649968749999 0.4399530703125 0.908663075 0.43262052031250003 0.916662221875 0.43662009375000005 0.9259945625 0.4432860515625
1 0.4131245078125 0.1542752765625 0.425466528125 0.1505726671875 0.434723046875 0.1604462890625 0.4445966640625 0.1579778828125 0.45385317968749994 0.1555094796875 0.466195203125 0.1555094796875 0.4729833125 0.143784559375 0.4594070890625 0.1369964453125 0.4513847734375 0.122803121875 0.4408940546875 0.12095181562499999 0.42731783125 0.1289741328125 0.419295515625 0.120334715625 0.40448508906249997 0.11971761249999999 0.4094218984375 0.1314425359375 0.4131245078125 0.145635859375 0.4131245078125 0.1542752765625
1 0.5248198046875 0.0339405625 0.5198829968750001 0.025301143749999998 0.5291395156250001 0.0030855031250000002 0.5235856046875 0.011724921874999999 0.5075409765625001 0.027769549999999997 0.49396475000000006 0.041962875 0.4921134484375 0.053687796875000006 0.506923875 0.048133885937499996 0.5143290859375 0.0561562 0.5038383671875 0.06541271875 0.5137119875 0.0759034375 0.540864434375 0.0759034375 0.543332840625 0.08639415624999999 0.5482696484375 0.07960604375 0.5519722546875 0.0604759109375 0.5495038515624999 0.046282581249999996 0.54518414375 0.045665479687499996 0.54456704375 0.0320892578125 0.539630234375 0.032706359375 0.5248198046875 0.0339405625
3 0.9248991953125 0.5390345 0.9157986093750001 0.5306339609374999 0.9080981171875001 0.538334453125 0.91159834375 0.55303539375 0.9038978468750001 0.555135528125 0.8940972234375 0.5600358437499999 0.88429659375 0.5684363796875 0.8989975343750001 0.57473678125 0.9185987890625 0.57473678125 0.9346998203125001 0.5698364687499999 0.9459005390625 0.5684363796875 0.964101703125 0.57473678125 0.9802027343749999 0.5740367375 0.9879032265625 0.564236109375 0.99609375 0.5625 0.99609375 0.53125 0.99070340625 0.52293346875 0.9837029578125 0.522233421875 0.9809027765625 0.5376344109375 0.9746023750000001 0.5243335578125 0.96550179375 0.5425347234375 0.9613015234375 0.548835125 0.9494007609375 0.548835125 0.93679995625 0.545334903125 0.9248991953125 0.5390345
1 0.11844758281250001 0.7007448468749999 0.1254480265625 0.6881440421875 0.13034834374999998 0.68114359375 0.13174843281249998 0.6678427421875 0.13174843281249998 0.6608422921875 0.11774753593750001 0.6706429218750001 0.11004704218750001 0.6825436828125 0.10514673125 0.7007448468749999 0.11844758281250001 0.7007448468749999
1 0.341761871875 0.5145329296875001 0.345962140625 0.50263216875 0.34246191718749996 0.4977318546875 0.3333613359375 0.49563171875 0.321460575 0.501932125 0.3123599921875 0.51173275 0.30535954374999996 0.5271337375 0.2927587375 0.5285338234375 0.289958559375 0.5299339140625 0.29695900468750003 0.5362343203125 0.3102598546875 0.5362343203125 0.32566084375000004 0.5299339140625 0.3326612890625 0.5257336484375 0.341761871875 0.5145329296875001
1 0.046505174999999996 0.261187128125 0.046505174999999996 0.25020802343750004 0.037837465625 0.2461630890625 0.02916975 0.24674093749999998 0.0251248171875 0.25483080468749997 0.0216577296875 0.262920671875 0.0216577296875 0.2692769953125 0.0147235578125 0.2727440828125 0.0251248171875 0.28198964531250004 0.0320589890625 0.279678253125 0.040726703125 0.2733219296875 0.043038090625 0.2669656046875 0.046505174999999996 0.261187128125