1 0.67027163125 0.1911468828125 0.712085009375 0.1831824296875 0.730633803125 0.16725352031250001 0.67687374375 0.1374916171875 0.6476358156249999 0.1278504375 0.56715291875 0.1341381625 0.5086770625 0.148809525 0.47975352187500003 0.1639000671875 0.484154928125 0.1869550625 0.44663816250000005 0.1852783375 0.439826459375 0.1945003328125 0.434796278125 0.1823440625 0.398327465625 0.2003688796875 0.39801307812500003 0.2213279671875 0.37569165 0.22677732968750003 0.37569165 0.23013078281250002 0.441084003125 0.20749497031250003 0.49044265625000005 0.20330315468750002 0.528169015625 0.1932427921875 0.6350603625 0.2024647875 0.67027163125 0.1911468828125
1 0.60717281875 0.0004660703125 0.519435121875 0.0004660703125 0.48343120937500006 0.0349552578125 0.45476789687499997 0.0638516046875 0.43379474374999993 0.10393363281250001 0.41352069374999995 0.1440156578125 0.40198545937499996 0.1673191671875 0.41282158750000003 0.168717375 0.44393176875 0.1346942578125 0.47119686875 0.0955443703125 0.5103467562499999 0.0605891125 0.5575363531249999 0.0349552578125 0.5708193500000001 0.0302945578125 0.5792086125 0.0316927671875 0.584801453125 0.0163124546875 0.60717281875 0.0004660703125
1 0.4498741625 0.2181208046875 0.47958613124999994 0.254474275 0.50020973125 0.2959545125 0.5157648218750001 0.31483035 0.554739934375 0.3984899328125 0.5585850125 0.41946308749999994 0.56802293125 0.3933631625 0.550894853125 0.37751677968749997 0.54110738125 0.3556114828125 0.5620805375 0.3532811328125 0.5496714218750001 0.3278803125 0.531319909375 0.3337061875 0.537262303125 0.3024794921875 0.49811241562499997 0.2297725578125 0.47644015624999997 0.178038775 0.46175895 0.1169835953125 0.45616610625 0.1183818046875 0.43099832187500003 0.1113907546875 0.431347875 0.09181580781250001 0.43694071562500003 0.08808724999999999 0.4400866875 0.0792319171875 0.42715324375 0.0680462328125 0.429949665625 0.0587248328125 0.41282158750000003 0.061521254687500006 0.41526845625000003 0.0340231171875 0.39674216875 0.0251677828125 0.39639261875 0.033090975 0.40198545937499996 0.0540641296875 0.397790828125 0.058258762500000005 0.419113534375 0.13236390781250001 0.4397371375 0.12047912031250001 0.44078579375000004 0.1384228203125 0.431347875 0.1565995546875 0.4498741625 0.2181208046875
1 0.38136185624999996 0.0983407921875 0.412472034375 0.0992729296875 0.43763982187500006 0.0824944078125 0.42365771875 0.0657158828125 0.395343959375 0.055928412500000003 0.374021253125 0.0535980625 0.3516498875 0.0638516046875 0.32508389375 0.0773676375 0.295371925 0.0950783 0.2936241625 0.1048657703125 0.29502237187499997 0.1174496625 0.303411634375 0.1160514546875 0.332424496875 0.1081282625 0.36248601874999997 0.10206934999999999 0.377167225 0.0960104421875 0.38136185624999996 0.0983407921875
1 0.30925605625 0.1542675875 0.27032871875 0.1835832375 0.23572664375 0.20809304218750002 0.21590253750000002 0.2297193375 0.20544982812499998 0.24894271250000002 0.20725201875 0.268646675 0.22383218125 0.2811418671875 0.2505046125 0.2821030375 0.237528834375 0.2652825828125 0.24257497187500002 0.2542291421875 0.27249135 0.23692810468749997 0.31466263125 0.20953479531250002 0.36656574375 0.1831026546875 0.396842559375 0.1706074578125 0.39720300000000003 0.1566705125 0.38350634375000003 0.1489811625 0.36188004687499997 0.13936947500000002 0.30925605625 0.1542675875
1 0.603632478125 0.2439458703125 0.579594015625 0.24572649531250002 0.553774928125 0.24572649531250002 0.528846153125 0.2653133921875 0.52973646875 0.2807454875 0.5426460125 0.2997388421875 0.56801994375 0.28846153750000003 0.609419515625 0.2872744546875 0.645477209375 0.27599714999999997 0.640580484375 0.2653133921875 0.603632478125 0.2439458703125
1 0.7122507125 0.2118945875 0.679754275 0.21664292500000001 0.6459223656249999 0.2213912625 0.616542021875 0.239791075 0.616096865625 0.24572649531250002 0.63701923125 0.2504748328125 0.6490384625 0.2724358953125 0.6757478625 0.2629392203125 0.7247151 0.24810066718749998 0.73094729375 0.2219848046875 0.7122507125 0.2118945875
1 0.5319622500000001 0.6879154796875 0.526620371875 0.6149097828125 0.526620371875 0.5781101625 0.51148504375 0.5603038921875 0.490562678125 0.5603038921875 0.47676282187499996 0.5887939203125 0.485220796875 0.6244064578125 0.49501424375 0.6534900296874999 0.507033475 0.6920702750000001 0.507923790625 0.7104700875 0.50569800625 0.7425213671875001 0.509704415625 0.7656695171875 0.521278490625 0.8042497624999999 0.5177172375 0.784069325 0.51727208125 0.7413342828125 0.5319622500000001 0.6879154796875
1 0.47498219375 0.5935422578125 0.48655626874999997 0.5674264 0.4985755 0.5543684703125 0.516381765625 0.5603038921875 0.515046296875 0.5448717953125 0.507033475 0.5246913578125 0.5484330468749999 0.4973884125 0.5653490031249999 0.4795821453125 0.578258546875 0.4605887953125 0.61787749375 0.42735042968750003 0.6508190875000001 0.38817663750000003 0.663283475 0.3448480546875 0.653490028125 0.33357074999999997 0.62455484375 0.343067425 0.597400284375 0.36028015 0.571581196875 0.3840218421875 0.5733618218750001 0.3970797703125 0.55644586875 0.41607312500000004 0.553329771875 0.4113247875 0.53062678125 0.4457502375 0.533742878125 0.4694919296875 0.49724002812499996 0.5092592578125 0.49100783437500006 0.5122269703125 0.46875 0.5531813875 0.43580840312499997 0.5965099703125001 0.46340811875 0.626780625 0.48165954375000003 0.6285612546875 0.47498219375 0.5935422578125
1 0.5448717937499999 0.5876068375 0.5453169531250001 0.5543684703125 0.54220085625 0.5146011421875001 0.532852565625 0.4730531828125 0.515046296875 0.4445631546875 0.48922720937499997 0.42972459531249996 0.47587250625 0.44634377968749994 0.4812143875 0.4730531828125 0.489672365625 0.49501424531250005 0.502581909375 0.5086657171875 0.507923790625 0.51756885 0.5119302 0.5324074078125001 0.5181623937500001 0.5555555546875001 0.520833334375 0.5591168078125001 0.523059115625 0.5686134828125 0.5243945875 0.6101614421875 0.5448717937499999 0.5876068375
1 0.6494836187499999 0.4546533703125 0.685541309375 0.43862772968749997 0.704237890625 0.42260208749999995 0.679754275 0.41013770000000005 0.6566061249999999 0.40657645000000003 0.63212250625 0.40954415781250003 0.63034188125 0.4172602078125 0.615562678125 0.42562915468750007 0.6125356125 0.4380341875 0.600783475 0.4339981 0.5958422375 0.44723409218750004 0.586004275 0.44236704531250004 0.5791488593749999 0.45643399999999995 0.571225071875 0.45073599218749993 0.541666665625 0.4674738828125 0.477653134375 0.4635565046875 0.47987891875 0.4831434 0.451834046875 0.47542735 0.42022791875000004 0.49620132968749997 0.396189459375 0.515788225 0.44426638125 0.5288461546875001 0.464298434375 0.5258784421875 0.48254985625 0.5009496671875 0.526887465625 0.47584282968749997 0.571581196875 0.4819563171875 0.6205484343750001 0.4766144328125 0.6494836187499999 0.4546533703125
1 0.5555555562500001 0.400641025 0.57380698125 0.3792735046875 0.570690884375 0.36977682968750003 0.5827101125 0.3715574546875 0.6040776343750001 0.36028015 0.6530448718749999 0.37571224999999997 0.686431625 0.3727445375 0.71269586875 0.3555318125 0.722934471875 0.3264482421875 0.7140313375 0.3175451078125 0.671741453125 0.3145773953125 0.664618946875 0.34544159531249996 0.65527065625 0.3383190875 0.6514868218750001 0.3157644828125 0.6312321937500001 0.3169515671875 0.6298967249999999 0.3400997171875 0.6136485031250001 0.3228869875 0.596064815625 0.3288224125 0.564903846875 0.3472222203125 0.567129628125 0.3543447296875 0.5521966468749999 0.3601722328125 0.5488782062500001 0.3792735046875 0.539489446875 0.37312225 0.514075046875 0.399022275 0.510743115625 0.39648622968749997 0.50136784375 0.4119722875 0.49397554687499995 0.4071699921875 0.48866064375 0.4249223 0.47720797812500004 0.41785375 0.477653134375 0.43744064531250004 0.46385327500000006 0.43031813750000003 0.46324624375 0.450822325 0.450498575 0.442782525 0.45053904375 0.4637723375 0.437143875 0.4552469125 0.43783184375 0.47672235 0.428240740625 0.4778015203125 0.42512464375 0.48967236718749996 0.472311253125 0.4617758796875 0.47364672499999994 0.4540598296875 0.491898146875 0.42972459531249996 0.51148504375 0.43625356249999997 0.523059115625 0.4522792046875 0.5346331906249999 0.43744064531250004 0.5555555562500001 0.400641025
1 0.734508546875 0.4071699921875 0.7763532750000001 0.38817663750000003 0.796385328125 0.3858024703125 0.789262821875 0.3525641046875 0.77012108125 0.34603513750000003 0.741185896875 0.3448480546875 0.71937321875 0.34603513750000003 0.7015669531250001 0.36918328749999996 0.6810897437500001 0.3745251671875 0.652599715625 0.37571224999999997 0.641470796875 0.4042022796875 0.6815349 0.41310541250000005 0.7015669531250001 0.41013770000000005 0.734508546875 0.4071699921875
1 0.5653490031249999 0.515788225 0.56801994375 0.5365622046875 0.586716525 0.5318138671875 0.6192129625 0.5128205125 0.659722221875 0.5033238375 0.6922186625 0.4973884125 0.710470084375 0.4861111125 0.7251602562499999 0.4635565046875 0.686431625 0.4451566953125 0.677528490625 0.44693732031250005 0.65527065625 0.45643399999999995 0.6325676625 0.4665242171875 0.6152065531249999 0.47720797968750006 0.58894230625 0.4819563171875 0.57380698125 0.49085945000000003 0.5653490031249999 0.515788225
1 0.7754629625 0.5508072171875 0.78080484375 0.5300332375 0.769675925 0.5169753078125 0.740740740625 0.5134140546875 0.706463675 0.5134140546875 0.677083334375 0.5246913578125 0.627225784375 0.5430911671875001 0.58716168125 0.5543684703125 0.5698005687500001 0.5703941125 0.572471509375 0.5798907875 0.597400284375 0.5816714171874999 0.645477209375 0.5899810078125001 0.6810897437500001 0.6048195625 0.71937321875 0.592355175 0.7514244999999999 0.5798907875 0.7754629625 0.5508072171875
1 0.502581909375 0.8873456796875001 0.5061431625 0.9277065546875001 0.5194978625 0.8986229828125 0.516826921875 0.8707264953125 0.489672365625 0.8452041796875 0.446937321875 0.8072174750000001 0.415331196875 0.7799145296875001 0.38595085625 0.7680436828125 0.34944800625 0.7585470078125 0.30938390312499997 0.7585470078125 0.29380341875 0.768637225 0.29291310625 0.791785375 0.328525640625 0.8030626796875 0.348112534375 0.8262108250000001 0.3547898875 0.8048433046874999 0.391292734375 0.8173076921875 0.416221509375 0.8315527078124999 0.447827634375 0.8475783453125001 0.48299501562499997 0.8689458703125 0.502581909375 0.8873456796875001
1 0.182561728125 0.8688492078125 0.175947971875 0.8365152828125 0.135714284375 0.848273075 0.10981040625 0.8857510296875001 0.0861111125 0.9254335671874999 0.0668209875 0.9643812453124999 0.046979718749999996 0.9915711328124999 0.046875 0.9958333328125001 0.084375 0.9958333328125001 0.10374779687499999 0.9783436203125 0.13516314062499998 0.9599720749999999 0.152799825 0.9261684296875 0.17429453125 0.9070620203124999 0.182561728125 0.8688492078125
1 0.13516314062499998 0.5219944171875001 0.105401234375 0.55212375 0.0954806 0.5903365671875 0.093827159375 0.6175264546875 0.1048500875 0.6432466203125 0.124691359375 0.6542695453125 0.132958553125 0.6461860671874999 0.14894179999999999 0.6116475578125 0.15941358125 0.581518225 0.169334215625 0.5513888875 0.18752204687500001 0.5175852453124999 0.20515873125 0.48378160000000003 0.196891534375 0.4764329796875 0.16547619062500002 0.5028880078125 0.13516314062499998 0.5219944171875001
1 0.56815768125 0.7672930296875 0.6263684625 0.7918028328125 0.653431371875 0.8115468421875001 0.667728759375 0.7856753828125 0.642708334375 0.7523148171875 0.571732025 0.7026143796875 0.535477940625 0.6937636171875 0.52730800625 0.7148692796875 0.5043300656249999 0.6951252703125 0.46501225625 0.6958061 0.49309640625 0.719635075 0.50228758125 0.7182734203125001 0.50228758125 0.7386982578125 0.523223040625 0.7407407421875 0.56815768125 0.7672930296875
1 0.179766415625 0.1657828296875 0.13999368750000002 0.11611952968749999 0.1147411625 0.056355220312499996 0.08506944375 0.0016414125000000002 0.037089646875 0.0016414125000000002 0.064867425 0.0546717171875 0.107796715625 0.11948653281249999 0.1545138875 0.1758838375 0.18544823125 0.2045033671875 0.22269570625 0.21544612968750002 0.179766415625 0.1657828296875
1 0.450757575 0.736742425 0.488162878125 0.7613636374999999 0.5127840906250001 0.8042929296875 0.5042613625000001 0.7739899 0.490530303125 0.7449494953125 0.45359848437499994 0.7114899 0.414772728125 0.6805555546875001 0.3792613625 0.6470959578125 0.314393940625 0.6022727296875 0.25994318125000004 0.57449495 0.24005681874999998 0.5549242421875 0.2121212125 0.5366161625 0.21259469687500002 0.5486111124999999 0.231534090625 0.5801767671875 0.264204546875 0.6073232328125 0.28219696875 0.6237373749999999 0.30918560624999997 0.6388888875000001 0.326704546875 0.6534090921875 0.350852271875 0.6710858578125001 0.40435605937499997 0.7070707078125 0.450757575 0.736742425
1 0.09848485 0.8352272703124999 0.14157196875 0.8276515171875 0.19270833437499998 0.7803030296875 0.2230113625 0.7405303046875 0.267518940625 0.698232325 0.300662878125 0.6666666671875 0.30965909062499997 0.65151515 0.293087121875 0.6420454546875 0.264204546875 0.6407828296875 0.2433712125 0.6565656578125 0.23768939375000003 0.6534090921875 0.196022728125 0.6792929296875 0.16903409062500002 0.71401515 0.14535985 0.73800505 0.173295453125 0.7253787875000001 0.1605113625 0.7569444453124999 0.147727271875 0.7784090921875 0.14157196875 0.8106060625 0.09848485 0.8352272703124999
1 0.24195075625 0.39141414218750004 0.20691287812499998 0.4084595953125 0.17803030312499998 0.4248737375 0.160037878125 0.4337121203125 0.157670453125 0.4551767671875 0.16903409062500002 0.4526515171875 0.16571969687500002 0.4602272703125 0.218276515625 0.4457070703125 0.267518940625 0.44318181718750005 0.310606059375 0.44823232500000004 0.329545453125 0.450757575 0.32007575625 0.424242425 0.298295453125 0.4103535328125 0.27035985 0.3958333328125 0.24195075625 0.39141414218750004
1 0.157670453125 0.4071969703125 0.13257575625 0.4147727296875 0.1136363625 0.4210858578125 0.095643940625 0.4330808078125 0.080018940625 0.44823232500000004 0.062973484375 0.4684343421875 0.05918560625 0.4974747453125 0.07481060625 0.51199495 0.089962121875 0.5012626250000001 0.121212121875 0.4728535328125 0.140151515625 0.4614899 0.15435605937500002 0.4476010078125 0.16098485 0.4311868671875 0.172348484375 0.4248737375 0.1964962125 0.40467171718749995 0.220170453125 0.39204545468749996 0.202651515625 0.3945707078125 0.178977271875 0.40151515 0.157670453125 0.4071969703125
1 0.682022796875 0.9196290578124999 0.703274728125 0.9170530671874999 0.704240725 0.8887171546875001 0.690233771875 0.8648892328125 0.658838871875 0.8494332828125 0.6226139875000001 0.8352653296874999 0.581076121875 0.8326893328124999 0.5458172343750001 0.8417053078125001 0.5153883312499999 0.8500772796874999 0.516354328125 0.8636012375 0.5289122875000001 0.866821225 0.55789219375 0.866821225 0.5873551 0.8706852125 0.611505021875 0.8816331796875 0.645314915625 0.8970891296874999 0.682022796875 0.9196290578124999
1 0.35499585312500004 0.5797401875 0.38868159062499996 0.5590105046875 0.39852819375 0.5334438921875 0.39179104374999996 0.5182421203125 0.37987147499999996 0.5306799328125 0.360178275 0.5417357671875 0.331674959375 0.5521006078124999 0.31042703125000004 0.554173575 0.30213515625 0.5486456625 0.307835821875 0.5348258703125001 0.31664593750000003 0.5237700375000001 0.31664593750000003 0.5037313421875 0.313018240625 0.4899115546875 0.307317578125 0.4830016578125 0.294361525 0.4816196796875 0.27777777812500004 0.4830016578125 0.26585820937500004 0.5030403546875 0.263266996875 0.5265339953125 0.261712271875 0.5507186296875 0.267412934375 0.5721393046875 0.27674129375 0.5818131578125 0.31146351562499996 0.6011608625 0.3378938625 0.5907960203125 0.35499585312500004 0.5797401875
1 0.184494196875 0.20384190000000002 0.15495439375 0.1762023203125 0.141998340625 0.16238253281249998 0.12385986874999999 0.156163625 0.09794776250000001 0.1520176875 0.066853234375 0.1478717546875 0.03990464375 0.1457987828125 0.005182421875 0.1533996671875 0.002591209375 0.1748203421875 0.011401328125 0.20038695468749998 0.0321310125 0.20038695468749998 0.061670812500000005 0.1996959671875 0.1010572125 0.199004975 0.1373341625 0.2017689328125 0.17309286875000002 0.2086788296875 0.184494196875 0.20384190000000002
1 0.23735489375 0.9604754 0.26274875625 0.9459646203125001 0.28244195625 0.9245439453125 0.30472636875000003 0.90450525 0.29384328437499996 0.8934494203125001 0.26119403124999996 0.8975953578125001 0.232172471875 0.9017412921875 0.199004975 0.9197070203125 0.176202321875 0.9342178000000001 0.151844940625 0.9584024328125 0.13111525625 0.9860420124999999 0.128125 0.9958333328125001 0.196875 0.9958333328125001 0.21973465937499997 0.97705915 0.23735489375 0.9604754