1 0.781640625 0.3359375 0.771875 0.324609375 0.78203125 0.324609375 0.791015625 0.337109375 0.80234375 0.3484375 0.813671875 0.353515625 0.804296875 0.341015625 0.792578125 0.31796875 0.823046875 0.30625 0.8046875 0.306640625 0.784765625 0.29609375 0.80078125 0.288671875 0.769921875 0.26796875 0.745703125 0.25390625 0.7203125 0.25546875 0.707421875 0.266796875 0.697265625 0.27421875 0.70859375 0.300390625 0.719921875 0.31875 0.741796875 0.334765625 0.753515625 0.328125 0.7640625 0.3359375 0.781640625 0.3359375
1 0.67578125 0.118359375 0.66015625 0.112109375 0.648046875 0.128515625 0.637109375 0.144140625 0.620703125 0.159375 0.605078125 0.1609375 0.611328125 0.17109375 0.622265625 0.178125 0.63828125 0.1734375 0.6484375 0.16484375 0.654296875 0.1578125 0.6578125 0.169140625 0.664453125 0.157421875 0.66953125 0.14140625 0.67578125 0.128125 0.67578125 0.118359375
1 0.86328125 0.09140625 0.88515625 0.091796875 0.900390625 0.089453125 0.88125 0.084375 0.86328125 0.07265625 0.86328125 0.059375 0.87734375 0.031640625 0.862890625 0.046875 0.85078125 0.064453125 0.82421875 0.07109375 0.81015625 0.08203125 0.78203125 0.094140625 0.773046875 0.109765625 0.762109375 0.131640625 0.755078125 0.141015625 0.760546875 0.149609375 0.78203125 0.155859375 0.801171875 0.139453125 0.832421875 0.117578125 0.848828125 0.101171875 0.85390625 0.088671875 0.86328125 0.09140625
1 0.946484375 0.23203125 0.967578125 0.208203125 0.94375 0.220703125 0.942578125 0.1921875 0.934765625 0.21953125 0.913671875 0.232421875 0.905859375 0.242578125 0.89609375 0.257421875 0.890234375 0.26875 0.886328125 0.283203125 0.888671875 0.298828125 0.88984375 0.302734375 0.89453125 0.3015625 0.911328125 0.293359375 0.92109375 0.27890625 0.932421875 0.25625 0.94375 0.23203125 0.946484375 0.23203125
1 0.960546875 0.246484375 0.940625 0.25546875 0.933984375 0.255078125 0.92109375 0.279296875 0.909375 0.2953125 0.89296875 0.305078125 0.888671875 0.303515625 0.88125 0.314453125 0.905859375 0.31171875 0.923046875 0.298828125 0.942578125 0.28359375 0.941796875 0.271875 0.96328125 0.26953125 0.9484375 0.259375 0.960546875 0.246484375
1 0.597075484375 0.6523676171874999 0.5974732703125001 0.64162741875 0.58474414375 0.6531631875 0.5692305234374999 0.6555498984375 0.5565013984375 0.6678812390625 0.535546875 0.6796875 0.512890625 0.69765625 0.503515625 0.713671875 0.49802698437500004 0.7307312890625 0.5071760421875 0.7382892062499999 0.5334298625 0.731526859375 0.55729696875 0.7088531062500001 0.5803685078124999 0.6861793515625 0.6070201140625 0.688963846875 0.5982688406250001 0.6790192234375 0.5903131375 0.6742458015625 0.597075484375 0.6523676171874999
1 0.8027303984374999 0.6221359453125 0.779296875 0.621875 0.75234375 0.635546875 0.7454493390625 0.653560971875 0.7370958515625 0.6650967421875 0.7390847765624999 0.6814059343750001 0.7502227578125 0.68737270625 0.77806771875 0.6746435859375 0.7919902000000001 0.6583343937499999 0.8102883171874999 0.645207484375 0.8090949609375 0.638842921875 0.83057535625 0.63287614375 0.8134705984374999 0.6285005078125 0.8250063640624999 0.6141802453125 0.8027303984374999 0.6221359453125
1 0.7406759171874999 0.5099605390625 0.719991090625 0.5242808046875 0.7267534375 0.5071760421875 0.714422096875 0.5147339609375 0.6989084765625 0.5147339609375 0.683394859375 0.5163251015625 0.6730524453125 0.5254741609375 0.6670856671875 0.5378054999999999 0.6666878828125 0.5509324109375 0.6877704921875 0.564059315625 0.72556008125 0.5648548859375 0.72357115625 0.553319121875 0.72556008125 0.5382032859375 0.743062628125 0.5382032859375 0.7645430234374999 0.53462321875 0.7386869921875 0.525076375 0.7406759171874999 0.5099605390625
1 0.62421875 0.34296875 0.609765625 0.3359375 0.58984375 0.32890625 0.565234375 0.32890625 0.572265625 0.344921875 0.578125 0.35859375 0.594140625 0.371875 0.610546875 0.38125 0.620703125 0.36953125 0.634765625 0.35234375 0.62421875 0.34296875
1 0.4355196015625 0.052446964062500004 0.442652390625 0.0423771484375 0.453561359375 0.038600965625 0.463631175 0.0213983625 0.4791554765625 0.0155243015625 0.478316328125 0.0067132109375 0.48209250781249996 0.0033566046874999996 0.4854491125 0.000419575 0.4262889375 0.0016783046875 0.428386815625 0.0050349093749999995 0.428386815625 0.018461331249999997 0.428386815625 0.038181390625 0.4355196015625 0.052446964062500004
1 0.985528690625 0.6188553359375 0.9717345500000001 0.64518960625 0.9667185 0.6426815828125 0.9491623203125 0.6395465515625001 0.9604484328125 0.6520866765625 0.96170245 0.671523875 0.980512640625 0.6633727921875 0.99609375 0.66015625 0.99609375 0.609375 0.985528690625 0.6188553359375
1 0.951043340625 0.201896065625 0.967345503125 0.20377708593750002 0.9842746796874999 0.20377708593750002 0.99609375 0.1953125 0.99609375 0.17578125 0.99117175 0.16176765625 0.981766653125 0.166156703125 0.974242578125 0.152362559375 0.9585674140625 0.1642756828125 0.9479083046874999 0.1630216671875 0.939757221875 0.14358446875 0.939757221875 0.1492275265625 0.9385032109375 0.17430778593750001 0.928471109375 0.19123695624999998 0.9497893234375001 0.1849668953125 0.951043340625 0.201896065625
1 0.8770565828124999 0.123520265625 0.8745485546875 0.1304173359375 0.8826996406250001 0.14107644531250002 0.8958667734375 0.14860052343750002 0.9033908515625001 0.14671950312499998 0.9146769656249999 0.14107644531250002 0.9109149296875 0.1291633234375 0.9084069031249999 0.1172501984375 0.8895967109375 0.11474217499999999 0.8770565828124999 0.123520265625
3 0.7357980937499999 0.7841542734375 0.741015625 0.766796875 0.7379762999999999 0.7500290421875 0.727811340625 0.7391380125 0.7198245812499999 0.72098629375 0.7023989296875001 0.7180820156250001 0.6915078984374999 0.7333294609375 0.685699346875 0.7478508359375 0.6827950734375 0.76309828125 0.6827950734375 0.772537175 0.6769865234375 0.7892367578124999 0.6660954921875 0.7914149609375001 0.650390625 0.782421875 0.6370527421875 0.7892367578124999 0.6210792296875 0.7892367578124999 0.6078125 0.795703125 0.59765625 0.808984375 0.594140625 0.834765625 0.596392890625 0.8480483281250001 0.603653578125 0.8691043203125 0.6087360578125 0.893790659375 0.6174488828125 0.9155727234375 0.630518121875 0.9402590625 0.6399570156250001 0.9562325749999999 0.6523001875000001 0.9409851281250001 0.671177971875 0.9235594796875001 0.694412175 0.893790659375 0.7111117578124999 0.8720085984375 0.7190985125 0.857487221875 0.70820748125 0.8357051562500001 0.70820748125 0.8175534375 0.7263592 0.8001277890624999 0.7357980937499999 0.7841542734375
3 0.41342355781249995 0.4835618046875 0.4177799734375 0.4697664953125 0.428698575 0.469738925 0.4475487921875 0.4784793203125 0.4344795546875 0.46105367187499996 0.4352056203125 0.4414498125 0.457713753125 0.439271609375 0.457713753125 0.41748954375 0.4490009296875 0.408050653125 0.4395620359375 0.390625 0.4286710046875 0.365938659375 0.4141496296875 0.3594040421875 0.3880111515625 0.36521259375000004 0.3749419140625 0.38118610468749997 0.3749419140625 0.39933782500000004 0.3771201203125 0.41168099687500004 0.3734897765625 0.42983271562500003 0.36332481250000004 0.426202371875 0.34735130000000003 0.42402416406250004 0.33646027031250003 0.42983271562500003 0.31613034375 0.43999767500000003 0.3052393125 0.439271609375 0.27982690625 0.432010921875 0.2892658015625 0.4625058078125 0.297978625 0.4654100828125 0.30886965625 0.4712186328125 0.32193889531250003 0.48283573437499994 0.32992565156250003 0.4988092453125 0.3357341984375 0.5140566921875 0.3429948875 0.53148234375 0.35824233125 0.5351126875000001 0.36913336406249997 0.53148234375 0.36913336406249997 0.544551578125 0.37276370625 0.5670597109375 0.37276370625 0.5888417734375 0.3734897765625 0.6026370812499999 0.386559015625 0.5990067375 0.39890218437499997 0.5939242578124999 0.4147028671875 0.6040812859375 0.4352056203125 0.5975546015625001 0.44972700000000004 0.5743203984374999 0.4431923796875 0.5583468875 0.4359316921875 0.526399859375 0.44028810625 0.5205913093750001 0.444644515625 0.5205913093750001 0.4475487921875 0.5140566921875 0.44174024218749997 0.5140566921875 0.4286710046875 0.5075220734375 0.4221363828125 0.4995353171875 0.41342355781249995 0.4835618046875
3 0.7713754640625 0.40732458125 0.755401953125 0.3971596171875 0.7474151953125 0.38844679375 0.7474151953125 0.3775557609375 0.74305878125 0.37319934843749997 0.727811340625 0.37392541874999996 0.7249070625 0.36158225 0.717646375 0.35286942187500003 0.70820748125 0.3521433546875 0.7009467921875 0.35069121875000003 0.6864254187500001 0.344156596875 0.6646433546875 0.3427044609375 0.64866984375 0.34343053125 0.6297920546875 0.36376045625 0.6138185390625 0.38699465625 0.6130924734375001 0.404420309375 0.6174488828125 0.42402416406250004 0.647217703125 0.439271609375 0.654478390625 0.4596015359375 0.659560875 0.4690404265625 0.66899976875 0.4806575265625 0.6748083171875 0.48791821406249997 0.6827950734375 0.49154855781249995 0.7169203093750001 0.4857400078125 0.7394284375 0.47267077031250004 0.7423327140625 0.4516147765625 0.74305878125 0.44217588281250003 0.762662640625 0.43636733281250006 0.769923328125 0.42838057812499997 0.7728276015625 0.41603740624999996 0.7713754640625 0.40732458125
3 0.9325553781249999 0.3639240515625 0.9127768984375001 0.3644185109375 0.8840981015624999 0.3762856015625 0.8623417734375 0.40446993750000004 0.85344145625 0.43265427343749996 0.8450356015624999 0.4781447765625 0.8430577546875 0.5097903484375 0.8643196218750001 0.5290743671875 0.8853682624999999 0.527852 0.912232809375 0.5271259296874999 0.9379944609375 0.5107792734375 0.9602452546875 0.4746835421875 0.9646954093750001 0.44798259375000005 0.9637836921874999 0.42402416406250004 0.9587012078124999 0.40296816875 0.9536187265624999 0.38191217499999996 0.9325553781249999 0.3639240515625
3 0.25804484375 0.21491635625 0.2551405671875 0.16990009374999998 0.2551405671875 0.1365009296875 0.2703880109375 0.0965671484375 0.292170075 0.055907296875 0.29289614375 0.039207714062499996 0.267483734375 0.052276953125000004 0.252962359375 0.0682504640625 0.243523465625 0.06607225781250001 0.2391670546875 0.0537290890625 0.2246456796875 0.0573594328125 0.2268238828125 0.042838059375 0.22754995312499998 0.0268645421875 0.2137546484375 0.02904275 0.2137546484375 0.014521375 0.198507203125 0.0116171015625 0.1941507890625 0.03848164375 0.189794378125 0.03848164375 0.19342472187499998 0.0537290890625 0.196328996875 0.0617158484375 0.1796294140625 0.0726068796875 0.176725140625 0.050098746875 0.16292983125 0.048646609375 0.16002555937500001 0.060989778125000005 0.1484084578125 0.0711547390625 0.14259990625000002 0.06607225781250001 0.14332597656249998 0.0878543203125 0.14913452656249998 0.1009235578125 0.1592994890625 0.1074581796875 0.1651080390625 0.11834921093749999 0.166560175 0.1415834109375 0.166560175 0.16118726875 0.1651080390625 0.17716078125 0.1651080390625 0.1909560859375 0.1651080390625 0.20838173906250002 0.15784735156250002 0.230889871875 0.162203765625 0.230889871875 0.17745120625 0.22145097656249998 0.19487685937500002 0.21564242656250002 0.205767890625 0.21346421875 0.23045422968749998 0.1938603640625 0.24279739843749998 0.20765566875000002 0.232632434375 0.22290311406250002 0.22174140312500001 0.2265334578125 0.2195631953125 0.234520215625 0.2036490078125 0.26260003906249996 0.207221796875 0.281059453125 0.2195631953125 0.298414265625 0.25009527343750004 0.3090463046875 0.26167518749999996 0.299866403125 0.27837476875 0.2671933078125 0.266031596875 0.23960269531249997 0.25804484375 0.21491635625
3 0.4521614109375 0.84142996875 0.42918346874999996 0.84142996875 0.4151002140625 0.852548328125 0.3950871671875 0.8673728046875 0.3772977921875 0.8814560578125 0.3735916765625 0.9125874640625 0.37803902031250003 0.946683765625 0.3861924796875 0.9681792578125 0.3921222734375 0.9711441531249999 0.40175818281250003 0.9578021218749999 0.41139409374999997 0.9407539734375 0.4336308125 0.9452013156250001 0.4536438546875 0.9414951953124999 0.47291567968750003 0.9548372265625 0.49366994999999997 0.9592845703125 0.49780868749999996 0.9771579656249999 0.5115043828125 0.9801352890624999 0.5255425734375 0.9540960046875 0.527766246875 0.9318592859375 0.527766246875 0.9073988984374999 0.5225776796875 0.8770087156249999 0.49663484375 0.8644079109374999 0.4706920078125 0.85032465625 0.4521614109375 0.84142996875