1 0.4921875 0.198828125 0.480859375 0.200390625 0.471875 0.204296875 0.475 0.2203125 0.495703125 0.231640625 0.497265625 0.2140625 0.503125 0.215234375 0.50703125 0.226171875 0.519921875 0.226171875 0.524609375 0.21953125 0.53203125 0.230859375 0.53828125 0.225 0.5390625 0.217578125 0.55546875 0.226953125 0.5609375 0.212109375 0.55625 0.20625 0.55625 0.2015625 0.55625 0.18671875 0.5546875 0.175390625 0.54609375 0.166796875 0.52421875 0.158984375 0.50859375 0.149609375 0.504296875 0.15078125 0.50078125 0.159375 0.4984375 0.16875 0.492578125 0.181640625 0.485546875 0.188671875 0.4921875 0.191796875 0.4921875 0.198828125
1 0.75703125 0.130859375 0.76484375 0.135546875 0.771484375 0.13515625 0.76484375 0.128125 0.7703125 0.1234375 0.777734375 0.116796875 0.775 0.112109375 0.767578125 0.112109375 0.760546875 0.110546875 0.753515625 0.10546875 0.758984375 0.100390625 0.75 0.091796875 0.74140625 0.084765625 0.73125 0.08984375 0.72578125 0.076171875 0.723828125 0.069921875 0.711328125 0.067578125 0.69921875 0.07421875 0.694921875 0.076953125 0.698828125 0.084375 0.696484375 0.08984375 0.708984375 0.105078125 0.71953125 0.11640625 0.7234375 0.137109375 0.73046875 0.13984375 0.72890625 0.1296875 0.73515625 0.129296875 0.741015625 0.133984375 0.75703125 0.130859375
1 0.38515625 0.162890625 0.3890625 0.15703125 0.389453125 0.146484375 0.39765625 0.148046875 0.408984375 0.148828125 0.4078125 0.138671875 0.40234375 0.134765625 0.3890625 0.1375 0.38671875 0.133984375 0.377734375 0.13203125 0.366015625 0.13203125 0.354296875 0.13359375 0.344921875 0.137109375 0.3390625 0.146484375 0.3296875 0.1484375 0.32578125 0.156640625 0.323046875 0.169921875 0.33515625 0.170703125 0.353125 0.170703125 0.371484375 0.1734375 0.37578125 0.162109375 0.38515625 0.162890625
1 0.44375 0.126953125 0.44296875 0.1296875 0.436328125 0.130859375 0.42265625 0.137890625 0.41796875 0.149609375 0.430078125 0.1625 0.444921875 0.169140625 0.46015625 0.1703125 0.461328125 0.178125 0.4796875 0.182421875 0.486328125 0.182421875 0.495703125 0.16953125 0.49609375 0.160546875 0.5078125 0.147265625 0.505078125 0.13828125 0.502734375 0.125390625 0.504296875 0.119921875 0.50078125 0.108203125 0.49375 0.1015625 0.482421875 0.09453125 0.4765625 0.09140625 0.467578125 0.088671875 0.45859375 0.094140625 0.45 0.094921875 0.44375 0.1046875 0.44296875 0.11875 0.44375 0.126953125
1 0.72734375 0.309765625 0.7390625 0.3109375 0.740234375 0.301953125 0.74609375 0.30390625 0.75703125 0.3 0.746875 0.2890625 0.73671875 0.285546875 0.729296875 0.278515625 0.719140625 0.277734375 0.70859375 0.277734375 0.699609375 0.2859375 0.697265625 0.289453125 0.6953125 0.300390625 0.701953125 0.30390625 0.708984375 0.309765625 0.711328125 0.318359375 0.72109375 0.31328125 0.72734375 0.309765625
1 0.345703125 0.10078125 0.352734375 0.092578125 0.344140625 0.080859375 0.340234375 0.075390625 0.333984375 0.081640625 0.311328125 0.08125 0.296875 0.083203125 0.294140625 0.09921875 0.2890625 0.10703125 0.28203125 0.1109375 0.28515625 0.11640625 0.290234375 0.11875 0.29140625 0.123046875 0.29921875 0.126171875 0.309375 0.127734375 0.320703125 0.12578125 0.33203125 0.12578125 0.3453125 0.123046875 0.338671875 0.1171875 0.347265625 0.1046875 0.345703125 0.10078125
1 0.066015625 0.11796875 0.05859375 0.122265625 0.044921875 0.126171875 0.03046875 0.1359375 0.021484375 0.141796875 0.02421875 0.165625 0.027734375 0.177734375 0.0359375 0.185546875 0.039453125 0.18359375 0.058203125 0.176171875 0.063671875 0.1640625 0.06875 0.15 0.07578125 0.13828125 0.0734375 0.129296875 0.0765625 0.11796875 0.068359375 0.11328125 0.066015625 0.11796875
1 0.07265625 0.257421875 0.078125 0.246875 0.089453125 0.23828125 0.089453125 0.221484375 0.0984375 0.21953125 0.0984375 0.2109375 0.098046875 0.200390625 0.090625 0.198828125 0.08046875 0.2 0.071484375 0.20546875 0.062890625 0.214453125 0.053125 0.22734375 0.049609375 0.240625 0.052734375 0.245703125 0.054296875 0.248828125 0.05078125 0.26015625 0.059375 0.26171875 0.059765625 0.253125 0.06640625 0.248828125 0.07265625 0.257421875
1 0.06640625 0.391015625 0.054296875 0.394140625 0.05234375 0.400390625 0.041015625 0.4046875 0.036328125 0.416015625 0.04375 0.42421875 0.048046875 0.427734375 0.04921875 0.440234375 0.05625 0.448046875 0.0609375 0.453515625 0.082421875 0.453125 0.092578125 0.442578125 0.10234375 0.42734375 0.109375 0.41796875 0.105859375 0.409765625 0.102734375 0.40703125 0.09609375 0.40625 0.091015625 0.405078125 0.1015625 0.391796875 0.094140625 0.385546875 0.078515625 0.3828125 0.074609375 0.3828125 0.080859375 0.394140625 0.0796875 0.397265625 0.068359375 0.39296875 0.06640625 0.391015625
1 0.45390625 0.71484375 0.443359375 0.71328125 0.43359375 0.723046875 0.428515625 0.735546875 0.4125 0.73359375 0.4125 0.73984375 0.4171875 0.748828125 0.425390625 0.754296875 0.43359375 0.75078125 0.44296875 0.753515625 0.458984375 0.747265625 0.462890625 0.76015625 0.473828125 0.749609375 0.48125 0.73671875 0.48125 0.72578125 0.466015625 0.721484375 0.45390625 0.71484375
1 0.1546875 0.542578125 0.170703125 0.54140625 0.175 0.551953125 0.18984375 0.5484375 0.192578125 0.541015625 0.20546875 0.536328125 0.2203125 0.526953125 0.22734375 0.519140625 0.221484375 0.513671875 0.208984375 0.501953125 0.203515625 0.49296875 0.18125 0.484375 0.168359375 0.4890625 0.159375 0.5015625 0.143359375 0.506640625 0.141796875 0.514453125 0.135546875 0.51796875 0.123046875 0.513671875 0.122265625 0.516796875 0.12578125 0.530859375 0.13828125 0.531640625 0.13671875 0.541796875 0.1546875 0.542578125
1 0.05078125 0.52109375 0.052734375 0.5296875 0.060546875 0.53515625 0.060546875 0.5390625 0.0515625 0.551953125 0.051953125 0.5578125 0.05703125 0.562890625 0.063671875 0.56640625 0.071875 0.56640625 0.06640625 0.579296875 0.084375 0.57421875 0.091015625 0.566796875 0.09921875 0.56796875 0.095703125 0.575390625 0.083984375 0.577734375 0.0859375 0.58125 0.105078125 0.57734375 0.115625 0.5671875 0.121875 0.56328125 0.13046875 0.561328125 0.12890625 0.5515625 0.121484375 0.548046875 0.11875 0.54609375 0.126953125 0.541796875 0.123828125 0.532421875 0.11796875 0.527734375 0.11328125 0.516796875 0.108984375 0.503515625 0.102734375 0.496875 0.0796875 0.493359375 0.065234375 0.496484375 0.0546875 0.5078125 0.05078125 0.52109375
1 0.9877161953125 0.24469339375 0.9778891515625 0.2378144640625 0.9597091203125 0.23388364843749998 0.94840801875 0.23240958906250003 0.9253144640625001 0.2496069171875 0.91204795625 0.2648388359375 0.9287539296875 0.2682783 0.9135220125 0.27712264062499997 0.9297366374999999 0.29186320781249997 0.9390723281250001 0.2776139921875 0.9385809765625 0.29382861718750003 0.9577437109375 0.28301886718749997 0.9739583312500001 0.2668042453125 0.9837853781250001 0.2491155671875 0.9877161953125 0.24469339375
3 0.21138097656250002 0.772137440625 0.2168485125 0.7551273328125 0.22839108593750002 0.75694984375 0.226568575 0.781857503125 0.2502612265625 0.788540046875 0.27030885625 0.7982601093749999 0.29096398749999997 0.7994751171875001 0.29764653124999996 0.80555015625 0.3231616921875 0.8037276453125 0.3304517390625 0.7988676140625001 0.337741784375 0.8073726671875001 0.3328817546875 0.8255977859374999 0.3328817546875 0.8316728234375 0.3559669015625 0.8219527624999999 0.37601453125 0.8249902812500001 0.36386445312500004 0.850505440625 0.36325694999999997 0.8571879843750001 0.37601453125 0.8304578156250001 0.3972771671875 0.827420296875 0.40213720000000003 0.8407853828125 0.4179323015625 0.8450379109374999 0.42643735625 0.8602255046874999 0.4452699765625 0.855365471875 0.45195251562500005 0.8754131015625 0.48718774218750005 0.8887781875 0.536395559375 0.8827031484375001 0.5412555890624999 0.869945565625 0.5552281796874999 0.8906006984375001 0.5698082734375001 0.8827031484375001 0.583780859375 0.88391815625 0.5922859140625001 0.874805596875 0.59896845625 0.8608330078125 0.5880333875 0.847467921875 0.5916784109375001 0.8249902812500001 0.6050434953125 0.8486829296874999 0.6165860703125 0.866908046875 0.6293436531250001 0.8918157062500001 0.632381171875 0.86447803125 0.6463537609375 0.8584029921875 0.6530363046875001 0.8638705281249999 0.6657938859375 0.8559729765625 0.6864490203125 0.855365471875 0.6992066015625 0.8705530703125 0.7064966484374999 0.8638705281249999 0.7174317140625 0.848075425 0.7332268156249999 0.840177878125 0.749629421875 0.840177878125 0.7605644921875 0.8255977859374999 0.7702845546875 0.8073726671875001 0.7806121203124999 0.8073726671875001 0.803089765625 0.8073726671875001 0.8255674093750001 0.8134477062500001 0.8437925234374999 0.8104101874999999 0.8553350984374999 0.7982601093749999 0.8601951281250001 0.7757824656250001 0.862017640625 0.7642398906250001 0.8413625078125 0.7508748046875 0.8279974250000001 0.730219671875 0.8431850187500001 0.7387247265625 0.8480450515625 0.7150320781249999 0.867485175 0.723537128125 0.8802427578125 0.7016669921875 0.8802427578125 0.6822268671875 0.8857102921875001 0.6652167578125 0.89543035625 0.654889190625 0.942815659375 0.67068429375 0.9719758437499999 0.652459175 0.9470681875 0.636664075 0.9251980468750001 0.636664075 0.9063654250000001 0.62998153125 0.9002903859375 0.600213840625 0.9185155046875 0.5850262453124999 0.95678825 0.578343703125 0.957395753125 0.5503985234375001 0.941600653125 0.5260983671874999 0.9337031015624999 0.5163783046875 0.9191230078125001 0.524883359375 0.9021128984375 0.50787325 0.893000340625 0.48721811718749997 0.8851027890625 0.47689054999999997 0.8747752234374999 0.4574504265625 0.8729527109375 0.461702953125 0.87234520625 0.46048794531250004 0.8626251453125 0.45684292187500003 0.8589801203125 0.451375390625 0.8559426015625 0.44044032031249997 0.8328574578125 0.43254276875000003 0.8243524015625001 0.4252527234375 0.8219223859375001 0.42950524999999995 0.820099875 0.42950524999999995 0.8085573 0.4349727859375 0.7921546953124999 0.4525903984375 0.770892059375 0.4629179609375 0.7259367703125 0.45441291093749997 0.70771165625 0.47081551250000003 0.6749064453125 0.48721811718749997 0.656681328125 0.48053557343750003 0.6159785671875 0.49086314062499997 0.6092960234375 0.5109107703125 0.617193575 0.5370334375 0.619623590625 0.5674086328125 0.6007909687499999 0.5892787703125 0.552190659375 0.5904937765625 0.5090578828125001 0.5947463046875 0.4744301609375 0.5953538078125 0.45134501250000003 0.5819887265625 0.44466247187499996 0.5777361984375 0.42643735625 0.6068963828125 0.4179323015625 0.627551515625 0.41124975781249995 0.6457766328125001 0.40213720000000003 0.6652167578125 0.3893796171875 0.6682542765624999 0.3845195859375 0.637271578125 0.386342096875 0.6239064921875 0.3529293828125 0.6117564140625 0.3383492890625 0.630589034375 0.3225541875 0.6093263984374999 0.30250656249999996 0.603251359375 0.282458934375 0.6141864296875 0.2502612265625 0.640309096875 0.23264361249999999 0.64942165625 0.20469843437500002 0.64942165625 0.1925483546875 0.6554966953125 0.1925483546875 0.67068429375 0.18100578437499998 0.673114309375 0.163995675 0.67068429375 0.155490621875 0.685871890625 0.1615656609375 0.7034895031249999 0.168248203125 0.7132095656249999 0.18222079375 0.69498445 0.1658181875 0.727182153125 0.1767532578125 0.7375097187499999 0.153668109375 0.7581648515625 0.17553825 0.76484739375 0.18100578437499998 0.7757824656250001 0.19194085156250001 0.769707425 0.1895108359375 0.7830725109375 0.21138097656250002 0.772137440625
3 0.790332184375 0.4349727859375 0.806127284375 0.4349727859375 0.822529890625 0.417355171875 0.8371099843750001 0.409457621875 0.8522975781250001 0.3918400078125 0.8529050828125 0.37604490625000003 0.8401474999999999 0.3578197890625 0.8559426015625 0.3559972765625 0.8656626640624999 0.351137246875 0.8559426015625 0.3426321921875 0.8371099843750001 0.3219770625 0.8328574578125 0.30739696875 0.862017640625 0.3292671046875 0.8753827265625 0.30921947968749997 0.8662701671875 0.29889191406250004 0.8261749140625 0.28674183593749997 0.8255674093750001 0.28613433125 0.8456150359375 0.27823678125 0.8565501062499999 0.27033923125000003 0.857157609375 0.2673017109375 0.8401474999999999 0.2654792 0.8322499531249999 0.2545441296875 0.8474375468750001 0.24786158593750002 0.8729527109375 0.24664657812500002 0.873560215625 0.2308514765625 0.8413625078125 0.2290289640625 0.817669859375 0.236926515625 0.803089765625 0.2290289640625 0.8115948203125001 0.22295392656250002 0.8419700109375 0.2180938953125 0.8279974250000001 0.20898133593749998 0.814632340625 0.20472880937500001 0.7970147265625 0.1852886875 0.7921546953124999 0.179821153125 0.7654245234375 0.1792136484375 0.7520594375 0.17799864062499998 0.749629421875 0.1573435078125 0.7326193125 0.173138609375 0.727151778125 0.19318623906250001 0.7064966484374999 0.1937937421875 0.702244121875 0.1694935859375 0.6888790359375 0.1615960359375 0.669438909375 0.170101090625 0.6554663203125 0.1597735234375 0.6481762734375 0.16645606562499998 0.6463537609375 0.1883262078125 0.6293436531250001 0.174961121875 0.6208385984375 0.16463355468750002 0.6099035265625 0.16645606562499998 0.5849958671875 0.16645606562499998 0.5643407375 0.1591660203125 0.557050690625 0.15309098125 0.5236379765625 0.1524834765625 0.536395559375 0.1615960359375 0.54976064375 0.170101090625 0.557050690625 0.17556862499999998 0.560695715625 0.198046265625 0.5643407375 0.2132338640625 0.5582657 0.2247764375 0.560695715625 0.2357115078125 0.5940061484375 0.2657530734375 0.6155084296875 0.2707055625 0.593500921875 0.266086703125 0.5679857625 0.2430015546875 0.554013171875 0.232066484375 0.546723125 0.2187013984375 0.54186309375 0.2290289640625 0.5309280234375 0.232066484375 0.5266754953125 0.2308514765625 0.5199929531249999 0.22842146093750001 0.503590346875 0.22113141406249998 0.4993378203125 0.2338889953125 0.48597273437500005 0.22963646875000002 0.4786826875 0.2235614296875 0.4671401140625 0.21444887031249998 0.4671401140625 0.207158825 0.47564516875 0.1986537703125 0.48718774218750005 0.1986537703125 0.48293521562499997 0.1840736796875 0.47321515156249994 0.17617612968750002 0.46045757031249995 0.174961121875 0.44587747968749997 0.17070859375 0.4337274015625 0.16463355468750002 0.42096982031249996 0.1591660203125 0.4082122375 0.153698484375 0.39849217656249997 0.1524834765625 0.3918096328125 0.158558515625 0.382697075 0.16888608125 0.37905205 0.16888608125 0.3711545 0.1725311046875 0.354144390625 0.1743536171875 0.3334892578125 0.1743536171875 0.31708665625 0.1743536171875 0.31890916874999997 0.1597735234375 0.2970390265625 0.153698484375 0.2836739421875 0.1524834765625 0.27577639062500003 0.163418546875 0.27395387968749996 0.1889337109375 0.273346375 0.21141135156250002 0.2581587765625 0.2010837859375 0.2460086984375 0.179821153125 0.228998590625 0.171316096875 0.22839108593750002 0.185896190625 0.23325111718749997 0.20837383125 0.2362886375 0.21627138281249997 0.2192785265625 0.2187013984375 0.2065209453125 0.2187013984375 0.20348342656249999 0.2247764375 0.187080825 0.24786158593750002 0.187688328125 0.2600116640625 0.187688328125 0.267909215625 0.16095815625 0.2982844109375 0.1652106828125 0.312257 0.12147040312499999 0.3231920703125 0.1160028671875 0.3408096796875 0.100207765625 0.32076205468749996 0.0844126640625 0.3310896171875 0.090487703125 0.3651098359375 0.103245284375 0.37786741875 0.10263778125 0.396092534375 0.1044602921875 0.40885011718750003 0.08684267968750001 0.448945375 0.0941327265625 0.46838549687500003 0.080767640625 0.47992807031250007 0.111750340625 0.4963306765625 0.1348354890625 0.4999756984375 0.15913564375 0.489040628125 0.156461784375 0.4639732109375 0.170070715625 0.47810555781249997 0.177968265625 0.46838549687500003 0.18404330468750002 0.4471228640625 0.2010534109375 0.44651535937500003 0.20591344218750002 0.448337871875 0.222316046875 0.44408534375000003 0.2405411640625 0.4380103046875 0.25876628125 0.4507678859375 0.2721313671875 0.471423015625 0.285496453125 0.4975456828125 0.29217899531249997 0.5273133750000001 0.303114065625 0.539463453125 0.307974096875 0.5431084765625 0.3511068703125 0.5455384921875 0.3839120828125 0.5467535 0.39909967968750004 0.5467535 0.43676492187499993 0.5479685078125 0.43433490625 0.5017982109375 0.45013000468750003 0.5485760125 0.47260764843749997 0.5674086328125 0.502375340625 0.557081065625 0.5284980078125 0.5467535 0.546723125 0.529743390625 0.55158315625 0.5121257765625 0.55158315625 0.47992807031250007 0.56920076875 0.4866106125 0.6135485515625 0.47020800781250005 0.6360261953124999 0.45805792968750003 0.6742989421875001 0.46413296875 0.6961690828125 0.47749805468749995 0.7089266640624999 0.45927293750000003 0.727151778125 0.448945375 0.739909359375 0.4349727859375 0.7544894531249999 0.4264677296875 0.7587419796875 0.4501603828125 0.7702845546875 0.4525903984375 0.7793971140625 0.43072025781249995 0.790332184375 0.4349727859375