1 0.35328525625 0.3408119671875 0.3612980765625 0.3579059828125 0.36450320468749997 0.37179487031249997 0.3773237171875 0.3824786328125 0.4053685890625 0.3952991453125 0.4077724359375 0.38995726406250003 0.4053685890625 0.3675213671875 0.40136217968750004 0.34188034218749996 0.3965544875 0.31517093906250004 0.375721153125 0.2916666671875 0.37171474375 0.27991452968749997 0.36610576875 0.23076923124999998 0.36610576875 0.24679487031249997 0.3596955125 0.27777777656249997 0.3572916671875 0.2916666671875 0.35328525625 0.3162393171875 0.35328525625 0.3408119671875
1 0.33645833281250004 0.2735042734375 0.33806089687499996 0.28205128125 0.3484775640625 0.2970085484375 0.355689103125 0.2873931625 0.349278846875 0.2638888890625 0.33806089687499996 0.2606837609375 0.33645833281250004 0.2735042734375
1 0.33084935937500004 0.28311965781250004 0.33485576875 0.2670940171875 0.33245192343749996 0.25641025625 0.30921474375 0.23076923124999998 0.2987980765625 0.2115384625 0.289983975 0.2094017109375 0.2891826921875 0.23076923124999998 0.2795673078125 0.2371794875 0.30120192343749996 0.25213675156250004 0.3076121796875 0.2585470078125 0.318830128125 0.2724358984375 0.33084935937500004 0.28311965781250004
1 0.3236378203125 0.3205128203125 0.3268429484375 0.3012820515625 0.3228365390625 0.28846153750000003 0.2955929484375 0.27457265 0.2835737171875 0.275641025 0.2635416671875 0.25320512968750003 0.26834935937500004 0.2767094015625 0.2611378203125 0.2970085484375 0.28116987187500003 0.2948717953125 0.2891826921875 0.30555555624999997 0.3084134609375 0.3173076921875 0.3236378203125 0.3205128203125
1 0.26514423125 0.275641025 0.26514423125 0.2660256421875 0.24991987187500003 0.25641025625 0.2427083328125 0.23931623906250002 0.237099359375 0.22970085468749998 0.2403044875 0.2489316234375 0.22347756406250002 0.2660256421875 0.2387019234375 0.26495726406250003 0.24671474375 0.2841880328125 0.2547275640625 0.2895299140625 0.26514423125 0.275641025
1 0.29959935937500004 0.3888888890625 0.321233975 0.36965811875 0.315625 0.35576923125 0.3076121796875 0.34188034218749996 0.293189103125 0.33653846249999997 0.2835737171875 0.3237179484375 0.284375 0.35042735 0.27876602500000003 0.3579059828125 0.2859775640625 0.3611111109375 0.2915865390625 0.37393162343749997 0.2803685890625 0.3846153859375 0.29959935937500004 0.3888888890625
1 0.28116987187500003 0.3514957265625 0.2803685890625 0.3258547 0.256330128125 0.30555555624999997 0.24991987187500003 0.30341880468750004 0.244310896875 0.2873931625 0.2403044875 0.3333333328125 0.2483173078125 0.3269230765625 0.26274038437499997 0.35042735 0.27395833281250004 0.35683760625 0.28116987187500003 0.3514957265625
1 0.33806089687499996 0.5042735046875 0.3388621796875 0.49145299218750005 0.33485576875 0.4786324796875 0.3172275640625 0.46901709374999995 0.30360576875 0.45512820468750004 0.289983975 0.4273504265625 0.2923878203125 0.46153846249999997 0.2835737171875 0.48290598281249997 0.2971955125 0.48290598281249997 0.3084134609375 0.49572649531249996 0.32524038437499997 0.5042735046875 0.33806089687499996 0.5042735046875
1 0.221875 0.37713675156250004 0.2395032046875 0.39423076875 0.24110576875 0.3846153859375 0.237900640625 0.3664529921875 0.2330929484375 0.34722222343750003 0.22027243593749998 0.33119658125 0.206650640625 0.3205128203125 0.1922275640625 0.3130341875 0.1729967953125 0.28205128125 0.17139423125 0.3087606828125 0.156169871875 0.3279914515625 0.1737980765625 0.3301282046875 0.188221153125 0.3301282046875 0.2018429484375 0.3547008546875 0.221875 0.37713675156250004
1 0.22027243593749998 0.20726495625000002 0.2427083328125 0.2211538453125 0.2483173078125 0.21794871875 0.2483173078125 0.2008547 0.2387019234375 0.18910256406249998 0.22828525625 0.17628205156250001 0.2090544875 0.1645299140625 0.1946314109375 0.1591880328125 0.187419871875 0.15170940156249998 0.1729967953125 0.11965811875000001 0.17459935937499999 0.1527777765625 0.1665865390625 0.15705128125 0.185016025 0.1666666671875 0.2042467953125 0.1901709390625 0.22027243593749998 0.20726495625000002
1 0.26514423125 0.4230769234375 0.250721153125 0.4081196578125 0.2459134609375 0.43055555625 0.247516025 0.4540598296875 0.2603365390625 0.4594017109375 0.26834935937500004 0.4647435890625 0.274759615625 0.4487179484375 0.27235576875 0.43482906093749996 0.26514423125 0.4230769234375
1 0.2987980765625 0.5523504265625 0.2987980765625 0.5395299140625001 0.2891826921875 0.5267094015625 0.27395833281250004 0.5181623937500001 0.2667467953125 0.52457265 0.24671474375 0.5021367515625 0.253125 0.5288461546875001 0.2427083328125 0.5555555562500001 0.26514423125 0.5438034187499999 0.2771634609375 0.5523504265625 0.289983975 0.55662393125 0.2987980765625 0.5523504265625
1 0.258733975 0.6111111109375 0.2459134609375 0.5950854703124999 0.2346955125 0.5854700859374999 0.2346955125 0.6025641015625001 0.22267628281250001 0.6228632484375 0.23629807656250001 0.6292735046875 0.250721153125 0.6388888890625 0.2603365390625 0.6314102562499999 0.258733975 0.6111111109375
1 0.26995192343749996 0.8087606828125 0.25713141093749997 0.8151709390624999 0.25953525625 0.8397435890624999 0.26995192343749996 0.8514957265625 0.2827724359375 0.85683760625 0.29399038437499997 0.8472222234375 0.29639423125 0.824786325 0.2891826921875 0.8162393171875 0.26995192343749996 0.8087606828125
1 0.22027243593749998 0.3044871796875 0.21546474375 0.2895299140625 0.2082532046875 0.2724358984375 0.193028846875 0.2628205125 0.185016025 0.25534188125 0.1729967953125 0.25320512968750003 0.17620192343750002 0.26816239375 0.18020833281249998 0.28205128125 0.185016025 0.3012820515625 0.2042467953125 0.3087606828125 0.216266025 0.3162393171875 0.22027243593749998 0.3044871796875
1 0.0896634609375 0.1378205125 0.1153044875 0.150641025 0.122516025 0.1410256421875 0.133733975 0.1335470078125 0.130528846875 0.1239316234375 0.10889423125 0.1089743578125 0.081650640625 0.09188034218749999 0.0704326921875 0.08012820468750001 0.0704326921875 0.0651709390625 0.063221153125 0.0534188046875 0.0608173078125 0.08226495625 0.049599359375 0.09188034218749999 0.065625 0.10149572656250001 0.07764423125 0.1121794875 0.0888621796875 0.13034188124999999 0.0896634609375 0.1378205125
1 0.196233975 0.21901709375 0.2042467953125 0.21901709375 0.199439103125 0.1965811953125 0.1898237171875 0.18162393125 0.17860576875 0.16987179531250002 0.1609775640625 0.1549145296875 0.15056089687500002 0.1346153859375 0.1425480765625 0.12072649531249999 0.1353365390625 0.10149572656250001 0.1353365390625 0.1324786328125 0.118509615625 0.1420940171875 0.137740384375 0.150641025 0.1465544875 0.1613247859375 0.159375 0.1869658125 0.1737980765625 0.20299145156249998 0.196233975 0.21901709375
1 0.14735576875 0.23504273593749997 0.161778846875 0.24572649531250002 0.18020833281249998 0.24465811875000001 0.181009615625 0.23504273593749997 0.175400640625 0.21901709375 0.1585737171875 0.199786325 0.13453525625 0.18589743593750002 0.118509615625 0.18589743593750002 0.10969551250000001 0.1645299140625 0.10328525625 0.1549145296875 0.10328525625 0.1794871796875 0.0952724359375 0.1848290609375 0.0856570515625 0.20726495625000002 0.119310896875 0.20405982968749997 0.131330128125 0.2168803421875 0.14735576875 0.23504273593749997
1 0.0664262828125 0.1923076921875 0.0768429484375 0.1923076921875 0.0840544875 0.20192307656250003 0.0888621796875 0.19337606875 0.0952724359375 0.1773504265625 0.100080128125 0.1666666671875 0.0920673078125 0.1591880328125 0.0736378203125 0.1485042734375 0.062419871875 0.13675213749999998 0.056009615624999995 0.1527777765625 0.0455929484375 0.1474358984375 0.026362179687499997 0.1153846140625 0.0295673078125 0.15170940156249998 0.0231570515625 0.1773504265625 0.04078525625 0.16987179531250002 0.056009615624999995 0.1773504265625 0.0664262828125 0.1923076921875
1 0.13453525625 0.28205128125 0.1577724359375 0.29380341875 0.1665865390625 0.2895299140625 0.1673878203125 0.2724358984375 0.1633814109375 0.25641025625 0.1425480765625 0.23931623906250002 0.1273237171875 0.23076923124999998 0.1209134609375 0.2200854703125 0.112900640625 0.22970085468749998 0.0976762828125 0.20512820468749998 0.093669871875 0.2232905984375 0.0856570515625 0.24572649531250002 0.1008814109375 0.24358974375 0.1104967953125 0.25534188125 0.12171474374999999 0.2713675203125 0.13453525625 0.28205128125
1 0.2114583328125 0.4647435890625 0.22427884687500002 0.4775641015625 0.22668269218749998 0.4668803421875 0.22508012812499997 0.44230769218750005 0.2146634609375 0.43162393125 0.2042467953125 0.4145299140625 0.1986378203125 0.40705128124999995 0.190625 0.400641025 0.190625 0.38034188125 0.18181089687500002 0.4123931625 0.1721955125 0.4241453 0.1922275640625 0.4230769234375 0.2034455125 0.4519230765625 0.2114583328125 0.4647435890625
1 0.20985576875 0.574786325 0.21947115312499998 0.5694444437499999 0.22267628281250001 0.5534188046875 0.21866987187500003 0.5373931625 0.2074519234375 0.5288461546875001 0.188221153125 0.5267094015625 0.1705929484375 0.52457265 0.1577724359375 0.5021367515625 0.156971153125 0.53098290625 0.153766025 0.5587606828125 0.168990384375 0.5512820515625 0.188221153125 0.5651709390625 0.20985576875 0.574786325
1 0.1986378203125 0.6271367515625 0.20264423125 0.6185897437500001 0.1978365390625 0.599358975 0.188221153125 0.5801282046875 0.1778044875 0.5673076921875 0.168189103125 0.5619658125 0.14735576875 0.5598290609375 0.14495192343750002 0.5694444437499999 0.136939103125 0.5961538453124999 0.159375 0.59294871875 0.1665865390625 0.6121794875 0.18020833281249998 0.61965811875 0.1986378203125 0.6271367515625
1 0.2451121796875 0.6901709390625 0.244310896875 0.6794871796875 0.2403044875 0.6698717953125 0.2290865390625 0.6613247859375 0.21546474375 0.6666666671875 0.206650640625 0.6655982890625001 0.1946314109375 0.6773504265625 0.20504807656250001 0.7061965812500001 0.2138621796875 0.71901709375 0.2170673078125 0.7019230765625 0.22828525625 0.6976495734375 0.2451121796875 0.6901709390625
1 0.156971153125 0.6709401703125 0.1665865390625 0.6538461546875001 0.162580128125 0.6378205125 0.15136217968750001 0.6282051296875 0.130528846875 0.6271367515625 0.11610576875 0.6399572640625 0.10408653906250001 0.6239316234375 0.10408653906250001 0.6581196578124999 0.09607371718749999 0.6826923078125 0.10488782031249999 0.6773504265625 0.1177083328125 0.6645299140625001 0.136939103125 0.6730769234375 0.156971153125 0.6709401703125
1 0.1633814109375 0.3621794875 0.17620192343750002 0.3611111109375 0.1898237171875 0.3579059828125 0.19142628281250001 0.34722222343750003 0.175400640625 0.33119658125 0.1577724359375 0.3258547 0.144150640625 0.3269230765625 0.1353365390625 0.324786325 0.12331730781250001 0.30555555624999997 0.12411858906249999 0.33119658125 0.12411858906249999 0.349358975 0.1353365390625 0.34188034218749996 0.14495192343750002 0.3547008546875 0.1633814109375 0.3621794875
1 0.122516025 0.2980769234375 0.1361378203125 0.31410256406250003 0.144150640625 0.3226495734375 0.15136217968750001 0.30982906093749996 0.14014423125 0.2980769234375 0.1297275640625 0.2895299140625 0.11129807656249999 0.27777777656249997 0.088060896875 0.2735042734375 0.0760416671875 0.26816239375 0.0640224359375 0.2767094015625 0.08645833281250001 0.28846153750000003 0.087259615625 0.3012820515625 0.10408653906250001 0.30662393125 0.11610576875 0.3205128203125 0.122516025 0.2980769234375
1 0.088060896875 0.2670940171875 0.1104967953125 0.2735042734375 0.1145032046875 0.2735042734375 0.1137019234375 0.2628205125 0.10328525625 0.25106837656250003 0.09286858906249999 0.24679487031249997 0.080849359375 0.24679487031249997 0.08645833281250001 0.23611111093749998 0.0768429484375 0.22970085468749998 0.060016024999999994 0.22222222343750003 0.043189103125 0.2232905984375 0.031169871874999998 0.20619658125 0.0135416671875 0.1923076921875 0.019951923437499998 0.22970085468749998 0.008733975 0.2414529921875 0.031971153125 0.2425213671875 0.062419871875 0.25641025625 0.088060896875 0.2670940171875
1 0.0447916671875 0.28098290625 0.0303685890625 0.2735042734375 0.026362179687499997 0.2895299140625 0.0327724359375 0.3044871796875 0.055208332812500004 0.3173076921875 0.0704326921875 0.324786325 0.07764423125 0.31410256406250003 0.07924679531249999 0.2991453 0.0447916671875 0.28098290625
1 0.1481570515625 0.4519230765625 0.1465544875 0.43376068281249996 0.14334935937499999 0.425213675 0.1209134609375 0.41773504375000003 0.10568910312499999 0.41880341874999993 0.0800480765625 0.3963675203125 0.0832532046875 0.4209401703125 0.0768429484375 0.44551282031249995 0.09607371718749999 0.4380341875 0.10488782031249999 0.44017093906250004 0.130528846875 0.45299145156250004 0.1481570515625 0.4519230765625
1 0.1834134609375 0.4658119671875 0.18261217968750001 0.44444444375 0.1697916671875 0.4241453 0.1521634609375 0.4123931625 0.1409455125 0.38034188125 0.1393429484375 0.39957265 0.13293269218749998 0.41773504375000003 0.14334935937499999 0.4262820515625 0.159375 0.4508547 0.1721955125 0.4700854703125 0.1834134609375 0.4658119671875
1 0.10168269218749999 0.3856837609375 0.125721153125 0.400641025 0.12331730781250001 0.3856837609375 0.122516025 0.37286324843749996 0.11610576875 0.36004273593749997 0.10889423125 0.3536324796875 0.1008814109375 0.34401709375 0.081650640625 0.3386752140625 0.07443910312499999 0.3269230765625 0.0696314109375 0.3408119671875 0.0608173078125 0.35042735 0.06482371718749999 0.3547008546875 0.075240384375 0.3632478625 0.088060896875 0.3792735046875 0.10168269218749999 0.3856837609375
1 0.10809294843749999 0.4861111109375 0.124919871875 0.48076923125000004 0.13293269218749998 0.4636752140625 0.131330128125 0.45512820468750004 0.122516025 0.4487179484375 0.11129807656249999 0.4487179484375 0.099278846875 0.4476495734375 0.091266025 0.45512820468750004 0.0832532046875 0.4476495734375 0.080849359375 0.4668803421875 0.07283653906250001 0.49145299218750005 0.0840544875 0.48076923125000004 0.09046474374999999 0.4722222234375 0.10729166718750001 0.4722222234375 0.10809294843749999 0.4861111109375
1 0.08485576875 0.5363247859375 0.10168269218749999 0.5299145296875001 0.1209134609375 0.5384615375 0.1393429484375 0.5438034187499999 0.14735576875 0.5384615375 0.15136217968750001 0.52457265 0.1417467953125 0.5085470078125 0.122516025 0.5032051296875 0.10248397499999999 0.49893162343749997 0.0840544875 0.49679487031249997 0.0736378203125 0.49252136718750006 0.068830128125 0.5042735046875 0.06161858906249999 0.5170940171875 0.07924679531249999 0.5128205125 0.0888621796875 0.5138888890625 0.08485576875 0.5363247859375
1 0.0608173078125 0.5673076921875 0.08645833281250001 0.5726495734375 0.11129807656249999 0.5715811953125 0.124919871875 0.5662393171875 0.125721153125 0.5576923078125 0.12011217968750001 0.5438034187499999 0.0976762828125 0.5373931625 0.08485576875 0.5416666671875 0.0696314109375 0.5459401703125 0.0528044875 0.5480769234375 0.025560896875 0.53098290625 0.0215544875 0.5470085484375 0.0207532046875 0.5608974359375 0.042387820312500005 0.5630341875 0.0608173078125 0.5673076921875
1 0.068028846875 0.7094017109374999 0.068830128125 0.6912393171875 0.08245192343749999 0.6880341875 0.0832532046875 0.6730769234375 0.0800480765625 0.6613247859375 0.0672275640625 0.6538461546875001 0.053605768750000005 0.6527777765625 0.0391826921875 0.6613247859375 0.026362179687499997 0.6688034187499999 0.0015224359374999999 0.6858974359375 0 0.7104166671875001 0.015144231250000001 0.7094017109374999 0.033573717187500005 0.7051282046875 0.06161858906249999 0.7147435890625 0.068028846875 0.7094017109374999
1 0.1545673078125 0.7777777765625 0.1729967953125 0.7767094015625 0.1858173078125 0.77457265 0.196233975 0.7574786328124999 0.190625 0.7318376062499999 0.18181089687500002 0.7264957265625 0.16578525625 0.7329059828125 0.15296474375 0.7414529921875 0.1409455125 0.75 0.1297275640625 0.7510683765625 0.112900640625 0.7318376062499999 0.12171474374999999 0.7617521375 0.11129807656249999 0.8108974359375001 0.13453525625 0.7724358984374999 0.1545673078125 0.7777777765625
1 0.056009615624999995 0.79273504375 0.05921474375 0.775641025 0.053605768750000005 0.7628205125 0.039983975 0.76923076875 0.025560896875 0.7681623937500001 0.0159455125 0.775641025 0.0023237171875000002 0.7873931625 0 0.825 0.019951923437499998 0.8215811953125 0.033573717187500005 0.8173076921875 0.04078525625 0.8173076921875 0.04639423125 0.8055555562500001 0.056009615624999995 0.79273504375
1 0.091266025 0.89423076875 0.10568910312499999 0.8878205124999999 0.112099359375 0.86858974375 0.10729166718750001 0.8536324796875 0.1008814109375 0.8450854703124999 0.088060896875 0.84294871875 0.0832532046875 0.8536324796875 0.0800480765625 0.8600427359375 0.0704326921875 0.8461538453124999 0.062419871875 0.8653846140624999 0.053605768750000005 0.8985042734375 0.068830128125 0.8899572640625 0.07203525625 0.9017094015625 0.091266025 0.89423076875
1 0 0.41875 0.0159455125 0.42200854843749996 0.033573717187500005 0.4209401703125 0.0415865390625 0.41880341874999993 0.0512019234375 0.4123931625 0.0479967953125 0.400641025 0.0383814109375 0.38995726406250003 0.031971153125 0.38141025625 0.0167467953125 0.36965811875 0.0039262828125 0.3611111109375 0 0.3625 0 0.41875
1 0.0664262828125 0.48076923125000004 0.062419871875 0.4732905984375 0.052003204687500006 0.4647435890625 0.0415865390625 0.4604700859375 0.031169871874999998 0.4519230765625 0.008733975 0.45726495624999997 0 0.4791666671875 0.007131410937500001 0.49145299218750005 0.026362179687499997 0.4871794875 0.0479967953125 0.49145299218750005 0.068830128125 0.49252136718750006 0.0664262828125 0.48076923125000004
1 0.0696314109375 0.53098290625 0.0664262828125 0.5235042734375 0.058413460937499995 0.5160256421875 0.054407051562499996 0.5074786328124999 0.0415865390625 0.49893162343749997 0.028766025 0.49893162343749997 0.008733975 0.4893162390625 0 0.50625 0.019150640625 0.5117521375 0.034375 0.5267094015625 0.0455929484375 0.53205128125 0.065625 0.5363247859375 0.0696314109375 0.53098290625
1 0.10168269218749999 0.6175213671875001 0.088060896875 0.60576923125 0.07283653906250001 0.60576923125 0.06161858906249999 0.60042735 0.060016024999999994 0.6185897437500001 0.063221153125 0.6314102562499999 0.08245192343749999 0.6399572640625 0.100080128125 0.6399572640625 0.10328525625 0.6282051296875 0.10168269218749999 0.6175213671875001
1 0.007131410937500001 0.60042735 0 0.6125 0.008733975 0.61965811875 0.033573717187500005 0.6282051296875 0.043990384375000004 0.6239316234375 0.042387820312500005 0.6089743578125 0.0271634609375 0.5972222234375 0.007131410937500001 0.60042735
1 0.0015224359374999999 0.5982905984375 0.0103365390625 0.5950854703124999 0.0271634609375 0.5876068375 0.0239583328125 0.5726495734375 0.015144231250000001 0.5630341875 0.0023237171875000002 0.5608974359375 0.0015224359374999999 0.5982905984375
1 0.068028846875 0.375 0.055208332812500004 0.3589743578125 0.0455929484375 0.34615384531250004 0.034375 0.33226495625 0.0167467953125 0.3162393171875 0.0023237171875000002 0.30341880468750004 0.0023237171875000002 0.3173076921875 0.011137820312500001 0.33226495625 0.0215544875 0.3589743578125 0.039983975 0.37606837656250003 0.056810896875 0.3920940171875 0.068028846875 0.38995726406250003 0.068028846875 0.375
1 0.1145032046875 0.8290598296875 0.12171474374999999 0.8226495734375 0.1361378203125 0.8269230765625 0.15136217968750001 0.8279914515625 0.1633814109375 0.8258547 0.17459935937499999 0.8194444437499999 0.17860576875 0.800213675 0.1697916671875 0.7841880328124999 0.1545673078125 0.7831196578124999 0.144150640625 0.7873931625 0.13293269218749998 0.7916666671875 0.12011217968750001 0.800213675 0.11129807656249999 0.8076923078125 0.10889423125 0.7991453 0.10328525625 0.7841880328124999 0.10969551250000001 0.8173076921875 0.10168269218749999 0.84294871875 0.1145032046875 0.8290598296875
3 0.79078525625 0.8076923078125 0.7971955125 0.7948717953125 0.7947916671875 0.7831196578124999 0.813221153125 0.7863247859375 0.830849359375 0.7980769234375 0.8508814109375 0.8098290609375001 0.841266025 0.7884615375 0.837259615625 0.7713675203125 0.837259615625 0.7521367515625 0.8428685890625 0.7371794875 0.8292467953125 0.73076923125 0.8116185890625 0.74465811875 0.8012019234375 0.7510683765625 0.789983975 0.7425213671875001 0.7963942312500001 0.70726495625 0.7963942312500001 0.6784188046875 0.7987980765625 0.64423076875 0.793990384375 0.63034188125 0.77796474375 0.6314102562499999 0.7803685890625001 0.6420940171875 0.7731570515625 0.6602564109375 0.7731570515625 0.6773504265625 0.7699519234375 0.70726495625 0.7683493593749999 0.7168803421875001 0.7603365390625 0.72542735 0.7603365390625 0.7510683765625 0.7571314109375 0.7681623937500001 0.7603365390625 0.79273504375 0.747516025 0.8044871796875 0.7330929484375 0.8108974359375001 0.7338942312500001 0.7799145296875001 0.7387019234375 0.7660256421875 0.737900640625 0.74465811875 0.7290865390625 0.7318376062499999 0.7210737171875 0.7457264953125 0.713060896875 0.7660256421875 0.7122596156250001 0.7959401703125 0.7122596156250001 0.8215811953125 0.7018429484375 0.8365384625000001 0.693028846875 0.8611111109375 0.693028846875 0.8856837609375001 0.700240384375 0.9209401703125 0.706650640625 0.9401709390624999 0.72828525625 0.9583333328125001 0.7435096156250001 0.9700854703124999 0.7523237171875 0.98076923125 0.7675480765625 0.9882478625 0.7747596156250001 0.9829059828125001 0.77796474375 0.9572649562500001 0.7883814109375 0.9465811953125 0.8012019234375 0.9358974359375001 0.7963942312500001 0.875 0.8044070515625 0.85683760625 0.80360576875 0.824786325 0.7851762828125 0.8205128203125 0.79078525625 0.8076923078125
1 0.26274038437499997 0.86858974375 0.24671474375 0.8675213671875 0.2330929484375 0.8653846140624999 0.22267628281250001 0.8632478625 0.2138621796875 0.86858974375 0.20024038437499997 0.8739316234375 0.1898237171875 0.89316239375 0.206650640625 0.90705128125 0.216266025 0.9027777765625 0.23629807656250001 0.9027777765625 0.25713141093749997 0.900641025 0.26514423125 0.89316239375 0.26274038437499997 0.86858974375
3 0.9590544875000001 0.85576923125 0.966266025 0.8322649562500001 0.966266025 0.8162393171875 0.9566506406249999 0.8044871796875 0.9334134609375001 0.7905982890625001 0.9157852562500001 0.7905982890625001 0.8949519234375 0.8044871796875 0.8981570515625 0.8237179484375 0.9013621796875 0.8450854703124999 0.911778846875 0.8589743578125001 0.9197916671874999 0.85576923125 0.935016025 0.85576923125 0.9470352562500001 0.8579059828125001 0.9590544875000001 0.85576923125
3 0.8020032046875001 0.9230769234375 0.8028044875000001 0.9391025640624999 0.7955929484375 0.9444444437499999 0.784375 0.9529914515625 0.7835737171875 0.9722222234375 0.7835737171875 0.9914529921874999 0.79078525625 0.9978632484375 0.796875 0.9979166671874999 0.93125 0.9979166671874999 0.9366185890625 0.9871794875000001 0.931009615625 0.9732905984375 0.931810896875 0.9519230765625 0.9342147437499999 0.9348290609375001 0.9270032046875001 0.9113247859375001 0.9229967953125 0.9017094015625 0.9157852562500001 0.8867521375 0.8925480765625 0.8632478625 0.8604967953125 0.8536324796875 0.8300480765625 0.8536324796875 0.8140224359375001 0.8632478625 0.8020032046875001 0.8782051296875 0.7995993593749999 0.8824786328125 0.7995993593749999 0.89957265 0.8020032046875001 0.9230769234375
3 0.6457532046875001 0.6869658125 0.644150640625 0.6645299140625001 0.6361378203125 0.6666666671875 0.6241185890625001 0.6912393171875 0.6177083328124999 0.7158119671875001 0.605689103125 0.71794871875 0.591266025 0.6965811953125 0.5872596156250001 0.73076923125 0.5776442312500001 0.74465811875 0.574439103125 0.71794871875 0.562419871875 0.7329059828125 0.55921474375 0.7542735046875 0.5487980765625 0.7211538453124999 0.5455929484375 0.6858974359375 0.537580128125 0.64423076875 0.531169871875 0.6517094015625 0.531971153125 0.6912393171875 0.5239583328124999 0.6185897437500001 0.50953525625 0.61965811875 0.5151442312500001 0.6688034187499999 0.5383814109375 0.7510683765625 0.52796474375 0.7596153859375 0.5231570515625 0.7264957265625 0.5215544875 0.7083333328125 0.5111378203125 0.6880341875 0.503125 0.6891025640625 0.503125 0.6623931625 0.4959134609375 0.6452991453125 0.4862980765625 0.6602564109375 0.47668269218750003 0.6762820515625 0.471875 0.6987179484375 0.4710737171875 0.7297008546875 0.46065705156250003 0.7232905984375 0.43822115312500004 0.71794871875 0.42940705156250003 0.7051282046875 0.40376602500000003 0.6912393171875 0.40376602500000003 0.7083333328125 0.431009615625 0.7350427359375 0.44703525624999996 0.7521367515625 0.45424679531249995 0.7905982890625001 0.44703525624999996 0.7980769234375 0.4398237171875 0.7564102562499999 0.4302083328125 0.74465811875 0.41338141093749997 0.7403846140625 0.399759615625 0.7361111109375 0.394150640625 0.7393162390625 0.38774038437499997 0.7585470078125 0.368509615625 0.7585470078125 0.3548878203125 0.75 0.3396634609375 0.7457264953125 0.34366987187500003 0.7628205125 0.33245192343749996 0.7767094015625 0.30681089687499996 0.7799145296875001 0.2979967953125 0.78098290625 0.300400640625 0.7959401703125 0.3300480765625 0.7948717953125 0.33645833281250004 0.7895299140625001 0.3452724359375 0.8141025640624999 0.337259615625 0.8226495734375 0.33645833281250004 0.8418803421875 0.3236378203125 0.84401709375 0.3116185890625 0.8333333328125001 0.293189103125 0.8279914515625 0.2979967953125 0.8408119671875 0.331650640625 0.86965811875 0.349278846875 0.89316239375 0.32203525625 0.8792735046875 0.2971955125 0.8621794875000001 0.29639423125 0.88034188125 0.3108173078125 0.8888888890625 0.29959935937500004 0.8985042734375 0.3164262828125 0.9230769234375 0.3300480765625 0.9540598296875 0.3540865390625 0.96794871875 0.3797275640625 0.9722222234375 0.3925480765625 0.9764957265625 0.4221955125 0.98076923125 0.41875 0.9979166671874999 0.5648237171875 0.9957264953125 0.574439103125 0.96901709375 0.5840544875 0.9401709390624999 0.6072916671875 0.900641025 0.625721153125 0.85042735 0.6297275640625 0.7948717953125 0.637740384375 0.7275641015625001 0.637740384375 0.7158119671875001 0.6457532046875001 0.6869658125