1 0.4021381578125 0.4013157890625 0.41858552656250003 0.3848684203125 0.4333881578125 0.3634868421875 0.444901315625 0.3404605265625 0.4502467109375 0.3327850875 0.4333881578125 0.3459429828125 0.42434210468750005 0.3574561390625 0.4169407890625 0.3700657890625 0.4111842109375 0.3629385953125 0.40789473750000005 0.3503289484375 0.414473684375 0.3360745609375 0.42434210468750005 0.32565789375 0.4333881578125 0.3103070171875 0.4198190796875 0.31798245625 0.40296052656250003 0.33771929843750004 0.38980263125 0.3634868421875 0.390625 0.36896929843750004 0.3651315796875 0.38760965000000003 0.3470394734375 0.4013157890625 0.3244243421875 0.4259868421875 0.312088815625 0.4451754390625 0.298108553125 0.47203947343749997 0.2935855265625 0.49725877343749997 0.2935855265625 0.5175438609375 0.303453946875 0.5328947375 0.3087993421875 0.5372807015625 0.327713815625 0.5317982453125001 0.3466282890625 0.5224780703125 0.359786184375 0.5098684203125 0.3712993421875 0.49067982499999996 0.3852796046875 0.47478070156249996 0.3947368421875 0.44682017500000004 0.39925986875 0.40844298281249997 0.4021381578125 0.4013157890625
1 0.5587993421874999 0.021929825 0.5805921046875 0.01809210625 0.5752467109375 0.010416667187500001 0.5641447375 0.0087719296875 0.5657894734375 0.0021929828125 0.5431743421874999 0.0010964921875 0.4884868421875 0 0.46217105312499995 0.01480263125 0.43832236875 0.0389254390625 0.4325657890625 0.071820175 0.4317434203125 0.1003289484375 0.43667763125 0.11019736875 0.44983552656250003 0.1162280703125 0.4658717109375 0.12116228124999999 0.476973684375 0.1052631578125 0.4880756578125 0.0986842109375 0.5037006578125001 0.0794956140625 0.523848684375 0.0542763171875 0.5419407890625 0.027412281249999997 0.5587993421874999 0.021929825
1 0.7763157890625 0.4325657890625 0.79769736875 0.4528508765625 0.8030427625 0.45668859531250006 0.7845394734375 0.43475877343749997 0.7734375 0.4166666671875 0.7709703953125 0.40515350781250004 0.7763157890625 0.40076754374999995 0.7865953953125 0.41173245625000005 0.7828947375 0.3958333328125 0.7771381578125001 0.3837719296875 0.7680921046875 0.375 0.75863486875 0.35690789375 0.75082236875 0.3360745609375 0.735608553125 0.3020833328125 0.7125822375 0.2807017546875 0.6990131578125001 0.27521929843750004 0.68667763125 0.28234649218749996 0.6833881578125001 0.2971491234375 0.6829769734375 0.3048245609375 0.6895559203125 0.32730263125 0.7051809203125 0.33991228125 0.7134046046875 0.3574561390625 0.7319078953125 0.3744517546875 0.7471217109375 0.38815789375 0.7545230265625 0.39364034999999997 0.766858553125 0.40844298281249997 0.7763157890625 0.4325657890625
1 0.9465460531250001 0.0816885953125 0.9572368421874999 0.0646929828125 0.9708059203125 0.049342106250000003 0.9831414468749999 0.044407893749999997 0.9984375 0.0333333328125 0.9984375 0.0020833328125000002 0.9983552625 0.0010964921875 0.9819078953125 0.0027412265625 0.9708059203125 0.0169956140625 0.9629934203125 0.027960526562499997 0.9436677625 0.0400219296875 0.929276315625 0.0504385953125 0.9177631578125001 0.0646929828125 0.9231085531250001 0.0745614046875 0.93050986875 0.0625 0.9416118421874999 0.055921051562500004 0.9469572375 0.0625 0.9416118421874999 0.07730263125 0.9399671046875 0.08991228125 0.9465460531250001 0.0816885953125
1 0.2668539328125 0.2326779015625 0.272471909375 0.2326779015625 0.275632021875 0.2401685390625 0.277387640625 0.2298689140625 0.2823033703125 0.21769662968749998 0.2808988765625 0.21067415781249998 0.2731741578125 0.21348314531249998 0.269662921875 0.2200374546875 0.2700140453125 0.2298689140625 0.2668539328125 0.2326779015625
1 0.32478932656250004 0.24344569374999997 0.33742977500000004 0.24250936250000002 0.3363764046875 0.23361423124999997 0.3307584265625 0.2298689140625 0.32268258437499997 0.23361423124999997 0.3174157296875 0.24110486875 0.316362359375 0.24859550625 0.32478932656250004 0.24344569374999997
1 0.349367978125 0.2738764046875 0.352528090625 0.26310861406249997 0.3490168546875 0.2542134828125 0.344452246875 0.2528089890625 0.3409410109375 0.2612359546875 0.34199438125000003 0.27528089843750003 0.35463483125 0.2823033703125 0.349367978125 0.2738764046875
1 0.3588483140625 0.26310861406249997 0.36095505625 0.2593632953125 0.3630617984375 0.2570224734375 0.36271067343749996 0.2509363296875 0.36095505625 0.24485018749999998 0.35393258437499997 0.24438202343749998 0.3504213484375 0.2518726578125 0.35393258437499997 0.2598314609375 0.3588483140625 0.26310861406249997
1 0.3346207859375 0.227059925 0.3405898875 0.2340823984375 0.344452246875 0.2340823984375 0.34726123593749997 0.23735955 0.3528792140625 0.23080524375000003 0.3567415734375 0.22659176093750003 0.34971910156249997 0.22050561875 0.3433988765625 0.21676030000000002 0.33742977500000004 0.2200374546875 0.3346207859375 0.227059925
1 0.339887640625 0.2069288390625 0.3405898875 0.21348314531249998 0.344452246875 0.21301498125 0.35007022499999996 0.21254681718750001 0.352176965625 0.20505617968749998 0.3567415734375 0.20786516875 0.3567415734375 0.2013108609375 0.35603932656250004 0.1956928828125 0.35463483125 0.1882022484375 0.3490168546875 0.1882022484375 0.3416432578125 0.19616104843749999 0.339887640625 0.2069288390625
1 0.3595505625 0.19756554375 0.3630617984375 0.20505617968749998 0.3613061796875 0.2097378265625 0.36411516875 0.20786516875 0.3658707859375 0.21395131093750003 0.3683286515625 0.214419475 0.367977528125 0.2097378265625 0.369382021875 0.2017790265625 0.3651685390625 0.19147940000000002 0.36025280937500004 0.18726591718750002 0.3595505625 0.19756554375
1 0.43258427031249996 0.17743445625 0.43609550625000004 0.1690074921875 0.439957865625 0.1647940078125 0.43890449374999996 0.15449438124999998 0.43363764062500004 0.1535580515625 0.428721909375 0.1633895125 0.43012640468749996 0.1699438203125 0.43258427031249996 0.17743445625
1 0.4511938203125 0.21676030000000002 0.4511938203125 0.20833333281250002 0.4511938203125 0.19616104843749999 0.449087078125 0.1858614234375 0.4455758421875 0.1882022484375 0.44452247187499994 0.1994382015625 0.4473314609375 0.2059925078125 0.4511938203125 0.21676030000000002
1 0.43855337031249997 0.1994382015625 0.44241572968750004 0.19241573125 0.44382022499999996 0.1830524359375 0.44452247187499994 0.1718164796875 0.44206460625000005 0.1676029953125 0.438202246875 0.17462546875 0.4343398875 0.1853932578125 0.4294241578125 0.1942883890625 0.43855337031249997 0.1994382015625
1 0.43644662968750003 0.21535580625 0.43047752812500006 0.2073970046875 0.4294241578125 0.2116104875 0.4245084265625 0.2247191015625 0.43293539374999995 0.22831460625000002 0.43293539374999995 0.227059925 0.43644662968750003 0.22612359531249998 0.43644662968750003 0.21535580625
1 0.46488764062500004 0.18492509375 0.463132021875 0.1947565546875 0.46699438125 0.19522471875 0.469452246875 0.1985018734375 0.46980337031249997 0.19007490625 0.47261235937499996 0.17977528125 0.4691011234375 0.1652621734375 0.46418539374999995 0.1573033703125 0.46102528125 0.1647940078125 0.46383427031249996 0.1760299625 0.46488764062500004 0.18492509375
1 0.435042134375 0.25889513124999997 0.4343398875 0.2495318359375 0.4276685390625 0.24250936250000002 0.4252106734375 0.24765917499999998 0.429073034375 0.2532771546875 0.43117977500000004 0.26310861406249997 0.4346910109375 0.2659176015625 0.435042134375 0.25889513124999997
1 0.4192415734375 0.1563670421875 0.415028090625 0.1521535578125 0.41362359531250004 0.15964419375 0.4174859546875 0.1690074921875 0.42134831406249995 0.17462546875 0.42205056250000006 0.1657303375 0.4192415734375 0.1563670421875
1 0.4518960671875 0.25655430625000003 0.46137640468749996 0.26404494375 0.4543539328125 0.2528089890625 0.450842696875 0.24391385781250002 0.44417134843749995 0.23829587968750002 0.44452247187499994 0.24765917499999998 0.44346910156249997 0.2551498125 0.449087078125 0.26310861406249997 0.4511938203125 0.2687265921875 0.4518960671875 0.25655430625000003
1 0.4971910109375 0.1882022484375 0.49367977500000004 0.18773408281249998 0.4947331453125 0.19616104843749999 0.49403089843750003 0.20037453125 0.4901685390625 0.2069288390625 0.49543539374999995 0.21722846406250002 0.4968398875 0.21067415781249998 0.5028089890625 0.2162921359375 0.5010533703125 0.2102059921875 0.5052668546875 0.2069288390625 0.506320225 0.20224719218749998 0.505617978125 0.1947565546875 0.5017556187500001 0.1896067421875 0.4971910109375 0.1882022484375
1 0.5168539328125 0.147940075 0.5108848312500001 0.1451310859375 0.5059691015625 0.1451310859375 0.4996488765625 0.1573033703125 0.4947331453125 0.1657303375 0.499297753125 0.16947565625 0.5017556187500001 0.1661985015625 0.508778090625 0.1661985015625 0.5094803375 0.1624531828125 0.5119382015625 0.1624531828125 0.5154494374999999 0.15683520625 0.5168539328125 0.15308988750000002 0.5168539328125 0.147940075
1 0.502457865625 0.12687265781249998 0.5028089890625 0.1357677890625 0.5010533703125 0.1399812734375 0.5098314609375 0.1437265921875 0.51404494375 0.1418539328125 0.5168539328125 0.1357677890625 0.522823034375 0.12874531875 0.5245786515625 0.1179775265625 0.5203651687499999 0.1104868921875 0.51404494375 0.1142322109375 0.5080758421875 0.1259363296875 0.5080758421875 0.13061797656250002 0.502457865625 0.12687265781249998
1 0.4877106734375 0.14981273281250002 0.4901685390625 0.15964419375 0.4919241578125 0.15683520625 0.4971910109375 0.15777153593749998 0.5031601125 0.1507490640625 0.5010533703125 0.14653558125 0.49648876406250003 0.1446629203125 0.491221909375 0.1451310859375 0.4901685390625 0.14934456875 0.4877106734375 0.14981273281250002
1 0.5488061796875 0.1526217234375 0.5435393265624999 0.1633895125 0.535112359375 0.1760299625 0.5323033703125 0.17883895156250001 0.5382724718749999 0.17883895156250001 0.5379213484375 0.19241573125 0.5431882015625 0.1821161046875 0.5495084265625 0.1764981265625 0.55793539375 0.1643258421875 0.5621488765625 0.1526217234375 0.5551264046875 0.14653558125 0.5488061796875 0.1526217234375
1 0.5259831453125 0.1647940078125 0.5308988765625 0.1666666671875 0.5323033703125 0.1718164796875 0.533707865625 0.15870786406249998 0.537570225 0.1512172296875 0.53581460625 0.1367041203125 0.533707865625 0.13389513125000002 0.5291432578124999 0.1427902625 0.5308988765625 0.15168539375 0.5301966296875 0.1563670421875 0.5259831453125 0.1647940078125
1 0.5726825843750001 0.1343632953125 0.568820225 0.1409176015625 0.5695224718749999 0.15308988750000002 0.575842696875 0.15777153593749998 0.5761938203125 0.1470037453125 0.5814606734375001 0.14653558125 0.5828651687499999 0.1404494375 0.5842696625 0.1320224734375 0.582162921875 0.1254681640625 0.5786516859375 0.12406367031250001 0.5726825843750001 0.1343632953125
1 0.5867275281250001 0.1418539328125 0.5870786515625 0.1343632953125 0.593047753125 0.13389513125000002 0.5958567421875001 0.12640449375 0.5916432578124999 0.1165730328125 0.5867275281250001 0.11516853906249999 0.5863764046875 0.12640449375 0.5839185390625 0.1292134828125 0.5867275281250001 0.1418539328125
1 0.616573034375 0.11610486874999999 0.62043539375 0.1189138578125 0.627457865625 0.11516853906249999 0.630617978125 0.10627340781250001 0.6316713484375 0.09550561875 0.6271067421875001 0.0926966296875 0.6207865171875 0.1029962546875 0.613412921875 0.1090823984375 0.6099016859375 0.11376404531249999 0.616573034375 0.11610486874999999
1 0.6207865171875 0.1432584265625 0.6179775281250001 0.1409176015625 0.6200842703125 0.14981273281250002 0.6239466296875 0.15870786406249998 0.6299157296875 0.1582397 0.631320225 0.1535580515625 0.6379915734375 0.14653558125 0.63904494375 0.1404494375 0.633778090625 0.13857677968749998 0.6281601125 0.13857677968749998 0.625702246875 0.1409176015625 0.6207865171875 0.1432584265625
1 0.5365168546875 0.27434456875 0.5435393265624999 0.28043071249999996 0.5474016859375 0.26264045 0.5526685390625 0.2509363296875 0.55793539375 0.24250936250000002 0.554073034375 0.23829587968750002 0.5442415734375 0.24438202343749998 0.53897471875 0.2532771546875 0.535112359375 0.26357677968750004 0.5365168546875 0.27434456875
1 0.56390449375 0.2191011234375 0.5614466296875 0.20926966249999998 0.5575842703125 0.20505617968749998 0.5523174156249999 0.2069288390625 0.554073034375 0.21769662968749998 0.5572331453125 0.2237827703125 0.5656601125 0.2228464421875 0.56390449375 0.2191011234375
1 0.575842696875 0.23782771406249997 0.5768960671875 0.22565543125 0.5751404499999999 0.2242509359375 0.5677668546875 0.23548689218750002 0.575842696875 0.23782771406249997
1 0.5905898875 0.2303370796875 0.5909410109375 0.22191011249999998 0.589887640625 0.21676030000000002 0.5846207859375 0.22565543125 0.5839185390625 0.2317415734375 0.5811095500000001 0.23501872656249997 0.5877808984375 0.2401685390625 0.5905898875 0.2303370796875
1 0.6042837078125001 0.2317415734375 0.6106039328125 0.227059925 0.6169241578125 0.2289325828125 0.6200842703125 0.2162921359375 0.6151685390625 0.21348314531249998 0.6046348312500001 0.21535580625 0.6011235953125 0.2191011234375 0.6018258421875 0.227059925 0.6042837078125001 0.2317415734375
1 0.60147471875 0.3361423234375 0.5997191015625 0.3249063671875 0.599367978125 0.31741573125 0.6011235953125 0.3127340828125 0.5902387640625 0.3164794 0.588132021875 0.3249063671875 0.593047753125 0.3361423234375 0.60147471875 0.3361423234375
1 0.60147471875 0.30617977500000004 0.6049859546875 0.30196629218750004 0.60779494375 0.28464419375 0.6088483140625 0.2808988765625 0.6088483140625 0.2724719109375 0.6032303375 0.2762172296875 0.6004213484375 0.28464419375 0.5979634828125 0.2968164796875 0.59515449375 0.3066479390625 0.60147471875 0.30617977500000004
1 0.5698735953125 0.3258426953125 0.5667134828125 0.3347378265625 0.5621488765625 0.3417603 0.5719803375 0.3464419484375 0.5733848312500001 0.33286516875 0.5768960671875 0.3192883890625 0.5807584265625 0.31882022499999996 0.5846207859375 0.30992509375 0.5828651687499999 0.30149812656249997 0.5737359546875 0.3038389515625 0.568820225 0.3136704125 0.5698735953125 0.3258426953125
1 0.5361657296875 0.34035580625 0.5403792140625 0.3352059921875 0.5449438203125 0.3272471921875 0.5424859546875 0.3211610484375 0.53897471875 0.31507490625 0.533707865625 0.31975655468749997 0.5344101125 0.33052434375 0.53265449375 0.33286516875 0.5361657296875 0.34035580625
1 0.4564606734375 0.37031835156250004 0.46207865156250005 0.3806179765625 0.47296348281249995 0.37968164843749996 0.47507022499999996 0.3721910109375 0.47226123593749997 0.36610486875000003 0.4666432578125 0.3656367046875 0.46383427031249996 0.3656367046875 0.4606741578125 0.3754681640625 0.4564606734375 0.37031835156250004
1 0.44838483125 0.3450374546875 0.4504915734375 0.3511235953125 0.4568117984375 0.35018726718750004 0.4606741578125 0.3567415734375 0.46242977500000004 0.35440075000000004 0.4606741578125 0.3441011234375 0.4557584265625 0.3389513109375 0.45330056250000006 0.3422284640625 0.4487359546875 0.34035580625 0.44838483125 0.3450374546875
1 0.39536516875 0.33192883906250004 0.397471909375 0.3220973796875 0.3900983140625 0.3155430703125 0.38518258437499997 0.3206928828125 0.386587078125 0.3333333328125 0.386587078125 0.3356741578125 0.39150280937500004 0.34129213593749996 0.39536516875 0.33192883906250004
1 0.383426965625 0.3286516859375 0.38132022499999996 0.32303370781249996 0.375 0.3286516859375 0.3728932578125 0.3384831453125 0.3781601125 0.3384831453125 0.3830758421875 0.3338014984375 0.383426965625 0.3286516859375
1 0.35147471874999997 0.33286516875 0.3591994375 0.3333333328125 0.3651685390625 0.3216292125 0.36727528125000003 0.3132022484375 0.3707865171875 0.30149812656249997 0.3655196625 0.2977528078125 0.3599016859375 0.3005617984375 0.35393258437499997 0.3122659171875 0.35428370781249996 0.3220973796875 0.35147471874999997 0.33286516875
1 0.40484550625000004 0.29307116093749996 0.4041432578125 0.2771535578125 0.400632021875 0.2687265921875 0.397823034375 0.2701310859375 0.394662921875 0.2659176015625 0.3886938203125 0.26357677968750004 0.3879915734375 0.2780898875 0.39606741562500003 0.2879213484375 0.40484550625000004 0.29307116093749996
1 0.26720505625 0.2911985015625 0.2717696625 0.2808988765625 0.2693117984375 0.26779026250000004 0.2636938203125 0.2757490640625 0.2598314609375 0.2841760296875 0.261587078125 0.2977528078125 0.2668539328125 0.29962546875 0.26720505625 0.2911985015625
1 0.30196629218750004 0.30524344531250003 0.3033707859375 0.30149812656249997 0.3114466296875 0.30196629218750004 0.3177668546875 0.29728464374999997 0.311797753125 0.29213483125 0.306882021875 0.2893258421875 0.30021067343749996 0.293539325 0.29985955 0.3005617984375 0.30196629218750004 0.30524344531250003
1 0.3216292140625 0.3244382015625 0.3300561796875 0.3263108609375 0.330407303125 0.31601123593749997 0.32338483125 0.3103932578125 0.3167134828125 0.3117977515625 0.30898876406250003 0.3146067421875 0.3167134828125 0.3249063671875 0.3216292140625 0.3244382015625
1 0.26860955 0.3829588015625 0.2780898875 0.3843632953125 0.277387640625 0.39279026250000004 0.27949438125000003 0.3834269671875 0.2893258421875 0.3759363296875 0.290028090625 0.3698501875 0.2833567421875 0.36610486875000003 0.27773876406250003 0.3651685390625 0.275632021875 0.3717228453125 0.272823034375 0.3792134828125 0.26860955 0.3829588015625
1 0.2619382015625 0.3806179765625 0.2591292140625 0.38904494375 0.2643960671875 0.3960674171875 0.2650983140625 0.3899812734375 0.2693117984375 0.38810861406249997 0.2721207859375 0.3810861421875 0.2763342703125 0.3698501875 0.275632021875 0.36610486875000003 0.269662921875 0.36610486875000003 0.2636938203125 0.37359550625 0.2619382015625 0.3806179765625
1 0.22507022499999998 0.40121722968749995 0.224367978125 0.40636704218749997 0.228932584375 0.40730337031249997 0.2341994375 0.4091760296875 0.2331460671875 0.40028089843750003 0.239817415625 0.3932584265625 0.2433286515625 0.3848314609375 0.24473314531249998 0.3792134828125 0.239817415625 0.37640449375 0.2349016859375 0.38155430625000003 0.228932584375 0.38764045 0.22507022499999998 0.40121722968749995
1 0.2089185390625 0.3867041203125 0.2018960671875 0.3867041203125 0.20084269687499998 0.3895131078125 0.2082162921875 0.3895131078125 0.208567415625 0.3960674171875 0.20962078593750003 0.4007490640625 0.21348314531249998 0.39138576875000003 0.221207865625 0.3829588015625 0.23139045 0.3754681640625 0.23139045 0.3670411984375 0.2229634828125 0.3665730328125 0.21734550625 0.3693820234375 0.21137640468750002 0.3792134828125 0.2089185390625 0.3867041203125
1 0.17591292187500002 0.3553370796875 0.17099719062500002 0.36189138593750003 0.16678370781250001 0.3632958796875 0.1713483140625 0.3656367046875 0.177317415625 0.3740636703125 0.1776685390625 0.3637640453125 0.1853932578125 0.3590823984375 0.19522471875 0.3492509359375 0.1994382015625 0.34363295781250003 0.195926965625 0.33801498125 0.189957865625 0.3389513109375 0.1825842703125 0.34737827656250003 0.17591292187500002 0.3553370796875
1 0.15168539375 0.35018726718750004 0.1583567421875 0.35018726718750004 0.1643258421875 0.34456928750000004 0.1692415734375 0.3422284640625 0.1731039328125 0.3356741578125 0.1745084265625 0.3281835203125 0.16783707812499998 0.3281835203125 0.15941011249999998 0.33192883906250004 0.155547753125 0.3441011234375 0.15168539375 0.35018726718750004
1 0.124297753125 0.46441947499999997 0.12816011249999998 0.4545880140625 0.132022471875 0.45037453125000004 0.1341292140625 0.44101123593749997 0.1309691015625 0.4367977515625 0.1253511234375 0.4396067421875 0.12043539375000001 0.4499063671875 0.118679775 0.4597378265625 0.124297753125 0.46441947499999997
1 0.1934691015625 0.4831460671875 0.1966292140625 0.4602059921875 0.20154494375 0.4602059921875 0.20505617968749998 0.4513108609375 0.20154494375 0.4433520609375 0.194522471875 0.4494382015625 0.1885533703125 0.4583333328125 0.189957865625 0.46769662968750003 0.1934691015625 0.4831460671875
1 0.1432584265625 0.5187265921875001 0.147823034375 0.5262172296875 0.1513342703125 0.51404494375 0.15765449375 0.5009363296875 0.15765449375 0.4915730328125 0.14852528125 0.4948501875 0.146067415625 0.5028089890625 0.1450140453125 0.5117041203125 0.13904494375 0.5196629203125 0.1432584265625 0.5187265921875001
1 0.2089185390625 0.50889513125 0.210323034375 0.5028089890625 0.2183988765625 0.49625468125000005 0.2254213484375 0.4901685390625 0.2229634828125 0.48361423124999997 0.21137640468750002 0.48782771406250003 0.2064606734375 0.49859550625000004 0.20119382031250002 0.5018726578125 0.2089185390625 0.50889513125
1 0.0635744984375 0.6023161421875 0.059097421875 0.6005253109375001 0.054172635937500005 0.6023161421875 0.056411175 0.6118672390625 0.063126790625 0.6088825203125 0.06984240625 0.6142550140624999 0.0765580234375 0.6136580703125001 0.0810351 0.6100764078124999 0.08013968437499999 0.6041069734375 0.0711855296875 0.6011222546874999 0.06626074531250001 0.6035100296875 0.0635744984375 0.6023161421875
1 0.1047636109375 0.62798471875 0.100734240625 0.6315663796875 0.0993911171875 0.6339541546875 0.0917800859375 0.6351480421875 0.100734240625 0.6429083109375 0.1070021484375 0.6363419296874999 0.1114792265625 0.6423113671875 0.11550859531249999 0.6351480421875 0.12088108906249999 0.6321633234374999 0.12401504375000001 0.6309694375 0.11819484218750001 0.62440305625 0.11192693437500001 0.62440305625 0.1047636109375 0.62798471875
1 0.094914040625 0.62082139375 0.09580945625000001 0.6130611265625 0.09222779375 0.6064947484375 0.08864613125000001 0.6094794640625001 0.08819842343749999 0.62022445 0.08819842343749999 0.62917860625 0.09580945625000001 0.62977555 0.094914040625 0.62082139375
1 0.16878581718750002 0.6154489015625 0.17415830937500001 0.6017191984375 0.1813216328125 0.5963467046875001 0.187141834375 0.5838108875 0.18042621718750002 0.5814231140625 0.17326289374999998 0.589780325 0.1696812328125 0.5933619875 0.16744269375 0.6029130859375 0.16878581718750002 0.6154489015625
1 0.1781876796875 0.5766475640625 0.181769340625 0.5700811828125001 0.1866941265625 0.5635148046875 0.189380371875 0.55396370625 0.187141834375 0.5462034375 0.1813216328125 0.55038204375 0.18042621718750002 0.5599331421875 0.1763968484375 0.5694842421875 0.1781876796875 0.5766475640625
1 0.22027220625 0.5975405921875 0.2274355296875 0.6023161421875 0.22833094531250003 0.5945558734375 0.234151146875 0.58739255 0.234598853125 0.5820200578125 0.234151146875 0.5784383953125001 0.2274355296875 0.5784383953125001 0.22609240625 0.58739255 0.2216153296875 0.59395893125 0.22027220625 0.5975405921875
1 0.1719197703125 0.7085721109375 0.1714720625 0.7223018140625 0.175949140625 0.7282712515624999 0.17773997187499999 0.7157354359375 0.17997850937499998 0.70081184375 0.1746060171875 0.69543935 0.1746060171875 0.6846943640625 0.17012893906249998 0.6799188171874999 0.16878581718750002 0.6840974203125 0.169233525 0.69543935 0.1719197703125 0.7085721109375
1 0.10521131875 0.9007879640625 0.1029727796875 0.9085482328125 0.10834527187500001 0.9049665703124999 0.1123746421875 0.9085482328125 0.11103151874999999 0.9037726828125001 0.11506088750000001 0.8954154734375 0.11685171875 0.88526743125 0.1164040109375 0.8757163328124999 0.11461318125 0.8703438390624999 0.1092406875 0.8751193890625 0.10610673281250001 0.8882521499999999 0.10521131875 0.9007879640625
1 0.068499284375 0.8828796562499999 0.06984240625 0.8739255015625 0.0738717765625 0.8637774609375001 0.074319484375 0.8536294171875 0.0626790828125 0.8625835734375 0.0595451296875 0.8751193890625 0.06402220625 0.8882521499999999 0.068499284375 0.8828796562499999
1 0.172367478125 0.9742120359375 0.175949140625 0.9574976124999999 0.1746060171875 0.9461556828125 0.168338109375 0.951528175 0.166547278125 0.9598853875 0.166547278125 0.9712273171874999 0.169233525 0.9783906390625001 0.172367478125 0.9742120359375
1 0.22698782187500002 0.8136341937499999 0.2319126078125 0.8154250234375 0.23862822343749998 0.8172158546875 0.23594197656250002 0.8082617000000001 0.239971346875 0.7981136578125 0.2408667625 0.7891595046875 0.23952363906250002 0.7802053484375 0.2319126078125 0.7855778421874999 0.22698782187500002 0.7987106015625 0.230569484375 0.80885864375 0.22698782187500002 0.8136341937499999
1 0.0720809453125 0.7760267437499999 0.066708453125 0.7825931234375 0.0711855296875 0.7837870109375 0.0747671921875 0.7897564484374999 0.07611031562500001 0.7784145171875 0.0832736390625 0.7796084046875 0.0890938390625 0.77244508125 0.09222779375 0.7712511937500001 0.0953617484375 0.7628939828125 0.0908846703125 0.7569245453125 0.0823782234375 0.7652817578125 0.0720809453125 0.7760267437499999
1 0.198782234375 0.8721346703125 0.20012535781250002 0.8691499515625001 0.20952722031249998 0.8703438390624999 0.2037070203125 0.8619866296875 0.2032593125 0.84885386875 0.20102077343750002 0.8363180515625 0.1983345265625 0.8375119390625001 0.19788681875 0.84765998125 0.19564828125 0.8542263609375 0.1969914046875 0.8607927421875001 0.198782234375 0.8721346703125
1 0.1117131828125 0.7571258921874999 0.1117131828125 0.7462391125 0.11356888437499998 0.7398060171874999 0.11394002343750001 0.7289192390625 0.110228621875 0.7244655578125 0.1065172203125 0.7368368953125 0.105774940625 0.7492082328125 0.10503266093750001 0.7541567687499999 0.1117131828125 0.7571258921874999
1 0.22268408593750003 0.7249604125 0.2267666265625 0.7299089484375 0.22788004687500002 0.7229809984375 0.23233372968750002 0.7125890734375 0.23641627031249998 0.7041765640625 0.23233372968750002 0.69972288125 0.2267666265625 0.7051662703125 0.220828384375 0.7170427562499999 0.21489014218750002 0.7210015828125 0.22268408593750003 0.7249604125
1 0.0994609859375 0.5681040375 0.107161190625 0.5796543453125 0.1020277203125 0.5621149890625 0.102990246875 0.5556981515625 0.1052361390625 0.5437200546875001 0.10042351093749999 0.5364476390624999 0.09368583124999999 0.54414784375 0.0949691984375 0.5514202609375001 0.095931725 0.5608316234374999 0.0994609859375 0.5681040375
1 0.12609086249999998 0.78199863125 0.1350744359375 0.78199863125 0.13475359375 0.7768651609375 0.14117043125 0.7700205328124999 0.14213295625 0.7618925390625 0.14213295625 0.7550479125 0.1369994859375 0.7546201234375001 0.1325077 0.7636036953125 0.128657596875 0.7764373703125 0.12609086249999998 0.78199863125
3 0.9249633078124999 0.0892857140625 0.9182363015625 0.0880626234375 0.9157901171875 0.0892857140625 0.9151785718750001 0.09458577968750001 0.9090631109375 0.0909165046875 0.9063111546875 0.095401175 0.9032534249999999 0.09050880624999999 0.8998899218749999 0.09254729375000001 0.89836105625 0.10151663281250001 0.8949975531250001 0.09458577968750001 0.8910225046875 0.0970319625 0.891328278125 0.1035551203125 0.8849070453125 0.10233202968749999 0.8830724078125 0.1064090015625 0.8781800390625 0.10192433125 0.8745107624999999 0.1051859109375 0.8708414875000001 0.1108936734375 0.8677837578125001 0.10967058125 0.865643346875 0.11660143593750001 0.8625856171875 0.11497064531250001 0.8586105671875 0.12067840781250001 0.8586105671875 0.1259784734375 0.8537182 0.1231245921875 0.8524951078124999 0.1308708421875 0.8497431499999999 0.1312785390625 0.8488258312499999 0.1349478140625 0.8442392375000001 0.1353555125 0.8427103718750001 0.14024787968750002 0.8420988265625 0.1451402484375 0.8384295500000001 0.1443248546875 0.8411815062500001 0.1508480109375 0.8365949125000001 0.1528864984375 0.8375122312500001 0.16185583750000002 0.8375122312500001 0.1708251796875 0.8387353234375 0.1785714296875 0.8439334640625 0.178979125 0.8466854203124999 0.1830561 0.8427103718750001 0.1822407046875 0.8439334640625 0.18754076875 0.850354696875 0.19121004531250002 0.8549412921874999 0.19365622968750001 0.857081703125 0.1989562953125 0.86044520625 0.19773320156250002 0.864726028125 0.1981409 0.8690068500000001 0.2026255703125 0.8638087078125001 0.2132257015625 0.8549412921874999 0.21689497656249998 0.8509662421874999 0.21567188593750003 0.8488258312499999 0.21241030625 0.8457681015625 0.20629484531250003 0.8427103718750001 0.2107795171875 0.8430161453125 0.20303326875 0.8417930531250001 0.1997716890625 0.8387353234375 0.19365622968750001 0.835983365625 0.1948793203125 0.835983365625 0.2046640578125 0.833231409375 0.19691780781249998 0.830785225 0.1891715578125 0.827421721875 0.19324853125000002 0.8234466734374999 0.20547945156249997 0.825587084375 0.19447162499999998 0.8219178078124999 0.1863176765625 0.815190803125 0.17775603281250002 0.8139677109375001 0.18183300625 0.8121330718750001 0.1842791921875 0.80785225 0.18020221875 0.8029598828125 0.18101761249999998 0.7971501953125 0.1793868234375 0.793175146875 0.17816373125 0.7904231890625 0.178979125 0.7882827781249999 0.18713307343750002 0.785530821875 0.1834637953125 0.777886496875 0.18590998125 0.7754403125 0.18713307343750002 0.771159490625 0.1899869546875 0.7671844421875 0.1879484671875 0.7638209390624999 0.1920254390625 0.7580112531250001 0.1924331375 0.7561766140625 0.1961024140625 0.7515900203125 0.1920254390625 0.743028375 0.19528701875 0.7390533265625 0.1956947171875 0.7320205484375 0.19324853125000002 0.729268590625 0.1989562953125 0.7246819953125 0.19324853125000002 0.7185665359375 0.1993639921875 0.7167318984375 0.2075179390625 0.7161203515625 0.21281800468749998 0.711227984375 0.21404109531249998 0.7075587078125001 0.2132257015625 0.7057240703125001 0.2148564890625 0.701749021875 0.2103718203125 0.6928816046875 0.2164872796875 0.6928816046875 0.22708741093749998 0.685543053125 0.2250489234375 0.6812622312500001 0.2242335296875 0.67728718125 0.2319797796875 0.676981409375 0.2380952375 0.6702544031250001 0.24013372500000002 0.664444715625 0.23931832968750003 0.662610078125 0.24543378906250002 0.6580234828125 0.2425799078125 0.653131115625 0.25154925 0.651296478125 0.2535877375 0.6467098828125 0.2641878671875 0.642734834375 0.2719341171875 0.6381482390625 0.2800880625 0.63539628125 0.2853881265625 0.6338674171875 0.2951728640625 0.63539628125 0.30210371875 0.63539628125 0.3090345734375 0.637842465625 0.3147423359375 0.6372309203125 0.32085779531249997 0.64028865 0.3322733203125 0.6363136015624999 0.3294194390625 0.6305039140625001 0.3326810171875 0.62775195625 0.3449119375 0.628363503125 0.3546966734375 0.6320327781249999 0.3608121328125 0.6372309203125 0.3632583171875 0.643957925 0.3604044359375 0.6494618390625 0.3604044359375 0.64701565625 0.3677429875 0.6494618390625 0.3738584484375 0.654048434375 0.38201239375 0.6525195687500001 0.3873124578125 0.6537426609375 0.39913568125 0.6528253421875 0.40565883906250005 0.64304060625 0.40688193124999994 0.63539628125 0.4023972609375 0.6243884546875 0.3983202875 0.6170499015625001 0.3995433796875 0.6090998046875 0.3983202875 0.6008439328125 0.3966894984375 0.60114970625 0.3942433140625 0.60114970625 0.3864970640625 0.6023727984375 0.3824200921875 0.5996208421875 0.37630463125 0.595951565625 0.36692759375 0.5931996093749999 0.3616275265625 0.5904476515625 0.3665198953125 0.5852495109375 0.36121983125 0.5831090999999999 0.3551043703125 0.5776051859375 0.3522504890625 0.5742416828125 0.3559197640625 0.570266634375 0.34858121249999996 0.569349315625 0.3506197 0.5656800390625001 0.3461350296875 0.5595645796875 0.34572733125 0.554977984375 0.34165035781249997 0.5503913890625001 0.34572733125 0.5442759296874999 0.3445042390625 0.539689334375 0.3489889109375 0.536020059375 0.34205805625 0.530210371875 0.34531963593750004 0.5250122312500001 0.3412426609375 0.5161448140625 0.34246575468749996 0.5136986296875 0.34246575468749996 0.5045254406249999 0.35143509375000004 0.5023850296875 0.3506197 0.4974926609375 0.3559197640625 0.49260029375 0.36121983125 0.49076565624999996 0.3661121984375 0.487402153125 0.3746738421875 0.487402153125 0.3673352890625 0.4809809203125 0.3714122625 0.4822040125 0.3787508140625 0.47945205468749996 0.38160469531249996 0.4779231890625 0.3869047625 0.4736423671875 0.38935094531250003 0.47608855156249996 0.3942433140625 0.4690557734375 0.3922048265625 0.46875 0.39505870781249997 0.47150195625 0.4028049578125 0.4693615453125 0.407697325 0.47241927656250005 0.4146281796875 0.4681384546875 0.4142204828125 0.465386496875 0.42196673125000006 0.46599804375 0.4252283109375 0.46171722187500003 0.4260437046875 0.46202299375000005 0.4362361375 0.46110567500000005 0.43827462500000003 0.46049412968750003 0.44194389999999995 0.46141144843750004 0.44683626875 0.4574363984375 0.4472439671875 0.4574363984375 0.45254403125 0.45162671249999997 0.4537671234375 0.4485689828125 0.4509132421875 0.44673434375000004 0.4537671234375 0.4433708421875 0.45539791249999995 0.44489970625 0.46192107031249996 0.4418419765625 0.4672211359375 0.442453521875 0.4631441625 0.43878424687499995 0.46355185781249997 0.43664383593749995 0.46966731875 0.4308341484375 0.47333659531250005 0.429305284375 0.4790443578125 0.4268591 0.48352902656249996 0.42104941250000005 0.48719830468750003 0.4173801375 0.4806751453125 0.41157045 0.4847521203125 0.41401663437499997 0.49168297499999997 0.4127935421875 0.4965753421875 0.40912426562500004 0.49698303906249996 0.4051492171875 0.49127527656250003 0.399645303125 0.4941291578125 0.3962818 0.49698303906249996 0.39414138906249996 0.4998369203125 0.3999510765625 0.5006523171875 0.40056262187499997 0.5067677749999999 0.39505870781249997 0.5075831703125 0.3932240703125 0.5035061984375 0.38741438281249996 0.49820613125 0.383439334375 0.5018754078125001 0.385273971875 0.5108447484374999 0.38007583125 0.5083985640625001 0.3745719171875 0.5169602078125 0.377323875 0.52307566875 0.3812989234375 0.53082191875 0.381604696875 0.5361219828125 0.375795009375 0.53449119375 0.37243150625 0.5353065875 0.368150684375 0.5340834953125 0.366316046875 0.5348988921875 0.3626467703125 0.5336757999999999 0.3571428578125 0.5340834953125 0.3543909 0.5414220484375 0.351944715625 0.537345075 0.3470523484375 0.54101435 0.34001956875 0.5414220484375 0.33818493125 0.5471298109375 0.33451565625 0.5487606 0.32901174218749996 0.55650685 0.32870596875 0.5626223078125 0.3323752453125 0.5691454671875 0.3317636984375 0.5719993484375 0.33298679062500003 0.5772994125 0.3296232875 0.5768917140625 0.3256482390625 0.57648401875 0.317698140625 0.5781148078125 0.307301859375 0.57648401875 0.3118884546875 0.5809686890625 0.3183096875 0.5887149375 0.315863503125 0.5919765171875 0.3103595890625 0.5984996734375 0.3069960859375 0.6005381609375 0.30577299375 0.6062459234375 0.3106653625 0.6160306578125 0.30393835625 0.6148075671875 0.29812866875 0.6156229625 0.29598825781250004 0.6168460546875 0.28742661406250003 0.621330725 0.29048434375 0.6266307890625 0.2846746578125 0.6282615796875 0.280699609375 0.628669275 0.2745841484375 0.6311154609375 0.2803938359375 0.64130789375 0.289261253125 0.64130789375 0.29201320937499997 0.6482387484375 0.2990459875 0.6510926296874999 0.301492171875 0.6572080890625001 0.29598825781250004 0.6625081546875 0.2984344421875 0.6727005875 0.2926247546875 0.6714774953125 0.28834393281250004 0.6633235484375 0.28345156562499996 0.6523157203125 0.2770303328125 0.6494618390625 0.2721379640625 0.6551696015624999 0.26969178125000004 0.6576157859375 0.26449364062499997 0.65843118125 0.2599070453125 0.65843118125 0.2635763203125 0.6637312453125 0.2684686890625 0.666992825 0.2721379640625 0.6710697984375 0.2745841484375 0.6775929546875 0.27733610625 0.6841161125 0.274889921875 0.6886007828125 0.2736668296875 0.6926777562499999 0.2751956953125 0.7000163078125 0.2770303328125 0.7073548609375 0.2788649703125 0.70980104375 0.2736668296875 0.712654925 0.2684686890625 0.7183626875 0.26877446250000003 0.7224396609375 0.2669398234375 0.7310013046875 0.2669398234375 0.7387475546875 0.2721379640625 0.7452707109375 0.2779476515625 0.75179386875 0.28314579218749997 0.7558708421875 0.28498043125 0.7628016953125 0.28314579218749997 0.7656555765624999 0.27764187812499996 0.7656555765624999 0.2703033265625 0.7685094578125 0.2660225046875 0.7709556421875 0.26296477500000004 0.7746249187500001 0.2540973578125 0.7705479453125 0.2495107625 0.7750326171874999 0.24859344375 0.781148075 0.2534858125 0.788894325 0.25226272031249997 0.7917482062500001 0.2559319953125 0.8015329421875 0.256849315625 0.8064253109375 0.2534858125 0.81090998125 0.2583781796875 0.8149869546874999 0.26969178125000004 0.81539465 0.2751956953125 0.8174331374999999 0.2813111546875 0.819471625 0.2779476515625 0.8243639921874999 0.27855919687499997 0.8349641234374999 0.28314579218749997 0.8406718859375 0.28681506875 0.8414872796875 0.29721135 0.8378180046875 0.2923189828125 0.8443411609375 0.2907901171875 0.8582028703125 0.2907901171875 0.8618721453125 0.2877323875 0.8712491859375 0.289261253125 0.8781800390625 0.29048434375 0.8847031953125001 0.2932363015625 0.8900032625 0.29874021562499997 0.8883724734375 0.304855675 0.8895955640625001 0.3051614484375 0.8940802359375001 0.2956824859375 0.9010110890625 0.29507093906250004 0.9095727328125 0.29201320937499997 0.9071265500000001 0.28589775 0.9018264828125 0.2855919765625 0.8961187203125001 0.28345156562499996 0.8842955 0.2846746578125 0.8765492500000001 0.2828400203125 0.8692106984375 0.2800880625 0.86594911875 0.2770303328125 0.8692106984375 0.2755014671875 0.8728799734375 0.2751956953125 0.88511089375 0.2770303328125 0.8953033265625001 0.27641878593749997 0.8997879984375 0.2736668296875 0.90019569375 0.2703033265625 0.8997879984375 0.2647994125 0.9026418796875 0.265410959375 0.9083496421874999 0.26999755312499996 0.9148727984375 0.274889921875 0.91935746875 0.281616928125 0.9234344421875 0.289567025 0.9222113500000001 0.2975171234375 0.92506523125 0.299657534375 0.9287345078125 0.299657534375 0.9328114812500001 0.29629403125 0.9328114812500001 0.29048434375 0.9421885187499999 0.2923189828125 0.9474885859375 0.29629403125 0.9515655578125 0.2953767125 0.9564579249999999 0.28498043125 0.9560502296875001 0.2822284734375 0.9503424671875 0.2797822890625 0.95931180625 0.2822284734375 0.9662426609375 0.2846746578125 0.9715427265625 0.2871208421875 0.979288975 0.29507093906250004 0.9756197 0.29782289687499997 0.9817351609375 0.29721135 0.98988910625 0.28667902500000003 0.9904661015625 0.275423728125 0.9966454812500001 0.2859375 0.9979166671874999 0.9984375 0.9979166671874999 0.9984375 0.0645833328125 0.9968199609375 0.0652315734375 0.9882583171875 0.0729778203125 0.9824486296874999 0.0778701890625 0.9668542078125 0.08520874218749999 0.960432975 0.09050880624999999 0.9564579249999999 0.0970319625 0.9491193734375001 0.10844748906249999 0.9466731890625001 0.11660143593750001 0.94490673125 0.11930564375 0.94422700625 0.11537834375 0.9433096875 0.1047782125 0.942698140625 0.09784735781250001 0.9378057734375 0.0929549890625 0.933219178125 0.0901011078125 0.930467221875 0.08520874218749999 0.92893835625 0.0888780171875 0.9258806265624999 0.08398565 0.9249633078124999 0.0892857140625