1 0.524604071875 0.5354449484375 0.5147058828125 0.5128205125 0.504100678125 0.5250754140625 0.474406109375 0.4911387625 0.45673076874999996 0.4666289578125 0.42774321249999997 0.44306183906249996 0.3994626703125 0.42703620000000003 0.41289592812500003 0.4600301671875 0.396634615625 0.4487179484375 0.3704751125 0.43646304531249996 0.351385746875 0.42797888281249996 0.337245475 0.4543740578125 0.32451923125 0.4619155359375 0.2969457015625 0.48548265468749996 0.301894796875 0.49962292656249996 0.3125 0.48497267656250004 0.331711065625 0.469603825 0.3579661890625 0.47045765 0.3778176234375 0.4772882515625 0.37525614687500003 0.4892418046875 0.3867827875 0.50375683125 0.42308789999999996 0.55745814375 0.47017694062500004 0.6269025874999999 0.48301940625000006 0.6421232875 0.4922945203125 0.6678082187500001 0.5058504562499999 0.6678082187500001 0.524400684375 0.67351598125 0.5322488578125 0.68683409375 0.5401583703124999 0.6740196078125 0.5401583703124999 0.6476244359375001 0.5352092765625 0.6193438921875 0.5267251125 0.5901206640625001 0.5599547515625 0.5684389140625 0.5663178734375001 0.5618401203125 0.5309671953125 0.5674962296875 0.516119909375 0.564668175 0.524604071875 0.5354449484375
1 0.45354729687499995 0.7713963953125 0.43707770312500005 0.7764639640625 0.43961148593750005 0.8018018015624999 0.45396959531250003 0.7989864875 0.466216215625 0.7905405390625 0.4885979734375 0.7781531546875 0.5114020265625 0.7680180187500001 0.5320945953125 0.7601351359375 0.5489864859375 0.7449324328125 0.546875 0.76858108125 0.5553209453125 0.7623873875 0.5553209453125 0.7426801796875 0.5616554046875 0.7359234234375001 0.5802364859375 0.71903153125 0.5798141890624999 0.6998873875 0.5692567562499999 0.6965090078125 0.5384290546875 0.7117117125 0.5042229734375 0.7359234234375001 0.48479729687499995 0.7505630625 0.4729729734375 0.7635135125 0.45354729687499995 0.7713963953125
1 0.9078166234375 0.6750219875 0.8979221640624999 0.6722735265625001 0.8954485484375001 0.6887642921875 0.8991589703124999 0.7118513625 0.90369393125 0.7063544421875 0.90286939375 0.6909630609375 0.9078166234375 0.6750219875
1 0.8274241421875 0.6546833765625 0.8117579156250001 0.6502858390624999 0.7981530343750001 0.6541336859375 0.791968996875 0.6568821453125 0.790732190625 0.66237906875 0.7965039578125 0.66842568125 0.8035125328125 0.66842568125 0.8146438 0.6662269125 0.8274241421875 0.6546833765625
1 0.8665897093750001 0.5733289359375 0.8575197890625 0.5661829375 0.8521602906249999 0.5711301671875 0.838967678125 0.5744283203125 0.8340204484375 0.5821240109375 0.83608179375 0.588170625 0.845976253125 0.5898197 0.852572559375 0.5821240109375 0.866177440625 0.5821240109375 0.8665897093750001 0.5733289359375
1 0.981200528125 0.6085092359375001 0.9840864109374999 0.60081354375 0.98532321875 0.5942172375 0.9758410296875001 0.5942172375 0.96512203125 0.5848724703125 0.9568766484375001 0.59036939375 0.95728891875 0.60356200625 0.968420184375 0.60740985 0.9770778359375001 0.6118073875000001 0.9844986812500001 0.6173043109374999 0.981200528125 0.6085092359375001
1 0.83525725625 0.54199648125 0.831546834375 0.54914248125 0.8447394453125 0.5551890937499999 0.8558707125 0.5546394015625 0.8616424796875 0.5474934046875 0.84927440625 0.5397977125 0.83525725625 0.54199648125
1 0.8500989453125 0.5194591015625 0.859168865625 0.5364995609375 0.8674142484375 0.5392480203125001 0.872773746875 0.5364995609375 0.8731860156250001 0.5255057171875 0.86947559375 0.5139621812499999 0.8575197890625 0.4991204921875 0.8542216359375001 0.48592788125 0.8476253296875 0.4908751109375 0.8385554093750001 0.48592788125 0.8472130609375 0.5029683375 0.8500989453125 0.5194591015625
1 0.8876154359375 0.5123131046875 0.8933872031250001 0.5178100265625 0.900808046875 0.5128627953125 0.8900890499999999 0.49417326250000004 0.8839050125 0.4985708 0.8876154359375 0.5123131046875
1 0.9375 0.46174142500000004 0.9461576515625 0.46284080781250003 0.9494558046874999 0.45349604218749995 0.9428594984374999 0.44305189218749996 0.9304914249999999 0.44305189218749996 0.9375 0.46174142500000004
1 0.9984375 0.825 0.9984375 0.8145833328125001 0.99150725625 0.8239885671874999 0.9861477578125 0.8327836421875 0.9807882578125 0.8344327171874999 0.9828496046874999 0.8415787171875 0.982025065625 0.8547713265624999 0.9882091031250001 0.8542216359375001 0.9919195249999999 0.8421284078125 0.9976912921875 0.8377308703124999 0.9984375 0.825
1 0.6333391859375 0.52434456875 0.6403616578125 0.5155664796874999 0.6482619374999999 0.5050327703125 0.6377282296875 0.5009363296875 0.6320224718749999 0.5114700375 0.6232443812499999 0.5208333328125 0.6175386234375 0.53897471875 0.6280723312500001 0.5366338953125 0.6333391859375 0.52434456875
1 0.7970505625000001 0.43948970000000004 0.7869557578124999 0.4453417609375 0.7755442421875001 0.44709737968749996 0.7816889046875 0.45294943749999994 0.7979283703125 0.45294943749999994 0.8058286515624999 0.4494382015625 0.8093398875 0.4377340828125 0.7970505625000001 0.43948970000000004
1 0.9309164328125 0.2966994375 0.9357443812499999 0.2890917609375 0.9247717703125 0.2791432578125 0.9120435390624999 0.2791432578125 0.9080933984374999 0.2779728453125 0.9041432578125 0.26919475625 0.8975596906250001 0.270950375 0.8984375 0.2803136703125 0.9151158703125001 0.2908473796875 0.9309164328125 0.2966994375
1 0.9142380625 0.2574906375 0.92828300625 0.2627574921875 0.9331109546875 0.2656835203125 0.9370610953125 0.2598314609375 0.9317942421875 0.2516385765625 0.9260884828125 0.2475421359375 0.9107268265625 0.24110486875 0.902387640625 0.24344569374999997 0.907215590625 0.24929775156249998 0.8997542140625001 0.25456460625 0.9063377812500001 0.2598314609375 0.9142380625 0.2574906375
1 0.97963483125 0.1814138578125 0.9730512640625 0.1913623609375 0.9721734546875 0.2089185390625 0.9752457859374999 0.22062265781249998 0.9791959265625 0.2188670421875 0.9835849718749999 0.20657771406249997 0.9818293546874999 0.1913623609375 0.97963483125 0.1814138578125
1 0.8492801968749999 0.1761470046875 0.8378686796875 0.17263576875 0.842257725 0.18433988750000002 0.8519136234375001 0.19721441875 0.859375 0.1925327703125 0.8545470500000001 0.1878511234375 0.8492801968749999 0.1761470046875
1 0.8036341296874999 0.2621722859375 0.8102176968749999 0.2627574921875 0.8150456453125001 0.2633426953125 0.8119733140625 0.2574906375 0.8089009828125 0.2528089890625 0.80143960625 0.2487125453125 0.7966116578125 0.2487125453125 0.79046699375 0.2498829578125 0.7873946625 0.2586610484375 0.7939782296875 0.2580758421875 0.8036341296874999 0.2621722859375
1 0.9430803578125 0.0754676875 0.937898596875 0.081313775 0.94148596875 0.1009778921875 0.9454719390624999 0.1078869046875 0.9486607140625001 0.1015093546875 0.9518494890625 0.09088010156250001 0.9430803578125 0.0754676875
1 0.9295280609375001 0.1015093546875 0.9279336734375001 0.11692176875 0.936304209375 0.1094812921875 0.9347098218750001 0.1020408171875 0.9331154343750001 0.09088010156250001 0.9295280609375001 0.1015093546875
1 0.91557716875 0.1333971078125 0.92036033125 0.1307397953125 0.9187659437500001 0.12701955781250002 0.9119897953124999 0.11957908125000001 0.9072066328125 0.11798469375000001 0.898038903125 0.12064200624999999 0.902024871875 0.1264880953125 0.9099968109375001 0.1312712578125 0.91557716875 0.1333971078125
1 0.6978728984375 0.40791316406250006 0.7087053578125 0.40703781406250006 0.707064075 0.39915966406250003 0.70214023125 0.39390756250000003 0.6926207984375 0.3934698875 0.688025209375 0.39084383749999996 0.6870404406249999 0.39390756250000003 0.6811318281250001 0.39653361249999997 0.6903230046875 0.4026610640625 0.6978728984375 0.40791316406250006
1 0.589876575 0.34970238125 0.587250525 0.35626750625 0.5931591390625 0.3593312328125 0.6026785718750001 0.3588935578125 0.606617646875 0.35495448125 0.6000525203125 0.35189075625 0.589876575 0.34970238125
1 0.6535582984375 0.4486169453125 0.6496192234375 0.4486169453125 0.6479779406249999 0.4455532203125 0.644038865625 0.44599089531249997 0.642397584375 0.45168067343749996 0.643710609375 0.4582457984375 0.648306196875 0.4608718484375 0.6538865546875 0.46437324999999996 0.6535582984375 0.4486169453125
1 0.19983905625 0.8252861234375001 0.20050965625 0.8065092999999999 0.2092274671875 0.7913090125 0.2132510734375 0.7662732484375 0.2065450640625 0.7582260375 0.19514484999999998 0.7680615171875 0.19045064375 0.8038268953125 0.1864270390625 0.8234978546875 0.19983905625 0.8252861234375001
3 0 0.9979166671874999 0.9984375 0.9979166671874999 0.9984375 0.2604166671875 0.9984375 0.2541666671875 0.9646045921875 0.26322278906249996 0.956632653125 0.2993622453125 0.930019946875 0.34352836875000003 0.919215425 0.3856382984375 0.90425531875 0.37234042500000003 0.8818151593750001 0.3679078015625 0.877659575 0.3945035453125 0.85605053125 0.4266400703125 0.838597075 0.43107269531250003 0.8161569156249999 0.4532358140625 0.807014628125 0.47429077968750005 0.7903922875 0.47207446875 0.767952128125 0.4765070921875 0.767952128125 0.5053191484374999 0.74551196875 0.5152925546875 0.7338763296875 0.4986702125 0.7081117015625 0.4875886515625 0.6856715421875 0.4709663125 0.6574135640625001 0.4753989359375 0.6391289890625 0.47872340468749996 0.63081781875 0.4543439703125 0.60089760625 0.4621010640625 0.572639628125 0.4842641859375 0.546875 0.48980496406249996 0.5551861703125 0.5152925546875 0.5402260640625001 0.53634751875 0.5294215421875 0.5396719859375 0.521110371875 0.5607269500000001 0.530252659375 0.56405141875 0.563497340625 0.5629432624999999 0.527056525 0.5916819859375 0.5350988046875 0.6181066171875 0.5411305140625 0.6449142171875 0.53940716875 0.6767003671875 0.5325137875 0.6878063734375 0.5227481625 0.6744025734375 0.504078584375 0.6675091921874999 0.4925896140625 0.6686580875 0.4825367640625 0.64453125 0.468462775 0.6276807609375 0.4245174625 0.5591299015625 0.3854549625 0.504748775 0.3747388578125 0.48862581250000003 0.37778551562499996 0.47934076093750005 0.35384749375 0.47237697343749996 0.3320856546875 0.470636025 0.3138057109375 0.48572423281250005 0.3125 0.4911387625 0.2990667421875 0.49962292656249996 0.2927036203125 0.4798265453125 0.323105203125 0.46097285 0.3365384609375 0.4543740578125 0.351385746875 0.42892156875 0.37401018124999996 0.44023378593749996 0.396634615625 0.45060331875 0.4121889140625 0.4553167421875 0.39804864218749997 0.42797888281249996 0.42774321249999997 0.44306183906249996 0.4496606328125 0.4562594265625 0.45107466093750004 0.4147812984375 0.438348415625 0.3912141765625 0.450367646875 0.3591628953125 0.4531957015625 0.33371040625 0.42774321249999997 0.3120286578125 0.4100678734375 0.3101432875 0.39875565625 0.2969457015625 0.388857465625 0.2790346921875 0.40865384687499995 0.23284313750000002 0.3952205875 0.1989064859375 0.37542420781249997 0.20456259375000002 0.3648190046875 0.21776018125 0.3570418546875 0.2215309203125 0.3520927609375 0.20644796406250002 0.335124434375 0.2036199109375 0.302601809375 0.20644796406250002 0.277856334375 0.19607843125 0.2722002265625 0.1800527890625 0.25947398125 0.16685520468749998 0.2234162890625 0.15931372500000002 0.20149886874999998 0.1423454 0.2460407234375 0.1432880859375 0.2432126703125 0.1263197578125 0.2707861984375 0.11595022656250001 0.248868778125 0.0914404234375 0.273614253125 0.0641025640625 0.261595021875 0.0377073921875 0.23331447968750002 0.02168175 0.20432692343749997 0.0131975875 0.1817024890625 0.0254524890625 0.1958427609375 0.061274510937500005 0.1944287328125 0.0857843140625 0.18523755625 0.0857843140625 0.1590780546875 0.082013575 0.150593890625 0.10558069375000001 0.1364536203125 0.10746606249999999 0.129383484375 0.09238310625 0.145644796875 0.0697586734375 0.1392816734375 0.03676470625 0.11170814531249999 0.0395927609375 0.1124151578125 0.0631598796875 0.096860859375 0.0933257921875 0.07706447968749999 0.0829562609375 0.059389140625 0.08389894375 0.0501979640625 0.1131221734375 0.0445418546875 0.1300904984375 0.02898755625 0.1150075421875 0.031108596875 0.0933257921875 0.0014140265625 0.0848416296875 0 0.0875 0 0.9979166671874999