1 0.4790865390625 0.1880341875 0.46306089687499996 0.1121794875 0.443830128125 0.1335470078125 0.42860576874999995 0.1602564109375 0.44703525624999996 0.2158119671875 0.48870192343749996 0.2895299140625 0.536778846875 0.3632478625 0.560016025 0.42948717968750005 0.568830128125 0.4145299140625 0.5576121796875 0.34615384531250004 0.52235576875 0.2702991453125 0.4790865390625 0.1880341875
1 0.55360576875 0.5576923078125 0.5415865390625 0.5032051296875 0.5303685890625001 0.46153846249999997 0.511939103125 0.4369658125 0.4959134609375 0.42948717968750005 0.48389423125000003 0.44123931718750004 0.47668269218750003 0.45726495624999997 0.48149038437499997 0.48504273593749997 0.4991185890625 0.5170940171875 0.5111378203125 0.5459401703125 0.5207532046875001 0.5705128203125 0.5295673078124999 0.60576923125 0.543189103125 0.5918803421875001 0.55360576875 0.5576923078125
1 0.505528846875 0.7638888890625 0.519150640625 0.7970085484375 0.5183493593749999 0.75 0.5271634609375 0.7104700859374999 0.534375 0.6784188046875 0.531971153125 0.6420940171875 0.5271634609375 0.6089743578125 0.5215544875 0.5790598296875 0.5143429484375 0.5598290609375 0.503125 0.5544871796875 0.4903044875 0.5608974359375 0.48229166718750005 0.5694444437499999 0.47668269218750003 0.5886752140625 0.477483975 0.6121794875 0.487099359375 0.6378205125 0.49751602500000003 0.66773504375 0.5039262828125 0.6965811953125 0.505528846875 0.7350427359375 0.505528846875 0.7638888890625
1 0.721875 0.15705128125 0.7018429484375 0.1485042734375 0.690625 0.13675213749999998 0.6393429484375 0.1217948703125 0.5960737171875 0.1335470078125 0.5584134609375 0.1420940171875 0.52796474375 0.1463675203125 0.5039262828125 0.15170940156249998 0.4798878203125 0.1613247859375 0.48389423125000003 0.18589743593750002 0.49831730781249994 0.1976495734375 0.5648237171875 0.1965811953125 0.6201121796875 0.1955128203125 0.668189103125 0.1912393171875 0.7170673078124999 0.18055555625 0.721875 0.15705128125
1 0.42860576874999995 0.14529914531250002 0.45024038437499997 0.11431623906249999 0.480689103125 0.0854700859375 0.5247596156250001 0.0608974359375 0.5776442312500001 0.0235042734375 0.596875 0.0053418812500000004 0.6016826921875 0.0010683765625 0.5159455125 0.0042735046875000005 0.4798878203125 0.033119657812499995 0.455849359375 0.05662393125 0.4478365390625 0.0790598296875 0.43822115312500004 0.10042735 0.41418269218750003 0.1132478625 0.386939103125 0.14423076875000002 0.40376602500000003 0.16987179531250002 0.42860576874999995 0.14529914531250002
1 0.3925480765625 0.0544871796875 0.3653044875 0.057692307812499996 0.3340544875 0.06944444375 0.3164262828125 0.0758547 0.2971955125 0.0876068375 0.3028044875 0.1228632484375 0.3460737171875 0.1132478625 0.3741185890625 0.1036324796875 0.42299679531249995 0.10042735 0.43181089687499996 0.0844017109375 0.41979166718750005 0.0673076921875 0.3925480765625 0.0544871796875
1 0.2795673078125 0.2371794875 0.352483975 0.19871794843749999 0.40296474375 0.1720085484375 0.39334935937500004 0.1474358984375 0.37171474375 0.1410256421875 0.337259615625 0.1420940171875 0.2979967953125 0.15811965781249998 0.2635416671875 0.1826923078125 0.2451121796875 0.19337606875 0.2082532046875 0.2264957265625 0.2034455125 0.25641025625 0.21866987187500003 0.28311965781250004 0.247516025 0.28205128125 0.2354967953125 0.2628205125 0.2795673078125 0.2371794875
1 0.07764423125 0 0.036778846875 0.0021367515625 0.0271634609375 0.0053418812500000004 0.07283653906250001 0.06944444375 0.130528846875 0.1527777765625 0.193028846875 0.20726495625000002 0.22267628281250001 0.2168803421875 0.1770032046875 0.16880341875 0.128125 0.08333333281250001 0.091266025 0.011752137499999999 0.07764423125 0
1 0.1385416671875 0.1613247859375 0.1145032046875 0.15598290625 0.07283653906250001 0.14529914531250002 0.031971153125 0.1463675203125 0.003125 0.1463675203125 0.0015224359374999999 0.16559828906250001 0.015144231250000001 0.20512820468749998 0.05921474375 0.20405982968749997 0.118509615625 0.20299145156249998 0.1858173078125 0.20299145156249998 0.1697916671875 0.1880341875 0.1385416671875 0.1613247859375
1 0.33245192343749996 0.4594017109375 0.3340544875 0.44123931718750004 0.324439103125 0.425213675 0.29078525625 0.4027777765625 0.2515224359375 0.39423076875 0.21546474375 0.3963675203125 0.1834134609375 0.4113247859375 0.1585737171875 0.4241453 0.14895833281249998 0.44658119531249996 0.164983975 0.45726495624999997 0.1978365390625 0.4519230765625 0.2523237171875 0.4519230765625 0.30360576875 0.45726495624999997 0.33245192343749996 0.4594017109375
1 0.1361378203125 0.4700854703125 0.15296474375 0.45726495624999997 0.1465544875 0.44444444375 0.156971153125 0.4262820515625 0.18421474375 0.40705128124999995 0.2146634609375 0.3920940171875 0.1425480765625 0.4081196578125 0.118509615625 0.4081196578125 0.106490384375 0.4209401703125 0.0896634609375 0.43482906093749996 0.0736378203125 0.45619658125000007 0.060016024999999994 0.4871794875 0.058413460937499995 0.5064102562499999 0.071233975 0.5181623937500001 0.096875 0.5074786328124999 0.12331730781250001 0.4861111109375 0.1361378203125 0.4700854703125
1 0.096875 0.6175213671875001 0.1008814109375 0.6463675203125 0.125721153125 0.6474358984374999 0.15296474375 0.6036324796875 0.162580128125 0.56837606875 0.17860576875 0.5331196578124999 0.1978365390625 0.49786324843749996 0.2074519234375 0.4786324796875 0.185016025 0.4711538453125 0.16418269218749998 0.4764957265625 0.15056089687500002 0.5032051296875 0.1353365390625 0.5235042734375 0.112900640625 0.5534188046875 0.0976762828125 0.5833333328125 0.096875 0.6175213671875001
1 0.48870192343749996 0.7670940171875 0.5079326921875 0.8023504265625 0.519150640625 0.8173076921875 0.5215544875 0.8023504265625 0.505528846875 0.7596153859375 0.487099359375 0.7264957265625 0.42940705156250003 0.6709401703125 0.3701121796875 0.6239316234375 0.3284455125 0.5918803421875001 0.3148237171875 0.59401709375 0.27315705156250003 0.59401709375 0.287580128125 0.6217948703125 0.30440705156250003 0.6485042734375 0.3516826921875 0.6794871796875 0.42940705156250003 0.7329059828125 0.48870192343749996 0.7670940171875
1 0.30520833281250004 0.6517094015625 0.27876602500000003 0.6410256421875 0.250721153125 0.6452991453125 0.190625 0.699786325 0.1521634609375 0.7585470078125 0.1385416671875 0.7959401703125 0.1521634609375 0.8215811953125 0.18261217968750001 0.7991453 0.21546474375 0.75 0.2579326921875 0.7040598296875 0.30520833281250004 0.6517094015625
1 0.15296474375 0.9358974359375001 0.1697916671875 0.9081196578125 0.18181089687500002 0.8782051296875 0.1890224359375 0.8514957265625 0.187419871875 0.8344017109375 0.17620192343750002 0.8269230765625 0.16017628281250001 0.8290598296875 0.1393429484375 0.8418803421875 0.124919871875 0.85683760625 0.0976762828125 0.8963675203125 0.071233975 0.949786325 0.04639423125 0.9978632484375 0.0828125 0.9979166671874999 0.09607371718749999 0.9914529921874999 0.11129807656249999 0.98076923125 0.130528846875 0.9615384625000001 0.15296474375 0.9358974359375001
1 0.500721153125 0.8888888890625 0.4959134609375 0.9177350437499999 0.5047275640625 0.9455128203125 0.5271634609375 0.9134615374999999 0.5231570515625 0.86858974375 0.48549679531249995 0.8183760687499999 0.44142628281249996 0.7863247859375 0.40456730781249994 0.7681623937500001 0.36770833281250004 0.7521367515625 0.337259615625 0.7510683765625 0.313221153125 0.75534188125 0.29639423125 0.7649572640625 0.29639423125 0.7905982890625001 0.3172275640625 0.8034188046875 0.368509615625 0.824786325 0.4085737171875 0.8322649562500001 0.45665064062500005 0.8611111109375 0.500721153125 0.8888888890625
1 0.281971153125 0.86858974375 0.30921474375 0.8664529921874999 0.368509615625 0.85042735 0.39495192343749996 0.8333333328125001 0.368509615625 0.8269230765625 0.33485576875 0.8141025640624999 0.3172275640625 0.8066239312500001 0.29639423125 0.8141025640624999 0.261939103125 0.8215811953125 0.22988782031250002 0.8258547 0.2034455125 0.84401709375 0.187419871875 0.8621794875000001 0.187419871875 0.8782051296875 0.1978365390625 0.8899572640625 0.22267628281250001 0.8824786328125 0.2491185890625 0.86858974375 0.26274038437499997 0.8664529921874999 0.281971153125 0.86858974375
1 0.286778846875 0.9155982890625 0.29959935937500004 0.9017094015625 0.28838141093749997 0.8920940171874999 0.247516025 0.8910256421874999 0.22828525625 0.9038461546875001 0.1898237171875 0.9284188046875 0.168990384375 0.9444444437499999 0.14014423125 0.974358975 0.128125 0.9979166671874999 0.209375 0.9979166671874999 0.2330929484375 0.96794871875 0.261939103125 0.9455128203125 0.286778846875 0.9155982890625
1 0.693028846875 0.9273504265625 0.70985576875 0.9134615374999999 0.7018429484375 0.8856837609375001 0.6697916671875 0.8472222234375 0.6393429484375 0.8333333328125001 0.593669871875 0.8322649562500001 0.5351762828125 0.8418803421875 0.5135416671875 0.8536324796875 0.5271634609375 0.8664529921874999 0.588060896875 0.8717948703125 0.6048878203125 0.88034188125 0.631330128125 0.9027777765625 0.668990384375 0.9177350437499999 0.693028846875 0.9273504265625
1 0.6513621796875 0.7542735046875 0.599278846875 0.7147435890625 0.565625 0.6987179484375 0.5327724359375 0.6923076921875 0.5247596156250001 0.71794871875 0.5199519234375 0.7542735046875 0.556810896875 0.76923076875 0.624919871875 0.7938034187499999 0.6601762828125 0.8034188046875 0.6665865390625 0.7873931625 0.6513621796875 0.7542735046875
1 0.227483975 0.2991453 0.213060896875 0.28098290625 0.1633814109375 0.3119658125 0.10408653906250001 0.32905982968749997 0.043990384375000004 0.3269230765625 0.0800480765625 0.3514957265625 0.14495192343750002 0.3536324796875 0.190625 0.34188034218749996 0.2114583328125 0.3547008546875 0.2403044875 0.3547008546875 0.237900640625 0.3226495734375 0.227483975 0.2991453
1 0 0.39375 0.018349359375 0.35683760625 0.0327724359375 0.3258547 0.056810896875 0.2991453 0.063221153125 0.28311965781250004 0.0840544875 0.26816239375 0.07844551250000001 0.25641025625 0.049599359375 0.26495726406250003 0.031169871874999998 0.27457265 0.0079326921875 0.2970085484375 0 0.3104166671875 0 0.39375
1 0.2955929484375 0.6399572640625 0.26995192343749996 0.6014957265625 0.2395032046875 0.56837606875 0.2106570515625 0.55662393125 0.175400640625 0.5523504265625 0.164983975 0.5705128203125 0.1553685890625 0.5950854703124999 0.168189103125 0.6121794875 0.2010416671875 0.6271367515625 0.25713141093749997 0.6410256421875 0.29959935937500004 0.6463675203125 0.2955929484375 0.6399572640625
1 0.2659455125 0.5811965812500001 0.293189103125 0.5918803421875001 0.33485576875 0.5844017109374999 0.381330128125 0.5544871796875 0.394150640625 0.5341880328124999 0.3909455125 0.5224358984374999 0.35328525625 0.5448717953125 0.318028846875 0.5534188046875 0.30921474375 0.5448717953125 0.3172275640625 0.5384615375 0.32203525625 0.5170940171875 0.318830128125 0.5021367515625 0.3084134609375 0.48290598281249997 0.2859775640625 0.48076923125000004 0.2715544875 0.49786324843749996 0.25953525625 0.5288461546875001 0.256330128125 0.5587606828125 0.2659455125 0.5811965812500001
1 0.6016826921875 0.2425213671875 0.5728365390625 0.2425213671875 0.5479967953125 0.2478632484375 0.528766025 0.2606837609375 0.54078525625 0.2991453 0.5696314109375 0.2970085484375 0.6080929484375 0.2916666671875 0.6321314109375 0.2852564109375 0.64735576875 0.2670940171875 0.628125 0.2596153859375 0.6016826921875 0.2425213671875
1 0.688221153125 0.2104700859375 0.664983975 0.2158119671875 0.6393429484375 0.2232905984375 0.612900640625 0.2425213671875 0.6489583328124999 0.26495726406250003 0.6762019234375 0.25320512968750003 0.7034455125 0.2478632484375 0.721875 0.23397435781249998 0.727483975 0.22542735 0.7146634609375 0.21794871875 0.688221153125 0.2104700859375
1 0.690625 0.06944444375 0.67860576875 0.061965812499999995 0.6513621796875 0.0544871796875 0.633733975 0.0544871796875 0.6072916671875 0.0608974359375 0.5800480765625 0.0769230765625 0.5704326921875 0.0961538453125 0.5840544875 0.1100427359375 0.5976762828125 0.1132478625 0.6112980765625 0.1153846140625 0.637740384375 0.09294871875 0.6713942312500001 0.0854700859375 0.690625 0.06944444375
1 0.568830128125 0.4668803421875 0.6120993593749999 0.4241453 0.6481570515625 0.3878205125 0.662580128125 0.349358975 0.6481570515625 0.3397435890625 0.62171474375 0.34188034218749996 0.5856570515625 0.3632478625 0.568830128125 0.3888888890625 0.568028846875 0.4166666671875 0.5584134609375 0.43055555625 0.5487980765625 0.40598290625000005 0.5231570515625 0.44658119531249996 0.531169871875 0.4594017109375 0.5447916671875 0.5021367515625 0.568830128125 0.4668803421875
1 0.6834134609375 0.41773504375000003 0.653766025 0.4081196578125 0.625721153125 0.4113247859375 0.6048878203125 0.43269230781249995 0.5728365390625 0.4647435890625 0.5976762828125 0.4732905984375 0.6361378203125 0.4594017109375 0.675400640625 0.4487179484375 0.699439103125 0.4273504265625 0.6834134609375 0.41773504375000003
1 0.7395032046875001 0.5106837609375 0.6946314109375 0.5170940171875 0.6401442312500001 0.5352564109375 0.5808493593749999 0.5662393171875 0.6096955125 0.5811965812500001 0.66578525625 0.599358975 0.7090544875 0.5833333328125 0.7539262828125 0.5694444437499999 0.77796474375 0.5480769234375 0.769150640625 0.5224358984374999 0.7395032046875001 0.5106837609375
1 0.6353365390625 0.59401709375 0.6145032046875001 0.5950854703124999 0.594471153125 0.60042735 0.5704326921875 0.625 0.5351762828125 0.6410256421875 0.5359775640625 0.6837606828125 0.55360576875 0.6848290609375 0.6048878203125 0.6623931625 0.636939103125 0.6420940171875 0.6601762828125 0.6228632484375 0.6601762828125 0.6047008546875 0.6353365390625 0.59401709375
1 0.7851762828125 0.6485042734375 0.7675480765625 0.6388888890625 0.7226762828125 0.6367521375 0.681810896875 0.64957265 0.64735576875 0.6666666671875 0.6169070515625 0.6891025640625 0.6449519234375 0.6891025640625 0.6762019234375 0.6923076921875 0.7090544875 0.68162393125 0.7403044875 0.6869658125 0.7699519234375 0.6837606828125 0.789983975 0.6741453 0.7851762828125 0.6485042734375
1 0.6417467953125 0.6923076921875 0.6145032046875001 0.6923076921875 0.593669871875 0.7061965812500001 0.63453525625 0.7350427359375 0.6497596156250001 0.74465811875 0.6834134609375 0.7414529921875 0.69703525625 0.7232905984375 0.6922275640625 0.7051282046875 0.67860576875 0.6987179484375 0.6417467953125 0.6923076921875
1 0.7419070515625 0.8044871796875 0.721875 0.8034188046875 0.693028846875 0.8076923078125 0.6673878203125 0.8119658125000001 0.661778846875 0.8301282046875 0.66578525625 0.8482905984375 0.6954326921875 0.8514957265625 0.730689103125 0.8514957265625 0.755528846875 0.8386752140624999 0.7571314109375 0.8173076921875 0.7419070515625 0.8044871796875
1 0.58485576875 0.98183760625 0.6171875 0.9979166671874999 0.771875 0.9979166671874999 0.7114583328124999 0.9786324796875 0.644150640625 0.9626068374999999 0.6040865390625 0.9668803421875 0.58485576875 0.98183760625
1 0.719471153125 0.349358975 0.7234775640625 0.33119658125 0.716266025 0.32158119531249996 0.6489583328124999 0.3162393171875 0.6048878203125 0.3301282046875 0.5664262828125 0.35042735 0.571233975 0.3835470078125 0.594471153125 0.3589743578125 0.636939103125 0.3386752140625 0.661778846875 0.34722222343750003 0.6577724359375 0.37820512968750003 0.6954326921875 0.36965811875 0.719471153125 0.349358975
1 0.7122596156250001 0.4145299140625 0.758733975 0.4017094015625 0.7947916671875 0.3846153859375 0.7963942312500001 0.3621794875 0.7883814109375 0.34722222343750003 0.756330128125 0.34508547031250003 0.724278846875 0.34615384531250004 0.7034455125 0.3664529921875 0.6802083328124999 0.37393162343749997 0.6545673078124999 0.3792735046875 0.63453525625 0.4081196578125 0.65296474375 0.4081196578125 0.6898237171875 0.4155982890625 0.7122596156250001 0.4145299140625
1 0.318028846875 0.35683760625 0.33645833281250004 0.36965811875 0.355689103125 0.36858974375 0.3572916671875 0.349358975 0.3452724359375 0.32905982968749997 0.331650640625 0.3130341875 0.33325320468749997 0.29273504375 0.33806089687499996 0.2585470078125 0.3340544875 0.23183760625 0.321233975 0.2232905984375 0.293189103125 0.2275641015625 0.287580128125 0.24465811875000001 0.29078525625 0.2713675203125 0.30520833281250004 0.2948717953125 0.306009615625 0.3119658125 0.3076121796875 0.3354700859375 0.318028846875 0.35683760625
1 0.3917467953125 0.3835470078125 0.4334134609375 0.36004273593749997 0.46386217968750004 0.34722222343750003 0.4991185890625 0.3397435890625 0.503125 0.3226495734375 0.4862980765625 0.3076923078125 0.4582532046875 0.30982906093749996 0.4165865390625 0.31944444375000003 0.3861378203125 0.3376068375 0.36690705156250003 0.35576923125 0.34126602500000003 0.3856837609375 0.3612980765625 0.39316239375 0.352483975 0.4049145296875 0.3228365390625 0.4145299140625 0.33565705156250003 0.43482906093749996 0.3653044875 0.4081196578125 0.3917467953125 0.3835470078125
1 0.136939103125 0.6666666671875 0.12411858906249999 0.64957265 0.1008814109375 0.6452991453125 0.096875 0.6228632484375 0.08645833281250001 0.6175213671875001 0.033573717187500005 0.6378205125 0.000721153125 0.6645299140625001 0 0.66875 0.0103365390625 0.6965811953125 0.0487980765625 0.6965811953125 0.0976762828125 0.6923076921875 0.1297275640625 0.6762820515625 0.136939103125 0.6666666671875
1 0 0.6604166671875 0.026362179687499997 0.6420940171875 0.058413460937499995 0.6143162390625 0.0840544875 0.5854700859374999 0.0888621796875 0.5651709390625 0.0840544875 0.5331196578124999 0.0760416671875 0.5224358984374999 0.06482371718749999 0.5202991453125 0.0528044875 0.54273504375 0.047195512499999995 0.5534188046875 0.031971153125 0.574786325 0.015144231250000001 0.6079059828125 0.0023237171875000002 0.625 0 0.6291666671875 0 0.6604166671875
1 0 0.5375 0.0215544875 0.5267094015625 0.047195512499999995 0.5181623937500001 0.0528044875 0.5064102562499999 0.058413460937499995 0.4839743578125 0.0664262828125 0.4668803421875 0.0528044875 0.4668803421875 0.031971153125 0.4700854703125 0.0159455125 0.4786324796875 0 0.4875 0 0.5375
1 0.48149038437499997 0.49786324843749996 0.47828525624999996 0.4711538453125 0.46947115312500004 0.4626068375 0.455849359375 0.4668803421875 0.42940705156250003 0.48183760624999994 0.41017628281249996 0.49358974375000003 0.3925480765625 0.5032051296875 0.39014423125 0.5213675203125 0.4085737171875 0.5267094015625 0.44463141093749997 0.5267094015625 0.47668269218750003 0.5160256421875 0.48149038437499997 0.49786324843749996
1 0.477483975 0.6335470078125 0.4614583328125 0.6260683765625 0.43501602500000003 0.6121794875 0.40697115312500004 0.5854700859374999 0.386939103125 0.5641025640625 0.380528846875 0.5876068375 0.3765224359375 0.6153846140625 0.39815705156250003 0.6367521375 0.42940705156250003 0.6527777765625 0.46626602500000003 0.6613247859375 0.4798878203125 0.6581196578124999 0.477483975 0.6335470078125