1 0.5447916671875 0.4658119671875 0.5479967953125 0.42948717968750005 0.5303685890625001 0.4508547 0.5263621796875 0.449786325 0.5159455125 0.44230769218750005 0.50953525625 0.4262820515625 0.49831730781249994 0.4241453 0.493509615625 0.449786325 0.493509615625 0.4700854703125 0.5039262828125 0.48290598281249997 0.5295673078124999 0.4882478625 0.5528044875 0.5032051296875 0.5447916671875 0.4658119671875
1 0.1409455125 0.6410256421875 0.144150640625 0.625 0.15056089687500002 0.6271367515625 0.164983975 0.6517094015625 0.16578525625 0.68162393125 0.159375 0.7126068375 0.156169871875 0.7478632484375 0.1633814109375 0.7660256421875 0.175400640625 0.75534188125 0.181009615625 0.7200854703124999 0.18421474375 0.6858974359375 0.19142628281250001 0.6485042734375 0.185016025 0.6143162390625 0.1721955125 0.58226495625 0.1673878203125 0.55662393125 0.16017628281250001 0.53205128125 0.1425480765625 0.5117521375 0.13293269218749998 0.5117521375 0.1145032046875 0.5117521375 0.1008814109375 0.5181623937500001 0.10568910312499999 0.5480769234375 0.12011217968750001 0.5737179484375 0.131330128125 0.6036324796875 0.1409455125 0.6410256421875
1 0.1946314109375 0.5950854703124999 0.2018429484375 0.6410256421875 0.1986378203125 0.6474358984374999 0.221875 0.6410256421875 0.255528846875 0.6207264953125 0.27235576875 0.6121794875 0.26834935937500004 0.6282051296875 0.28838141093749997 0.6143162390625 0.315625 0.5790598296875 0.3260416671875 0.5416666671875 0.3236378203125 0.5032051296875 0.2955929484375 0.4764957265625 0.2643429484375 0.4636752140625 0.2170673078125 0.4626068375 0.188221153125 0.474358975 0.1729967953125 0.47542735 0.18181089687500002 0.4903846140625 0.1770032046875 0.5202991453125 0.17620192343750002 0.5405982890625001 0.17139423125 0.5523504265625 0.17459935937499999 0.56837606875 0.1794070515625 0.5972222234375 0.1946314109375 0.5950854703124999
1 0.35649038437499997 0.0982905984375 0.34046474375 0.0876068375 0.32524038437499997 0.09401709375 0.3140224359375 0.10683760625000001 0.313221153125 0.1228632484375 0.3140224359375 0.14316239375 0.3268429484375 0.14316239375 0.34046474375 0.1356837609375 0.35649038437499997 0.1228632484375 0.362900640625 0.1111111109375 0.35649038437499997 0.0982905984375
1 0.5728365390625 0.7371794875 0.5792467953125 0.6773504265625 0.591266025 0.6335470078125 0.5984775640625 0.6324786328124999 0.5984775640625 0.6111111109375 0.596875 0.5694444437499999 0.591266025 0.55662393125 0.581650640625 0.5630341875 0.5776442312500001 0.5833333328125 0.574439103125 0.6047008546875 0.568830128125 0.6314102562499999 0.568028846875 0.6527777765625 0.55921474375 0.6709401703125 0.5560096156250001 0.7029914515625 0.5616185890625001 0.699786325 0.5728365390625 0.7371794875
1 0.9422275640625 0.8044871796875 0.9478365390624999 0.800213675 0.971875 0.8130341874999999 0.9678685890625 0.7980769234375 0.993509615625 0.8226495734375 0.9854967953125 0.7873931625 0.9862980765625 0.7510683765625 0.971875 0.7574786328124999 0.9542467953125 0.7275641015625001 0.9334134609375001 0.7147435890625 0.9101762828125001 0.7040598296875 0.9013621796875 0.71901709375 0.8949519234375 0.7222222234375 0.880528846875 0.73076923125 0.8797275640625 0.7585470078125 0.9053685890625 0.77457265 0.9197916671874999 0.7863247859375 0.9270032046875001 0.8076923078125 0.9422275640625 0.8044871796875
1 0.8765224359375001 0.90705128125 0.900560896875 0.9091880328125 0.893349359375 0.8974358984374999 0.911778846875 0.900641025 0.9326121796875 0.9113247859375001 0.92860576875 0.8888888890625 0.935016025 0.8888888890625 0.963060896875 0.9294871796875 0.968669871875 0.925213675 0.9422275640625 0.8835470078125001 0.9390224359375001 0.8600427359375 0.9366185890625 0.8408119671875 0.9237980765625 0.8472222234375 0.906971153125 0.8354700859375 0.8981570515625 0.8162393171875 0.8845352562500001 0.8098290609375001 0.8548878203125 0.8087606828125 0.8364583328125 0.8108974359375001 0.810016025 0.824786325 0.7859775640625 0.8482905984375 0.7763621796875 0.88034188125 0.7835737171875 0.8985042734375 0.8196314109375 0.900641025 0.849278846875 0.90598290625 0.869310896875 0.9358974359375001 0.8765224359375001 0.90705128125
1 0.411778846875 0.8044871796875 0.3925480765625 0.8066239312500001 0.381330128125 0.8237179484375 0.378125 0.8397435890624999 0.36931089687499996 0.8461538453124999 0.3741185890625 0.8792735046875 0.381330128125 0.8632478625 0.39575320468749997 0.8525641015625001 0.409375 0.8269230765625 0.411778846875 0.8044871796875
1 0.39895833281250004 0.8536324796875 0.39014423125 0.8739316234375 0.3861378203125 0.89316239375 0.39334935937500004 0.8985042734375 0.40296474375 0.8846153859375001 0.41578525624999996 0.8653846140624999 0.414983975 0.8514957265625 0.4077724359375 0.8472222234375 0.39895833281250004 0.8536324796875
1 0.678125 0.9979166671874999 0.68421474375 0.9882478625 0.68421474375 0.9561965812500001 0.6802083328124999 0.9358974359375001 0.6802083328124999 0.9209401703125 0.688221153125 0.9038461546875001 0.6778044875 0.9017094015625 0.6665865390625 0.8675213671875 0.6641826921875 0.8824786328125 0.668990384375 0.9091880328125 0.6545673078124999 0.925213675 0.636939103125 0.9508547 0.61610576875 0.9861111109375 0.6048878203125 0.9668803421875 0.600080128125 0.9925213671875 0.6015625 0.9979166671874999 0.678125 0.9979166671874999
1 0.4109775640625 0.3130341875 0.411778846875 0.2991453 0.39735576875 0.2980769234375 0.386939103125 0.30662393125 0.380528846875 0.31837606875 0.378125 0.33119658125 0.36610576875 0.34615384531250004 0.37491987187500003 0.3514957265625 0.3829326921875 0.36965811875 0.3829326921875 0.34294871875 0.39815705156250003 0.3301282046875 0.4109775640625 0.3130341875
1 0.418189103125 0.36965811875 0.43421474375 0.3653846140625 0.43261217968750004 0.3514957265625 0.4270032046875 0.3482905984375 0.424599359375 0.33653846249999997 0.4165865390625 0.3386752140625 0.40376602500000003 0.3482905984375 0.3965544875 0.3611111109375 0.3917467953125 0.37713675156250004 0.381330128125 0.3878205125 0.3861378203125 0.3974358984375 0.3893429484375 0.4081196578125 0.39815705156250003 0.39316239375 0.4053685890625 0.37820512968750003 0.418189103125 0.36965811875
0 0.6577724359375 0.7564102562499999 0.650560896875 0.7681623937500001 0.64735576875 0.7895299140625001 0.6449519234375 0.7767094015625 0.6329326921875 0.7649572640625 0.6209134609375 0.7799145296875001 0.6185096156250001 0.7991453 0.606490384375 0.8130341874999999 0.6185096156250001 0.8365384625000001 0.6080929484375 0.8376068374999999 0.5888621796875 0.8408119671875 0.5840544875 0.8621794875000001 0.5928685890625001 0.8728632484375 0.5808493593749999 0.89316239375 0.591266025 0.9017094015625 0.591266025 0.9134615374999999 0.591266025 0.9369658125000001 0.5864583328124999 0.9594017109375 0.5776442312500001 0.9722222234375 0.571233975 0.9893162390624999 0.5776442312500001 0.9893162390624999 0.591266025 0.9861111109375 0.5984775640625 0.9829059828125001 0.6040865390625 0.96794871875 0.61610576875 0.98076923125 0.644150640625 0.9326923078125 0.66578525625 0.90705128125 0.66578525625 0.8611111109375 0.67860576875 0.8974358984374999 0.696233975 0.9049145296875001 0.6826121796875 0.9198717953125 0.6834134609375 0.9572649562500001 0.6858173078124999 0.98183760625 0.681810896875 0.9957264953125 0.7210737171875 0.9957264953125 0.7290865390625 0.9583333328125001 0.7114583328124999 0.9444444437499999 0.7138621796875 0.9337606828125 0.7226762828125 0.9230769234375 0.725080128125 0.9038461546875001 0.7266826921875 0.8771367515625 0.7210737171875 0.8450854703124999 0.7138621796875 0.8290598296875 0.70985576875 0.8023504265625 0.716266025 0.7873931625 0.7114583328124999 0.7649572640625 0.6986378203125 0.76923076875 0.7010416671875 0.7532051296875 0.6858173078124999 0.7478632484375 0.675400640625 0.7414529921875 0.668189103125 0.7489316234375 0.659375 0.7339743578125 0.6577724359375 0.7564102562499999
5 0.7459134609375 0 0.724278846875 0.0032051296875 0.7170673078124999 0.027777776562500002 0.7258814109375 0.07799145156250001 0.7346955125 0.1282051296875 0.7459134609375 0.1485042734375 0.761939103125 0.1613247859375 0.7683493593749999 0.1773504265625 0.7683493593749999 0.20833333281250002 0.7651442312500001 0.22970085468749998 0.7547275640625 0.23290598281250002 0.7354967953125 0.24572649531250002 0.7234775640625 0.23611111093749998 0.7058493593749999 0.23931623906250002 0.7042467953125 0.2713675203125 0.696233975 0.2916666671875 0.7026442312500001 0.32158119531249996 0.719471153125 0.36965811875 0.7346955125 0.3910256421875 0.7579326921875 0.3974358984375 0.7835737171875 0.3985042734375 0.789983975 0.4113247859375 0.793990384375 0.44123931718750004 0.789983975 0.46153846249999997 0.789983975 0.49893162343749997 0.80360576875 0.5202991453125 0.80360576875 0.5470085484375 0.7883814109375 0.574786325 0.775560896875 0.59401709375 0.7603365390625 0.60576923125 0.749919871875 0.6420940171875 0.750721153125 0.6623931625 0.7338942312500001 0.6858974359375 0.713060896875 0.7083333328125 0.7034455125 0.7371794875 0.7210737171875 0.7585470078125 0.721875 0.7767094015625 0.7170673078124999 0.7948717953125 0.7146634609375 0.8055555562500001 0.719471153125 0.8322649562500001 0.727483975 0.8653846140624999 0.7354967953125 0.88141025625 0.7362980765625 0.9102564109375001 0.724278846875 0.9262820515625 0.7146634609375 0.9455128203125 0.72828525625 0.9551282046875 0.7370993593749999 0.9658119671875 0.730689103125 0.9967948703125 0.871875 0.9979166671874999 0.9984375 0.9979166671874999 0.9984375 0 0.7459134609375 0
5 0.38213141093749997 0.9433760687499999 0.368509615625 0.9326923078125 0.36450320468749997 0.9155982890625 0.36450320468749997 0.89423076875 0.3548878203125 0.8824786328125 0.32764423125 0.86858974375 0.306009615625 0.8653846140624999 0.287580128125 0.8728632484375 0.2715544875 0.88034188125 0.258733975 0.89316239375 0.2387019234375 0.900641025 0.22828525625 0.8974358984374999 0.22828525625 0.8728632484375 0.23149038437499997 0.8536324796875 0.21947115312499998 0.8408119671875 0.20985576875 0.8269230765625 0.20264423125 0.8098290609375001 0.2082532046875 0.8012820515625 0.216266025 0.7873931625 0.2210737171875 0.7735042734375 0.22427884687500002 0.7542735046875 0.21947115312499998 0.7329059828125 0.1986378203125 0.71794871875 0.187419871875 0.7222222234375 0.18181089687500002 0.7350427359375 0.17860576875 0.7542735046875 0.168189103125 0.76923076875 0.1585737171875 0.7628205125 0.1577724359375 0.7382478625 0.159375 0.7051282046875 0.16578525625 0.6826923078125 0.16418269218749998 0.65598290625 0.161778846875 0.6420940171875 0.1457532046875 0.6292735046875 0.14014423125 0.6399572640625 0.128125 0.6143162390625 0.12331730781250001 0.5886752140625 0.1145032046875 0.5662393171875 0.10328525625 0.5438034187499999 0.100080128125 0.5160256421875 0.112099359375 0.5085470078125 0.13453525625 0.5096153859375 0.1545673078125 0.5224358984374999 0.17139423125 0.5491453 0.17860576875 0.52457265 0.181009615625 0.49252136718750006 0.1737980765625 0.4722222234375 0.18421474375 0.4722222234375 0.20985576875 0.4626068375 0.2427083328125 0.4594017109375 0.274759615625 0.4636752140625 0.29959935937500004 0.4775641015625 0.300400640625 0.4583333328125 0.30681089687499996 0.44551282031249995 0.3108173078125 0.4209401703125 0.31001602500000003 0.3952991453125 0.30520833281250004 0.3653846140625 0.30200320468749997 0.3514957265625 0.31001602500000003 0.3376068375 0.31001602500000003 0.3130341875 0.300400640625 0.2991453 0.28838141093749997 0.2991453 0.2891826921875 0.28311965781250004 0.29959935937500004 0.27884615468749996 0.2955929484375 0.25106837656250003 0.284375 0.23076923124999998 0.2835737171875 0.2115384625 0.2675480765625 0.20405982968749997 0.25953525625 0.20192307656250003 0.244310896875 0.18589743593750002 0.237099359375 0.16880341875 0.24110576875 0.15598290625 0.24991987187500003 0.14316239375 0.25713141093749997 0.1239316234375 0.26834935937500004 0.10470085468749998 0.2771634609375 0.08974358906249999 0.274759615625 0.06837606874999999 0.2771634609375 0.052350426562499996 0.2891826921875 0.0384615375 0.2955929484375 0.01923076875 0.300400640625 0.0042735046875000005 0.2915865390625 0.0010683765625 0.000721153125 0 0.0015625 0.9979166671874999 0.4640625 0.9979166671874999 0.45745192343749996 0.9850427359375 0.41979166718750005 0.9647435890624999 0.38213141093749997 0.9433760687499999