1 0.48188025156250003 0.4052871140625 0.5009191171875 0.4219187671875 0.5179884453125 0.40178571406249997 0.525210084375 0.3807773109375 0.527179621875 0.35801820625 0.50748424375 0.34838935625 0.49172794062499997 0.34663865625 0.47137605000000005 0.3282563015625 0.47991071406249997 0.35014005625 0.472689075 0.3615196078125 0.4608718484375 0.3737745109375 0.47006302499999997 0.39040616250000004 0.48188025156250003 0.4052871140625
1 0.41819852968750004 0.056897757812500005 0.44248949531250004 0.06302521093749999 0.4392069328125 0.0463935578125 0.4378939078125 0.0323879546875 0.44971113437500004 0.0052521 0.370273109375 0.0008753500000000001 0.3610819328125 0.0148809515625 0.3584558828125 0.03501400625 0.369616596875 0.0577731078125 0.3847163859375 0.061274510937500005 0.40375525156250003 0.060399160937499995 0.41819852968750004 0.056897757812500005
1 0.2842699578125 0.19257703125 0.289522059375 0.22408963593750003 0.3177521015625 0.23284313750000002 0.3466386546875 0.22408963593750003 0.3610819328125 0.23021708749999997 0.3643644953125 0.20133053125 0.368960084375 0.1768207296875 0.3761817234375 0.154936975 0.38734243749999997 0.152310925 0.41754201718750006 0.1496848734375 0.408350840625 0.1409313734375 0.408350840625 0.0997899171875 0.3807773109375 0.1278011203125 0.373555671875 0.1365546203125 0.34860819374999996 0.12692577031250002 0.3256302515625 0.12254901874999999 0.31578256250000003 0.1391806734375 0.313813025 0.15931372500000002 0.292804621875 0.1724439765625 0.2842699578125 0.19257703125
1 0.5797006296875 0.1076680671875 0.58363970625 0.0945378140625 0.601365546875 0.0691526609375 0.5967699578125 0.0472689078125 0.5724789921875 0.053396357812499996 0.542935925 0.0682773109375 0.5344012609375 0.0726540625 0.5363707984375 0.0866596640625 0.5593487390625 0.0805322125 0.5744485296875 0.0927871140625 0.5797006296875 0.1076680671875
1 0.7648371843749999 0.1488095234375 0.785189075 0.1391806734375 0.798975840625 0.1435574234375 0.8035714281249999 0.1251750703125 0.8048844531249999 0.1015406171875 0.8153886546875 0.0866596640625 0.7930672265625 0.0875350140625 0.8035714281249999 0.0682773109375 0.7878151265625 0.07965686250000001 0.7746848734375 0.0980392171875 0.7641806718749999 0.1015406171875 0.7530199578125 0.11292016875 0.7503939078124999 0.1313025203125 0.7648371843749999 0.1488095234375
1 0.12211134531250001 0.0166316515625 0.1260504203125 0.0253851546875 0.1280199578125 0.0192577015625 0.1470588234375 0.03326330625 0.1595325625 0.0551470578125 0.1608455875 0.0822829125 0.1680672265625 0.0892857140625 0.179227940625 0.0822829125 0.19761029375 0.0840336125 0.2238707984375 0.0910364140625 0.2435661765625 0.0761554625 0.251444328125 0.06390056093749999 0.2665441171875 0.056022407812499994 0.26194852968750004 0.0490196078125 0.2461922265625 0.0315126046875 0.2258403359375 0.0175070015625 0.216649159375 0.007002801562499999 0.19170168125 0.00262605 0.1477153359375 0.0017507000000000002 0.10372899218750001 0.0008753500000000001 0.102415965625 0.0148809515625 0.12211134531250001 0.0166316515625
1 0.2238707984375 0.12342436875 0.2258403359375 0.1409313734375 0.2422531515625 0.1286764703125 0.2461922265625 0.161939775 0.254726890625 0.1356792703125 0.26523109218749996 0.1304271703125 0.27310924375 0.1426820734375 0.27179621875 0.11992296875 0.2790178578125 0.1085434171875 0.289522059375 0.0910364140625 0.308560925 0.09016106406249999 0.3177521015625 0.1041666671875 0.32103466406250003 0.0831582625 0.328256303125 0.0674019609375 0.2980567234375 0.0744047625 0.27113970625 0.0744047625 0.2461922265625 0.0726540625 0.2205882359375 0.0927871140625 0.20220588281250002 0.0875350140625 0.19957983125 0.1102941171875 0.21402310937500002 0.1278011203125 0.2238707984375 0.12342436875
1 0.13524159687499998 0.1882002796875 0.135898109375 0.161064425 0.12473739531250001 0.1418067234375 0.11620273125 0.11554621875 0.11160714218750001 0.1076680671875 0.10504201718749999 0.12254901874999999 0.11226365468749999 0.154936975 0.11817226875 0.18907563125 0.1234243703125 0.19782913124999998 0.13524159687499998 0.1882002796875
1 0.1007272015625 0.37604821875 0.0904088046875 0.38653039843750003 0.0904088046875 0.40159853281249996 0.11202830156250002 0.41601153125 0.137578615625 0.3996331234375 0.1434748421875 0.38653039843750003 0.14887971718749998 0.37473794531250004 0.16312893125 0.38522012499999997 0.161163521875 0.3727725375 0.1552672953125 0.3478773578125 0.14887971718749998 0.3636006296875 0.136104559375 0.36884171875 0.1238207546875 0.3701519921875 0.124803459375 0.3550838578125 0.1218553453125 0.3531184484375 0.11153695 0.3681865828125 0.1007272015625 0.37604821875
1 0.24223663593749997 0.3780136265625 0.2515723265625 0.37539308125000004 0.2604166671875 0.3767033546875 0.2648388359375 0.38653039843750003 0.2648388359375 0.3943920328125 0.27319182343750004 0.38653039843750003 0.2864583328125 0.3839098546875 0.2948113203125 0.37080712656250003 0.2967767296875 0.3609800828125 0.282527515625 0.35180817656249996 0.27220911875 0.3550838578125 0.26385613281250003 0.3577044015625 0.26090801875 0.36425576406250004 0.25550314531249996 0.3668763109375 0.24076257812500002 0.3603249484375 0.23879717031249997 0.3649109015625 0.24223663593749997 0.3734276734375 0.24223663593749997 0.3780136265625
1 0.329927884375 0.5472756421875 0.318509615625 0.5456730765625 0.3112980765625 0.5296474359375 0.3118990390625 0.5040064109375 0.3058894234375 0.5024038453124999 0.2938701921875 0.505608975 0.287259615625 0.5144230765625 0.30108173125 0.5376602562499999 0.3197115390625 0.5649038453124999 0.3137019234375 0.5713141015625001 0.3353365390625 0.5889423078125 0.3515625 0.5985576921875 0.3665865390625 0.6145833328125 0.3828125 0.6153846140625 0.3936298078125 0.6089743578125 0.40264423125000004 0.599358975 0.3858173078125 0.5705128203125 0.36298076875 0.5552884625 0.3587740390625 0.53205128125 0.3515625 0.5272435890625 0.346153846875 0.5440705125 0.3389423078125 0.5424679484375 0.32451923125 0.5344551296875 0.329927884375 0.5472756421875
1 0.0871026890625 0.5109005703125 0.08748471875 0.52108801875 0.09970965781249999 0.5226161375 0.1046760390625 0.5373879374999999 0.1126986546875 0.5592909546875 0.12263141875000001 0.5567440921875 0.130654034375 0.545028525 0.1321821515625 0.5226161375 0.1241595359375 0.5037693562500001 0.113080684375 0.4874694375 0.10391197968749999 0.48492257499999997 0.09627139375 0.48492257499999997 0.0871026890625 0.48033822343750004 0.084428484375 0.49612876874999995 0.0871026890625 0.5109005703125
0 0.972560975 0.31300812968749997 0.9474085359375 0.3495934953125 0.945884146875 0.3262195125 0.95807926875 0.3028455296875 0.9748475609374999 0.26930894375 0.9527439031249999 0.2672764234375 0.941310975 0.2804878046875 0.92682926875 0.2845528453125 0.9161585359375 0.27439024375 0.9032012187499999 0.26930894375 0.8902439031249999 0.2784552859375 0.8795731703125 0.287601625 0.8673780484375 0.29065040625 0.8605182921875001 0.2845528453125 0.8338414640625 0.29471544843749997 0.8277439031249999 0.3414634140625 0.804115853125 0.2865853671875 0.7934451218749999 0.2926829265625 0.78429878125 0.3221544703125 0.78810975625 0.3516260171875 0.7644817078125 0.32520325156249996 0.753810975 0.347560975 0.7629573171875 0.3729674796875 0.7621951218749999 0.38211382031249996 0.7454268296875 0.3658536578125 0.72179878125 0.342479675 0.7065548781250001 0.3699187 0.7240853656249999 0.39939024375 0.714939025 0.4288617890625 0.734756096875 0.4502032515625 0.7309451218749999 0.4532520328125 0.71570121875 0.4390243890625 0.7012195125 0.4207317078125 0.6783536578125 0.4237804875 0.6783536578125 0.44817073125 0.695884146875 0.47459349531250006 0.720274390625 0.5152439015625 0.7042682921875 0.49593495781249997 0.6692073171875 0.4583333328125 0.65625 0.48577235781250006 0.641006096875 0.48170731718750004 0.623475609375 0.49695121875000003 0.6242378046875 0.5223577234375 0.6364329265625 0.56504065 0.6570121953125 0.61686991875 0.62804878125 0.587398375 0.597560975 0.5731707312500001 0.5884146343750001 0.5914634140625 0.602134146875 0.6178861796875 0.6150914640625 0.63313008125 0.5929878046875 0.6321138203125 0.5739329265625 0.6656504062499999 0.5335365859375 0.6686991875 0.5373475609375 0.6890243890625001 0.566310975 0.7042682921875 0.597560975 0.7083333328125 0.628810975 0.7327235765625 0.59070121875 0.7378048765624999 0.5625 0.7550813 0.5510670734375 0.7713414625 0.5548780484375 0.7845528453124999 0.585365853125 0.7784552859375 0.61814024375 0.777439025 0.6463414640625 0.777439025 0.6760670734375 0.7764227640625 0.6981707312500001 0.75813008125 0.7210365859375 0.7459349578125 0.766006096875 0.7195121953125 0.7888719515625 0.7073170734375 0.8239329265625001 0.6920731703125 0.8536585359375 0.6910569109375 0.8803353656249999 0.6636178859374999 0.883384146875 0.6260162609375 0.8910060968750001 0.6097560984375 0.9092987812500001 0.6158536578125 0.941310975 0.6341463421875 0.9634146343750001 0.6514227640625 0.9695121953125 0.6646341453125 0.9832317078124999 0.6646341453125 0.9969512187499999 0.68495935 0.9954044124999999 0.6427871140625 0.96520483125 0.6287815125 0.96520483125 0.6130252109375001 0.9984375 0.59375 0.9984375 0.40416666718750005 0.9954268296875 0.2896341453125 0.972560975 0.31300812968749997
3 0 0.9979166671874999 0.15625 0.9979166671874999 0.18046875 0.9574519234375 0.159435096875 0.909375 0.1263822109375 0.8893429484375 0.09032451875 0.8653044875000001 0.0783052890625 0.8132211546875 0.0542668265625 0.7551282046875001 0.088822115625 0.7731570515625 0.1368990390625 0.79919871875 0.18046875 0.8272435890625 0.22704326875 0.8612980765625 0.278125 0.899358975 0.30967548125 0.9374198703125 0.3787860578125 0.9794871796875 0.43737980781249997 0.9955128203125 0.4640625 0.9979166671874999 0.5650841343749999 0.9494391015625 0.608653846875 0.9053685890625 0.6041466343749999 0.9534455124999999 0.5665865390625 0.9875 0.575 0.9979166671874999 0.9984375 0.9979166671874999 0.9977764421875 0.6790064109375 0.9807180843750001 0.6660017734375 0.963264628125 0.6637854609375 0.9474734046875 0.6460549640625 0.9250332453125001 0.6349734046875 0.9000997343750001 0.6549202125 0.8759973406249999 0.68816489375 0.8327792546874999 0.6959219859375 0.8086768609374999 0.7014627671875 0.7787566484374999 0.71808510625 0.7330452125 0.7369237578125001 0.69980053125 0.7613031921875 0.65824468125 0.78235815625 0.625 0.77792553125 0.587599734375 0.77792553125 0.5518617015625 0.785682625 0.5477061171875001 0.7723847515625 0.56183510625 0.75465425625 0.5851063828124999 0.7347074453125 0.6274933515625001 0.7347074453125 0.5984042546875 0.7147606375 0.56183510625 0.7014627671875 0.533577128125 0.6914893625 0.5327460109375 0.6660017734375 0.5743018609375 0.6615691484374999 0.5900930843750001 0.62389184375 0.6183510640625001 0.6349734046875 0.599235371875 0.6161347515625 0.5859375 0.5950797875 0.5959109046875 0.5695921984375001 0.6258311171875001 0.5817819140625 0.6549202125 0.6183510640625001 0.6349734046875 0.56626773125 0.6208444156249999 0.5197251765625001 0.6208444156249999 0.4964539 0.63996010625 0.4809397171875 0.65824468125 0.48204787343750005 0.6690492015625 0.45988475156249997 0.70894281875 0.4942375890625 0.6939827125 0.4709663125 0.6815159578125 0.4543439703125 0.6723736703125 0.4465868796875 0.674867021875 0.42331560156250003 0.70644946875 0.41445035468749997 0.713929521875 0.4155585109375 0.7104037265625001 0.4037267078125 0.6822593171875 0.4024327125 0.66187888125 0.4037267078125 0.6366459625 0.4166666671875 0.625 0.42184265 0.617236025 0.44901656250000005 0.5968555906249999 0.4541925453125 0.5978260875 0.4891304359375 0.5978260875 0.5007763984375 0.5852096265625 0.53312629375 0.5444487578125 0.5188923390625 0.5269798140625 0.5124223609375 0.485248446875 0.5266563140625 0.45322205000000004 0.54089026875 0.432841615625 0.54477225625 0.4202251546875 0.5227743265625 0.37946428593750003 0.5188923390625 0.3862577640625 0.4917184265625 0.3717003109375 0.47230848906249995 0.34549689375 0.47489648124999995 0.31055900625 0.4671325046875 0.296001553125 0.4554865421875 0.2697981359375 0.4567805375 0.24747670781250003 0.47230848906249995 0.23388975156249997 0.4813664609375 0.20962732968750003 0.4878364390625 0.194099378125 0.49301242343749996 0.1873059 0.4774844734375 0.170807453125 0.47101449375 0.157220496875 0.47101449375 0.13489906875 0.46583850781249997 0.10481366406249999 0.4697204984375 0.0776397515625 0.4736024859375 0.0446428578125 0.49430641875000003 0.0271739125 0.5085403734375 0.012616459375 0.52148033125 0.033967390624999996 0.54477225625 0.0465838515625 0.57194616875 0.060170807812500005 0.5952380953125 0.0621118015625 0.6120600421875 0.058229814062499996 0.6301759828125 0.0727872671875 0.6457039328125 0.0776397515625 0.6677018625 0.051262018750000006 0.7150641015625 0.04375 0.7330929484375 0.03623798125 0.72107371875 0.0197115390625 0.7010416671875 0 0.7208333328125 0 0.7666666671875 0.022716346875 0.7951923078124999 0.0287259609375 0.8492788453125 0.018209134374999998 0.8773237187499999 0 0.8895833328125 0 0.9979166671874999