1 0.9351468374999999 0.25602409531250003 0.94644201875 0.2553965859375 0.9544427703125 0.248493975 0.975621234375 0.24661144531249998 0.9695030125 0.22778614375 0.9586784640625 0.2177459828125 0.9492658125 0.21460843281250003 0.9398531625000001 0.22213855468750002 0.9304405125 0.2240210828125 0.9252635546875 0.23280622499999998 0.9243222890625 0.2516315265625 0.9351468374999999 0.25602409531250003
1 0.897496234375 0.3062249 0.8913780125 0.31752008125 0.901731928125 0.3150100390625 0.9092620484375 0.3200301203125 0.91443900625 0.32379518125 0.9332643078125 0.32567771093750003 0.9511483437500001 0.3150100390625 0.94644201875 0.29806726875 0.9290286140624999 0.28802710781249996 0.9149096390624999 0.2943022078125 0.9054969875 0.2986947796875 0.9050263546874999 0.3055973890625 0.895143071875 0.2873995984375 0.8932605421875 0.2905371484375 0.897496234375 0.3062249
1 0.9163215359375 0.2459839359375 0.9200865968749999 0.24096385625 0.9092620484375 0.226531125 0.8937311749999999 0.21837349375 0.8847891562499999 0.22464859375000001 0.895143071875 0.2340612453125 0.90737951875 0.2497489953125 0.9163215359375 0.2459839359375
1 0.867375753125 0.25916164531249997 0.8730233437500001 0.2654367484375 0.8960843374999999 0.2635542171875 0.904085090625 0.25351405625 0.8979668671875001 0.24096385625 0.8857304218750001 0.22778614375 0.8767884031250001 0.22715863593750002 0.8659638546874999 0.2346887546875 0.8589043671875001 0.23719879531250002 0.8546686749999999 0.2397088359375 0.8612575296875 0.24723895625 0.867375753125 0.25916164531249997
1 0.812311746875 0.2541415671875 0.8127823796874999 0.2648092375 0.8250188250000001 0.27171184843749996 0.8429028609375001 0.2748493984375 0.856080571875 0.28049698749999996 0.8659638546874999 0.26606425625 0.8659638546874999 0.25602409531250003 0.8598456328124999 0.245356425 0.851374246875 0.24159136406249998 0.8438441265625001 0.23594377500000002 0.83866716875 0.23155120468749998 0.8400790656250001 0.2397088359375 0.8254894578125 0.2491214859375 0.812311746875 0.2541415671875
1 0.81089985 0.26606425625 0.81137048125 0.2541415671875 0.8264307234375 0.2491214859375 0.8372552703125 0.2397088359375 0.8325489453125 0.23092369375000002 0.8160768078125 0.2227660640625 0.8057228921874999 0.22464859375000001 0.7944277109375 0.23029618593749998 0.8000753015625 0.2522590359375 0.7958396078125001 0.2528865453125 0.8033697296875 0.2704568265625 0.823606928125 0.2735943765625 0.81089985 0.26606425625
1 0.7506588859375001 0.24033634531249998 0.746893825 0.2497489953125 0.761483434375 0.2516315265625 0.761954065625 0.2553965859375 0.7784262046875 0.2679467875 0.77230798125 0.2723393578125 0.7878388546874999 0.2798694765625 0.79489834375 0.2817520078125 0.79960466875 0.2817520078125 0.8000753015625 0.27171184843749996 0.7967808734374999 0.2585341375 0.7878388546874999 0.248493975 0.7699548187499999 0.2353162640625 0.761483434375 0.24096385625 0.75583584375 0.23280622499999998 0.7506588859375001 0.22527610468749998 0.7506588859375001 0.24033634531249998
1 0.7690135546875 0.2346887546875 0.7831325296875 0.24096385625 0.7920745484375 0.24661144531249998 0.796310240625 0.25037650624999996 0.7958396078125001 0.24410140624999999 0.7911332828125001 0.2240210828125 0.7807793671875001 0.2108433734375 0.7694841875 0.1989206828125 0.75583584375 0.19641064218749998 0.757247740625 0.20833333281250002 0.7563064765624999 0.220256025 0.7591302703125 0.23092369375000002 0.7633659640625 0.23908132499999998 0.7690135546875 0.2346887546875
1 0.6852409640625 0.1750753015625 0.6852409640625 0.1869979921875 0.6758283125 0.2014307234375 0.6871234937499999 0.19578313281249998 0.6955948796875 0.19703815156249999 0.7083019578124999 0.20707831250000003 0.7200677703125 0.21460843281250003 0.7337161140624999 0.2190010046875 0.75112951875 0.22151104375 0.7539533125 0.220256025 0.7544239453125 0.1982931734375 0.746893825 0.18323293125 0.7398343374999999 0.1725652609375 0.7219503015625001 0.1681726921875 0.7148908125 0.1669176703125 0.7021837343749999 0.1750753015625 0.698418675 0.1750753015625 0.6871234937499999 0.15938755 0.6852409640625 0.1750753015625
1 0.7737198796875 0.2961847390625 0.7760730421875001 0.2836345375 0.76760165625 0.2723393578125 0.7544239453125 0.25978915625 0.7534826812500001 0.2704568265625 0.7403049703125 0.27296686718749996 0.7290097890625 0.2679467875 0.7421875 0.2798694765625 0.7591302703125 0.29492971875 0.7737198796875 0.2961847390625
1 0.7431287656250001 0.2685742984375 0.75160015 0.26167168749999997 0.747835090625 0.2516315265625 0.743599396875 0.2397088359375 0.7299510546875 0.22841365468750002 0.73324548125 0.2459839359375 0.7101844875000001 0.248493975 0.7186558734374999 0.25665160625 0.7323042171874999 0.2648092375 0.7431287656250001 0.2685742984375
1 0.6560617468750001 0.1857429734375 0.658414909375 0.20331325156250002 0.669710090625 0.2108433734375 0.6739457828125001 0.2227660640625 0.6861822296875 0.2346887546875 0.6993599390624999 0.24033634531249998 0.703125 0.24347389531250002 0.7106551203125 0.24723895625 0.731833584375 0.24410140624999999 0.72853915625 0.22966867500000002 0.722420934375 0.2190010046875 0.7054781625000001 0.20582329375000002 0.69371235 0.2001757015625 0.6819465359375 0.20080321250000002 0.67347515 0.20582329375000002 0.6668862953125 0.2014307234375 0.6579442765625 0.18009538125 0.6560617468750001 0.1857429734375
1 0.6857115968749999 0.31061747031250003 0.7083019578124999 0.3125 0.7280685234375001 0.3168925703125 0.7191265062500001 0.32442269218750003 0.7459525609375001 0.3200301203125 0.757247740625 0.3137550203125 0.7530120484375 0.29932228906249997 0.7426581328124999 0.2873995984375 0.73324548125 0.28237951875 0.7158320781249999 0.28049698749999996 0.7252447296875 0.30936245 0.7092432234375 0.3112449796875 0.6899472890625 0.30685241093750004 0.6857115968749999 0.31061747031250003
1 0.6518260546875 0.2572791171875 0.6494728921874999 0.2635542171875 0.65464985 0.26982931718750003 0.6640625 0.2704568265625 0.6720632531249999 0.28237951875 0.679122740625 0.2867720875 0.6866528609375 0.30057730781249997 0.6988893078125 0.3055973890625 0.7083019578124999 0.30685241093750004 0.7139495484375 0.30685241093750004 0.7205384031250001 0.30183232968749996 0.71206701875 0.2723393578125 0.6970067765625 0.25916164531249997 0.6866528609375 0.25351405625 0.6692394578124999 0.25602409531250003 0.6640625 0.2553965859375 0.6541792171874999 0.23280622499999998 0.65041415625 0.2353162640625 0.6518260546875 0.2572791171875
1 0.6805346390625 0.24723895625 0.67300451875 0.22841365468750002 0.669710090625 0.21649096406249999 0.6565323796875 0.2051957828125 0.63441265 0.21209839375 0.6231174703125 0.2102158625 0.6132341875 0.22715863593750002 0.5944088859375001 0.21209839375 0.5972326812500001 0.2365712859375 0.6094691265625001 0.24033634531249998 0.6165286140624999 0.248493975 0.623588103125 0.25351405625 0.6485316265625001 0.25602409531250003 0.6558264312500001 0.2671624 0.6121752640625 0.3149316015625 0.56052334375 0.3514056234375 0.5539344875000001 0.33948293125 0.5449924703125 0.3382279125 0.5313441265625001 0.34073795156250003 0.5256965359375 0.3507781125 0.5205195781249999 0.34575803125000004 0.51722515 0.3608182734375 0.5256965359375 0.3570532125 0.543580571875 0.3570532125 0.5548757531249999 0.3608182734375 0.5628765062500001 0.36583835468750003 0.5685240968749999 0.3627008046875 0.6059393828124999 0.3217557734375 0.6805346390625 0.24723895625
1 0.566641565625 0.392193775 0.5633471390625 0.3783885546875 0.5809958578125001 0.3087349390625 0.5944088859375001 0.2867720875 0.609939759375 0.2936746984375 0.6221762046875 0.2961847390625 0.6221762046875 0.2754769078125 0.6165286140624999 0.25602409531250003 0.6118222890625 0.24661144531249998 0.5961233328125 0.24903184218750002 0.5986445781249999 0.23908132499999998 0.591585090625 0.23594377500000002 0.584525603125 0.23719879531250002 0.57699548125 0.21837349375 0.5718185234375001 0.22464859375000001 0.5781720625 0.22966867500000002 0.5793486453125001 0.24096385625 0.56758283125 0.24410140624999999 0.5633471390625 0.2541415671875 0.5718185234375001 0.2572791171875 0.5885595953125 0.27888339218749997 0.5854668671875001 0.28426204843749997 0.58603835 0.28883390625 0.5835171046875 0.2987844234375 0.5544051203125 0.3645833328125 0.5388742468750001 0.3570532125 0.52852033125 0.3570532125 0.511106928125 0.3539156625 0.5153426203125 0.36521084375 0.5073418671875001 0.379643575 0.5186370484375 0.3758785140625 0.5280496984374999 0.38717369375 0.5388742468750001 0.392193775 0.5440512046875 0.3790160640625 0.5511106921875 0.3915662640625 0.566641565625 0.392193775
1 0.614646084375 0.30434236875 0.6226468374999999 0.31061747031250003 0.6367658125 0.30747991875 0.6574736453125001 0.3024598390625 0.6635918671875001 0.29932228906249997 0.6579442765625 0.27924196874999996 0.644766565625 0.26606425625 0.63864834375 0.25790662656249996 0.6259412656250001 0.25978915625 0.619352409375 0.26167168749999997 0.6240587343749999 0.2798694765625 0.6221762046875 0.2974397578125 0.6151167171874999 0.29681225 0.6028802703125 0.2930471890625 0.6024096390625 0.2999498 0.614646084375 0.30434236875
1 0.63394201875 0.3583082328125 0.6452371984374999 0.3601907625 0.6475903609375 0.3482680734375 0.6362951812500001 0.32818775 0.6188817765625 0.3225401609375 0.605704065625 0.32567771093750003 0.5967620484375 0.3225401609375 0.5986445781249999 0.34073795156250003 0.6061746984374999 0.3419929734375 0.6169992468750001 0.3539156625 0.63394201875 0.3583082328125
1 0.5506400609375001 0.32567771093750003 0.55628765 0.3187751 0.55581701875 0.33007028125 0.5624058734374999 0.3313253015625 0.57228915625 0.3350903609375 0.566641565625 0.3419929734375 0.5840549703125 0.34073795156250003 0.5958207828125001 0.3401104421875 0.5972326812500001 0.33007028125 0.5920557234375 0.31752008125 0.5864081328124999 0.30747991875 0.5807605421875001 0.30120481875 0.5685240968749999 0.30057730781249997 0.5591114453125 0.30057730781249997 0.557228915625 0.3087349390625 0.551581325 0.30183232968749996 0.5506400609375001 0.32567771093750003
1 0.5191076812500001 0.2604166671875 0.5191076812500001 0.2754769078125 0.518166415625 0.28237951875 0.527579065625 0.28426204843749997 0.5369917171874999 0.2899096390625 0.5478162656250001 0.29806726875 0.5567582828125001 0.29492971875 0.557228915625 0.28049698749999996 0.5534638546874999 0.26292670625 0.5473456328124999 0.24661144531249998 0.5431099390624999 0.2497489953125 0.5327560234375001 0.25916164531249997 0.5209902109375 0.23908132499999998 0.5176957828125001 0.24159136406249998 0.5191076812500001 0.2604166671875
1 0.5821724390624999 0.3752510046875 0.584525603125 0.389056225 0.5859375 0.4053714859375 0.5929969875000001 0.3997238953125 0.6024096390625 0.4059989953125 0.60664533125 0.41164658593750003 0.6221762046875 0.40976405624999995 0.6410015062500001 0.41164658593750003 0.65464985 0.40913654531250004 0.6527673187499999 0.3903112453125 0.6452371984374999 0.3783885546875 0.6325301203125 0.36897590468749997 0.6188817765625 0.36897590468749997 0.6089984937499999 0.3758785140625 0.6000564765624999 0.3834086359375 0.5967620484375 0.3878012046875 0.5897025609375001 0.379643575 0.5821724390624999 0.3752510046875
1 0.5887612953125 0.3790160640625 0.596291415625 0.3846636546875 0.60664533125 0.37650602499999997 0.6127635546875 0.3696034140625 0.6038215359375 0.36583835468750003 0.5934676203125 0.36583835468750003 0.5854668671875001 0.37148594375 0.575583584375 0.3564257015625 0.575583584375 0.36897590468749997 0.5727597890625 0.3834086359375 0.5793486453125001 0.3771335328125 0.5887612953125 0.3790160640625
1 0.59958584375 0.44490461875 0.605704065625 0.45431726875 0.6179405124999999 0.4587098390625 0.6212349390624999 0.44929718906250005 0.61605798125 0.43423694843750005 0.609939759375 0.4210592375 0.6019390062500001 0.4135291171875 0.5934676203125 0.4122740953125 0.59958584375 0.42670682656250003 0.589231928125 0.43235441718749995 0.5897025609375001 0.4380020078125 0.59958584375 0.44490461875
1 0.5402861453125001 0.40411646718750005 0.5431099390624999 0.4085090359375 0.55581701875 0.41164658593750003 0.5534638546874999 0.4166666671875 0.5595820781249999 0.4210592375 0.5647590359375 0.42545180625 0.5798192765625 0.4380020078125 0.5887612953125 0.43549196874999996 0.5958207828125001 0.4229417671875 0.5911144578124999 0.4141566265625 0.580289909375 0.40035140625 0.5737010546875 0.3947038140625 0.5567582828125001 0.40035140625 0.5511106921875 0.39595883593750003 0.5449924703125 0.382781125 0.5426393078125 0.3947038140625 0.5402861453125001 0.40411646718750005
1 0.6557377046874999 0.3899134796875 0.6591530046875 0.40698998125 0.66769125625 0.40528233125 0.6736680328125 0.40186703125 0.6851946718749999 0.4024362484375 0.6928790984375001 0.3961748625 0.7018442625 0.3808060109375 0.7095286890625 0.367714025 0.7095286890625 0.3540528234375 0.70141735 0.34551457343749997 0.6984289625 0.3409608375 0.6933060109375 0.33811475468749996 0.684767759375 0.3392531875 0.6711065578125 0.34836065625 0.6715334703125 0.3637295078125 0.6698258203125 0.3762522765625 0.6625683062500001 0.3853597453125 0.6557377046874999 0.3899134796875
1 0.48582650312500003 0.2840391625 0.49052254062499995 0.2874544625 0.4969262296875 0.2914389796875 0.4982069671875 0.2988387984375 0.5093066937499999 0.29542349843750004 0.5221140703125 0.3022540984375 0.5289446718749999 0.31022313281249997 0.531933059375 0.31306921718749997 0.5366290984375001 0.30566939843749996 0.5302254093750001 0.2880236796875 0.5221140703125 0.2857468125 0.51144125625 0.28062386250000004 0.5020491796875 0.27151639375 0.4990607921875 0.2646857921875 0.489668715625 0.25159380625 0.483691940625 0.26810109375 0.48582650312500003 0.2840391625
1 0.490095628125 0.33526867031249996 0.4952185796875 0.34039162031250003 0.51186816875 0.3420992703125 0.5212602453125 0.34039162031250003 0.5332137984374999 0.3312841515625 0.525529371875 0.3159153 0.5199795078125 0.3125 0.5127219953125 0.3062386171875 0.5007684421875 0.30851548281249996 0.490949453125 0.31079235 0.4969262296875 0.32160746875 0.49308401562500004 0.33014571875 0.490095628125 0.33526867031249996
1 0.40983606562499997 0.2880236796875 0.406847678125 0.30566939843749996 0.406847678125 0.31306921718749997 0.40812841562499996 0.3170537328125 0.4200819671875 0.31648451718750004 0.42477800468750004 0.3272996359375 0.43118169375 0.33526867031249996 0.446123634375 0.3369763203125 0.46661543749999995 0.3369763203125 0.483691940625 0.33526867031249996 0.49308401562500004 0.3204690359375 0.489668715625 0.3045309640625 0.4794228140625 0.2863160296875 0.46704235 0.2692395265625 0.45423497343749997 0.26810109375 0.43715847031250005 0.2772085609375 0.4213627046875 0.2914389796875 0.412824453125 0.29826958124999997 0.40983606562499997 0.2880236796875
1 0.35134904375 0.1531193078125 0.3419569671875 0.15881147499999998 0.33341871562500003 0.1701958109375 0.32914959062500004 0.18101092968750002 0.327441940625 0.1827185796875 0.31762295156250003 0.17873406249999998 0.3112192625 0.17133424375 0.3009733609375 0.14685792343749998 0.29158128437499997 0.1383196734375 0.29158128437499997 0.14856557343750001 0.293288934375 0.16848816093750002 0.297558059375 0.1861338796875 0.29542349687499997 0.19979508125 0.293288934375 0.2185792359375 0.292008196875 0.2356557375 0.294569671875 0.24134790625 0.30737704843749997 0.22882513750000003 0.311646175 0.2151639359375 0.3206113390625 0.21231784999999997 0.33128415312500004 0.21630236875 0.32957650312500003 0.22711748593749997 0.3261612015625 0.24077868750000003 0.3445184421875 0.23508652031250002 0.3590334703125 0.2424863390625 0.367144809375 0.2487477234375 0.366717896875 0.2612704921875 0.37397540937499996 0.2692395265625 0.38891735 0.262408925 0.3966017765625 0.257285975 0.411543715625 0.258993625 0.43203551874999996 0.258993625 0.4427083328125 0.2595628421875 0.4422814203125 0.25216302343749997 0.43886612031250005 0.22996357031249998 0.42776639375 0.2037796 0.41581284218750003 0.1827185796875 0.3978825140625 0.1633652109375 0.3829405734375 0.15881147499999998 0.366290984375 0.1593806921875 0.35988729531249997 0.15994990781250001 0.35134904375 0.1531193078125
1 0.27365095625 0.08595173125 0.26169740468749997 0.09847449999999999 0.258709015625 0.10359745000000001 0.24889002656249998 0.1018898 0.23266735 0.0603369765625 0.2237021859375 0.0421220390625 0.22498292343749998 0.0774134796875 0.22882513593749998 0.1007513671875 0.2254098359375 0.1138433515625 0.21943305937500002 0.1326275046875 0.21815232187500003 0.1434426234375 0.22583674843749998 0.1423041890625 0.2365095625 0.13205828749999998 0.2441939890625 0.1269353375 0.256574453125 0.1257969046875 0.2655396171875 0.13319672031250002 0.27322404375 0.1508424421875 0.290300546875 0.1542577421875 0.290727459375 0.13775045625 0.3014002734375 0.14685792343749998 0.3112192625 0.1707650265625 0.3189036890625 0.17816484531250001 0.32829576562499996 0.18101092968750002 0.333845628125 0.1719034609375 0.3406762296875 0.15881147499999998 0.35220286875 0.1542577421875 0.3607411203125 0.15994990781250001 0.367144809375 0.1593806921875 0.371413934375 0.1559653921875 0.36202185781249996 0.13148907031249998 0.3462260921875 0.11042805 0.32786885312499997 0.0922131140625 0.3129269125 0.08765938125 0.297558059375 0.0842440796875 0.2873121578125 0.0836748625 0.2826161203125 0.08082877968749999 0.27365095625 0.08595173125
1 0.139600409375 0.1371812390625 0.14685792343749998 0.157103825 0.14941939843750002 0.1690573765625 0.151980875 0.17930327968749998 0.14856557343750001 0.1901183984375 0.1528347 0.19524134843750002 0.1673497265625 0.1878415296875 0.178022540625 0.1844262296875 0.1886953546875 0.1878415296875 0.19082991875 0.1878415296875 0.19766051874999999 0.18101092968750002 0.210894809375 0.16791894375 0.2215676234375 0.1616575578125 0.23779029999999998 0.16621129375000002 0.257428278125 0.1775956296875 0.27108948125 0.19125683124999998 0.2792008203125 0.20036429843749998 0.290300546875 0.19467213125 0.29371584687499996 0.17930327968749998 0.2821892078125 0.1633652109375 0.27322404375 0.14856557343750001 0.256574453125 0.1349043703125 0.23907103749999997 0.13319672031250002 0.2262636609375 0.1434426234375 0.21815232187500003 0.1451502734375 0.21601775937499998 0.13604280468750002 0.21004098437500002 0.13888888906250002 0.19552595625 0.1354735875 0.18485314218749999 0.150273225 0.178022540625 0.15994990781250001 0.178876365625 0.1667805109375 0.1690573765625 0.16393442656249999 0.1417349734375 0.1286429875 0.139600409375 0.1371812390625
1 0.18058401562499998 0.1941029140625 0.178022540625 0.21117941718750002 0.178022540625 0.22313296875000002 0.172472678125 0.2367941703125 0.1673497265625 0.24476320624999998 0.1583845625 0.2470400734375 0.1293545078125 0.2237021859375 0.1229508203125 0.2191484515625 0.11825478125 0.22597905156250003 0.1310621578125 0.2476092890625 0.140027321875 0.2686703109375 0.1430157109375 0.3022540984375 0.14386953593750001 0.3181921671875 0.1511270484375 0.30851548281249996 0.1575307375 0.28517759531250003 0.1652151640625 0.27151639375 0.176741803125 0.2675318765625 0.18058401562499998 0.28460837968749997 0.1895491796875 0.2885928953125 0.2006489078125 0.27777777656249997 0.21815232187500003 0.2709471765625 0.2228483609375 0.26297814218750004 0.2224214484375 0.23337887031250001 0.23010587500000002 0.2276867015625 0.23693647499999998 0.2493169390625 0.23864412499999998 0.2635473578125 0.2471823765625 0.260701275 0.256147540625 0.24988615625000002 0.2685280046875 0.23907103749999997 0.27663934375 0.2282559203125 0.28346994531249997 0.2145947171875 0.27535860625 0.1975182140625 0.253586065625 0.17816484531250001 0.2365095625 0.16621129375000002 0.2215676234375 0.16450364374999998 0.20918715781250002 0.17133424375 0.19979508125 0.1849954453125 0.1882684421875 0.19239526406250002 0.18058401562499998 0.1941029140625
1 0.3257342890625 0.29542349843750004 0.3419569671875 0.2880236796875 0.3654371578125 0.27891621093749996 0.371413934375 0.2755009109375 0.366717896875 0.26411657499999996 0.3637295078125 0.25102458906249997 0.35305669375000004 0.24134790625 0.3406762296875 0.2419171234375 0.3261612015625 0.2441939890625 0.3227459015625 0.2367941703125 0.32914959062500004 0.22142531875000002 0.3206113390625 0.21687158593750003 0.3137807375 0.22313296875000002 0.294142759375 0.24476320624999998 0.289873634375 0.2385018203125 0.290727459375 0.21630236875 0.2830430328125 0.21687158593750003 0.27151639375 0.2396402546875 0.2608435796875 0.25330145625 0.27322404375 0.2663934421875 0.2847506828125 0.27834699375 0.3026810109375 0.2885928953125 0.3137807375 0.2977003640625 0.3257342890625 0.29542349843750004
1 0.099043715625 0.21801001874999998 0.134690915625 0.21715619375 0.13820582812499999 0.2099271390625 0.1442964484375 0.2174408015625 0.1498463109375 0.2128870671875 0.1447233609375 0.19239526406250002 0.1310621578125 0.16791894375 0.10459357968750001 0.1275045546875 0.0924265703125 0.1326275046875 0.0922131140625 0.11896630156250002 0.0833902546875 0.1423041890625 0.0529371578125 0.10473588281249999 0.017503415624999998 0.0882285984375 0.0012807374999999998 0.0967668484375 0.000365925 0.1516556078125 0 0.17361111093749998 0.013234289062499998 0.1770264125 0.03799521875 0.19040300625 0.0467469265625 0.1835724046875 0.0486680328125 0.1958105640625 0.07129439843749999 0.20605646718749998 0.0708674859375 0.21402549999999998 0.099043715625 0.21801001874999998
1 0.058060109375 0.2185792359375 0.0644637984375 0.2191484515625 0.06873292343750001 0.21231784999999997 0.07556352499999999 0.1958105640625 0.0828210375 0.1821493625 0.0917862015625 0.1474271390625 0.0922131140625 0.11953551874999999 0.0845286890625 0.0990437171875 0.0734289625 0.0785519125 0.0653176234375 0.06261384375 0.054217896875000005 0.0523679421875 0.05976775937499999 0.0717213125 0.056779371875 0.0882285984375 0.054644809375000006 0.1053051 0.0495218578125 0.1508424421875 0.0495218578125 0.16621129375000002 0.0503756828125 0.1889799640625 0.05208333281250001 0.2066256828125 0.058060109375 0.2185792359375
1 0.2330942625 0.29257741249999997 0.23949795156250003 0.30282331406249996 0.23992486406250002 0.31477686718750003 0.23779029999999998 0.3255919859375 0.2420594265625 0.3392531875 0.2604166671875 0.34551457343749997 0.2646857921875 0.34836065625 0.27322404375 0.3512067390625 0.27279713125 0.3762522765625 0.29158128437499997 0.36999089218750003 0.3210382515625 0.38592896250000003 0.33128415312500004 0.38422131249999997 0.335553278125 0.3654371578125 0.3240266390625 0.33014571875 0.315061475 0.3096539171875 0.3009733609375 0.2863160296875 0.2864583328125 0.27891621093749996 0.27194330624999996 0.2709471765625 0.2646857921875 0.2675318765625 0.253586065625 0.2686703109375 0.2454747265625 0.27777777656249997 0.23779029999999998 0.27493169375000004 0.2373633875 0.255578325 0.22882513593749998 0.23167122031249998 0.22498292343749998 0.23337887031250001 0.2245560109375 0.24817850625 0.22498292343749998 0.2675318765625 0.21601775937499998 0.28517759531250003 0.210894809375 0.29485428125 0.21857923437500001 0.30282331406249996 0.2283982234375 0.29656193124999997 0.2330942625 0.29257741249999997
1 0.04141051875 0.33982240468749997 0.055925546874999996 0.32957650156249996 0.061048496875000004 0.3090847 0.0691598359375 0.28346994531249997 0.0734289625 0.2737932609375 0.061902321875 0.2618397078125 0.03586065625 0.24817850625 0.021345628125 0.24476320624999998 0 0.2612704921875 0.0008538250000000001 0.34039162031250003 0.0123804640625 0.3546220390625 0.018357240625 0.34437613749999996 0.04141051875 0.33982240468749997
1 0.1225239078125 0.3910519125 0.1220969953125 0.40983606406249995 0.1280737703125 0.40869763125 0.133623634375 0.38763661250000003 0.141308059375 0.3790983609375 0.14941939843750002 0.3847905296875 0.1481386609375 0.40357468125 0.14771174843749998 0.40983606406249995 0.172045765625 0.40755919843750005 0.19766051874999999 0.41268215 0.19894125625 0.3870673953125 0.20833333281250002 0.3762522765625 0.2215676234375 0.37511384375 0.234375 0.37568306093750004 0.2283982234375 0.3494990890625 0.2365095625 0.34039162031250003 0.235228825 0.3238843359375 0.2266905734375 0.3238843359375 0.2087602453125 0.3079462671875 0.2036372953125 0.31079235 0.1891222671875 0.3159153 0.1660689890625 0.31420765 0.140027321875 0.3386839703125 0.1293545078125 0.364298725 0.1225239078125 0.3910519125
1 0.2241290984375 0.45423497343749997 0.235228825 0.45594262343749997 0.25315915312500004 0.4565118390625 0.27322404375 0.45594262343749997 0.29371584687499996 0.4422814203125 0.3090847 0.44626593750000004 0.309938525 0.42975865156250004 0.3197575140625 0.42235883281250003 0.3240266390625 0.4138205828125 0.32146516406250003 0.4047131140625 0.3125 0.3978825140625 0.3026810109375 0.37568306093750004 0.293288934375 0.38763661250000003 0.26297814218750004 0.3864981796875 0.2454747265625 0.39959016406250003 0.2305327875 0.42235883281250003 0.22199453593750001 0.44683515468749996 0.2241290984375 0.45423497343749997
1 0.10758196718749999 0.2618397078125 0.09648224062500001 0.26980874374999997 0.0708674859375 0.2811930796875 0.062329234375 0.31306921718749997 0.058487021875 0.3449453546875 0.059340846875 0.3597449921875 0.0721482234375 0.3586065578125 0.099043715625 0.3494990890625 0.102032103125 0.3540528234375 0.12038934375000002 0.3557604734375 0.12081625625 0.34323770468750003 0.11057035468750001 0.3312841515625 0.11441256875000001 0.32502276874999997 0.1272199453125 0.3187613828125 0.1289275953125 0.30737705000000004 0.11953551874999999 0.2977003640625 0.12508538281249998 0.2800546453125 0.11483948125000001 0.2692395265625 0.10758196718749999 0.2618397078125
1 0.03799521875 0.466188525 0.027322404687500003 0.4900956296875 0.022626365625 0.5031876140625 0.0145150265625 0.4974954453125 0.017076503125 0.5151411671874999 0.0128073765625 0.5441712203125 0.0123804640625 0.5851548265625001 0.017930328125 0.5971083796875 0.043118168750000005 0.5880009109375 0.06745218593749999 0.5652322390625 0.0900785515625 0.5430327875 0.1058743171875 0.5293715859375 0.10800887968749999 0.50887978125 0.1118510921875 0.4952185796875 0.1263661203125 0.49123406249999996 0.12038934375000002 0.45765027343750003 0.134477459375 0.44854280468749996 0.1524077875 0.46106557343750004 0.16308060156249998 0.4565118390625 0.1558230875 0.43772768749999996 0.1434426234375 0.4257741359375 0.14771174843749998 0.39902094843749997 0.14771174843749998 0.38365209375 0.139600409375 0.3830828765625 0.133196721875 0.39674407968750003 0.1259392078125 0.42292805 0.11825478125 0.4326047359375 0.09562841562499999 0.4166666671875 0.0832479515625 0.4166666671875 0.078978825 0.43317395156250005 0.055071721875 0.4496812390625 0.03799521875 0.466188525
1 0.27151639375 0.5424635703125 0.294142759375 0.5737704921875 0.3031079234375 0.5845856109375 0.31079235 0.5999544625000001 0.3180498640625 0.6062158484375 0.32829576562499996 0.6050774125 0.3564719953125 0.61589253125 0.3825136609375 0.6153233140625 0.38165983593749997 0.5931238624999999 0.3607411203125 0.5510018203125 0.3376878421875 0.5219717671875 0.3137807375 0.51229508125 0.30737704843749997 0.4974954453125 0.3001195359375 0.4992030953125 0.288592896875 0.51457195 0.2813353828125 0.52140255 0.2685280046875 0.49977231250000004 0.2608435796875 0.4735883421875 0.2595628421875 0.48326502656250003 0.25998975468749996 0.5208333328125 0.25017076562499996 0.5299408015625 0.2441939890625 0.5458788703125 0.250597678125 0.5453096546875 0.26511270468750003 0.53904826875 0.27151639375 0.5424635703125
1 0.19253756875 0.63923041875 0.2096140703125 0.6346766859375 0.21985997343750002 0.6289845171875 0.21985997343750002 0.6193078328125 0.23693647499999998 0.6010928953125 0.253586065625 0.5976775953125 0.252305328125 0.5777550078125 0.2655396171875 0.5669398921875 0.290300546875 0.5737704921875 0.27151639375 0.5453096546875 0.256574453125 0.5532786875 0.2459016390625 0.5481557375 0.23779029999999998 0.5396174859375 0.2228483609375 0.5504326046875 0.19894125625 0.5549863390625001 0.1844262296875 0.5709244078125 0.1682035515625 0.5988160296875 0.1600922125 0.6238615671875001 0.1558230875 0.6466302374999999 0.1652151640625 0.6523224046875 0.19253756875 0.63923041875
1 0.0247609296875 0.6790755921875 0.017930328125 0.71436703125 0.016222678125 0.7525045546875 0.0106728140625 0.778688525 0.0098189890625 0.7969034609375 0.022626365625 0.79462659375 0.04141051875 0.782103825 0.058913934375 0.7610428046875 0.0708674859375 0.7547814203125001 0.0730020484375 0.7439663015625 0.07940573749999999 0.7331511828124999 0.08751707656249999 0.7268898 0.08879781406250001 0.7263205828125 0.09605532812499999 0.7291666671875 0.11740095625 0.7234745 0.11398565624999998 0.7092440796874999 0.102459015625 0.6915983609375 0.12081625625 0.6460610203125 0.133196721875 0.6238615671875001 0.1259392078125 0.6238615671875001 0.11910860625 0.6153233140625 0.12038934375000002 0.5948315125 0.1293545078125 0.5880009109375 0.12551229531250002 0.573201275 0.11612021875 0.5686475421875 0.1109972671875 0.5555555562500001 0.098616803125 0.5401867015625 0.09605532812499999 0.5481557375 0.1067281421875 0.5794626609375 0.0853825140625 0.5788934421875 0.078125 0.5959699453125 0.06873292343750001 0.6090619312500001 0.038422131250000005 0.6466302374999999 0.0247609296875 0.6790755921875
1 0.293288934375 0.6984289625 0.297558059375 0.7172131140625 0.297558059375 0.7303051 0.3090847 0.7268898 0.3257342890625 0.7115209484375 0.32914959062500004 0.6887522765625 0.33128415312500004 0.6665528234375 0.335980190625 0.6483378875 0.3449453546875 0.6369535515625 0.3573258203125 0.6306921671875 0.35262978125 0.6181693984375001 0.3423838796875 0.6153233140625 0.33128415312500004 0.6164617484375 0.3270150265625 0.61760018125 0.3235997265625 0.62670765 0.3159153 0.61760018125 0.30780396250000003 0.63012295 0.30566939843749996 0.6494763203125 0.3026810109375 0.6619990890625 0.2988387984375 0.6705373390625 0.290727459375 0.681921675 0.293288934375 0.6984289625
1 0.2245560109375 0.7041211296875 0.22967896250000003 0.7155054640625 0.22711748593749997 0.73542805 0.23608265 0.7519353375 0.2471823765625 0.7650273234375 0.25145150312500003 0.778688525 0.25529371562500003 0.7764116578125 0.2646857921875 0.780396175 0.257855190625 0.79462659375 0.26169740468749997 0.81796448125 0.27237021875 0.8151183984375001 0.2821892078125 0.8054417125000001 0.3210382515625 0.8202413484375001 0.330003415625 0.8122723125 0.3223189890625 0.7718579234375 0.316769125 0.7542122046874999 0.3103654375 0.7342896171875 0.3031079234375 0.7314435328125 0.2979849734375 0.7263205828125 0.292435109375 0.7058287796875 0.27578551875 0.68761384375 0.257855190625 0.6813524578125 0.2441939890625 0.6915983609375 0.2348019125 0.6933060109375 0.2330942625 0.6830601078125 0.2305327875 0.6255692171875 0.2207137984375 0.6437841515625 0.21601775937499998 0.6671220390625 0.211321721875 0.6807832421875 0.2015027328125 0.6830601078125 0.1891222671875 0.7024134796875 0.19808743125 0.7041211296875 0.2245560109375 0.7041211296875
1 0.1063012296875 0.8282103828125 0.0926400265625 0.8600865203125 0.0862363390625 0.8857012750000001 0.099470628125 0.8919626609375 0.1118510921875 0.8885473578124999 0.11483948125000001 0.8686247734375 0.12465847031249999 0.8828551921875001 0.1472848359375 0.8652094703125 0.18741461718750002 0.8321949 0.20833333281250002 0.8185336984375 0.21729849687499997 0.81796448125 0.20747950781250002 0.7991803265625 0.2087602453125 0.785519125 0.2283982234375 0.7758424421875 0.2454747265625 0.7758424421875 0.2471823765625 0.7667349734375 0.233521175 0.7507969046875 0.2254098359375 0.7365664859375001 0.2228483609375 0.74453551875 0.213883196875 0.76275045625 0.20406420781249998 0.7559198546875 0.1904030046875 0.74624316875 0.18186475468750002 0.74624316875 0.16478825156250002 0.7616120203125 0.132342896875 0.782103825 0.11953551874999999 0.8003187609375001 0.1063012296875 0.8282103828125
1 0.029883879687499997 0.8469945359375 0.014941940625 0.8504098359375 0.007684426562500001 0.8606557374999999 0.0012807374999999998 0.8578096546875 0 0.96875 0.004269125 0.9670992703125 0.0256147546875 0.9511612015625 0.0525102453125 0.9318078328125001 0.0640368859375 0.9147313296874999 0.056352459375 0.89822404375 0.056779371875 0.8913934421875 0.058913934375 0.8885473578124999 0.07641735 0.86634790625 0.0909323765625 0.8549635703125 0.1033128421875 0.8327641171875 0.0905054640625 0.8327641171875 0.07556352499999999 0.8316256828125 0.0708674859375 0.8105646625 0.061902321875 0.7906420765625 0.057206284375000006 0.7957650265625 0.055925546874999996 0.82308743125 0.0533640703125 0.83731785 0.0508025953125 0.8583788703125 0.04141051875 0.8657786875 0.0439719953125 0.8572404375 0.029883879687499997 0.8469945359375
1 0.125 0.9979166671874999 0.1600922125 0.99669854375 0.1643613390625 0.9813296890625001 0.1694842890625 0.9727914390624999 0.1664959015625 0.9591302374999999 0.18101092968750002 0.9335154828125001 0.19253756875 0.9301001812499999 0.21943305937500002 0.9272540984375001 0.2027834703125 0.9067622953125 0.19296448125000001 0.90163934375 0.176741803125 0.87147085625 0.172472678125 0.8953779609374999 0.1635075140625 0.9266848812499999 0.15368852500000002 0.9147313296874999 0.1460040984375 0.9010701265625001 0.1297814203125 0.9187158484375001 0.12081625625 0.9158697625000001 0.11953551874999999 0.8845628421875 0.11441256875000001 0.8726092890625001 0.1114241796875 0.890824225 0.1037397546875 0.9147313296874999 0.09605532812499999 0.9363615671875 0.0913592890625 0.94262295 0.0896516390625 0.9579918046874999 0.0529371578125 0.9887295078125 0.0508025953125 0.99669854375 0.125 0.9979166671874999
1 0.254439890625 0.9750683062500001 0.254439890625 0.9887295078125 0.2604166671875 0.9978369765625 0.37030346875000003 0.9959055875 0.3513367046875 0.9718208078125 0.3206286125 0.9465317921875 0.3043713875 0.93810211875 0.283598265625 0.9188342953124999 0.270050578125 0.9344894015625 0.261921965625 0.932080925 0.261921965625 0.9019749515625 0.2420594265625 0.87147085625 0.2382172125 0.9090391625 0.23779029999999998 0.9335154828125001 0.21900614687500003 0.9380692171874999 0.21516393437499998 0.9545765015625 0.2450478140625 0.95002276875 0.252732240625 0.9545765015625 0.2612704921875 0.9762067390625001 0.254439890625 0.9750683062500001
1 0.3997093015625 0.3252180234375 0.3942587203125 0.3155281 0.3924418609375 0.2979651171875 0.3915334296875 0.2785852703125 0.38789970937499996 0.26707848749999996 0.3838117734375 0.26707848749999996 0.37881540625 0.28827519375 0.37563590156250004 0.3088662796875 0.3615552328125 0.3106831390625 0.3556504359375 0.3240067828125 0.37881540625 0.3318798453125 0.3892623546875 0.35852713125 0.38608284843749996 0.36337209375 0.3992550875 0.3797238375 0.4092478203125 0.3954699609375 0.4092478203125 0.4172722875 0.42696220937499996 0.4215116265625 0.44967296562500003 0.4457364328125 0.462845203125 0.4566375984375 0.4723837203125 0.4566375984375 0.47147529062500004 0.4275678296875 0.46829578437499997 0.3918362390625 0.451489825 0.35792151250000004 0.4287790703125 0.3391472875 0.4210574125 0.32037306249999997 0.4165152609375 0.3191618203125 0.405159884375 0.3197674421875 0.3997093015625 0.3252180234375
1 0.522347384375 0.4196947671875 0.5087209296874999 0.40092054218750006 0.49146075624999996 0.3845687984375 0.463753634375 0.3766957359375 0.46920421562500003 0.3918362390625 0.47147529062500004 0.4196947671875 0.4841933140625 0.4348352703125 0.49509447656249994 0.4451308140625 0.5164425875 0.4505813953125 0.5255268890625 0.4451308140625 0.522347384375 0.4196947671875
1 0.40743095937499996 0.42332848749999996 0.3919876453125 0.3978924421875 0.390170784375 0.40334302343750006 0.3974382265625 0.4318071703125 0.390625 0.45906007656250003 0.40833938906249995 0.45239825624999996 0.415152615625 0.4463420546875 0.41924055156250006 0.45239825624999996 0.42151162812500004 0.4717781 0.4333212203125 0.46693313906249995 0.45103561093750005 0.46814437968749995 0.45830305156250006 0.48389050468750006 0.46693313906249995 0.47056686093750005 0.4846475296875 0.46935562031250005 0.49963662812500004 0.4626937984375 0.49736555156250006 0.44755329374999997 0.47692587187499996 0.43362403125000004 0.47192950624999996 0.4324127921875 0.471021075 0.45724321718749994 0.4646620640625 0.4578488375 0.44921875 0.446947675 0.4337754359375 0.42877906875000005 0.4251453484375 0.42877906875000005 0.40743095937499996 0.42332848749999996
1 0.53915334375 0.44755329374999997 0.5432412796875 0.4614825578125 0.5486918609375 0.45603197656249994 0.5523255812500001 0.45845445781249994 0.561409884375 0.46875 0.571402615625 0.4735949609375 0.5859375 0.47783430156250006 0.5954760171875 0.47722868125 0.608194040625 0.4723837203125 0.60546875 0.45845445781249994 0.5963844484374999 0.4439195734375 0.583212209375 0.4378633734375 0.569131540625 0.4372577515625 0.5577761625 0.4378633734375 0.547329215625 0.43120155000000004 0.53915334375 0.44755329374999997
1 0.6018350296875 0.5171996125 0.5982013078125 0.5026647296875 0.5904796515624999 0.4923691859375 0.57821584375 0.4893410859375 0.5650436046875 0.4966085265625 0.5650436046875 0.5129602703125 0.5673146796874999 0.5184108515625 0.5868459296874999 0.525072675 0.5982013078125 0.5268895359375 0.6018350296875 0.5171996125
1 0.4782885171875 0.5474806203125 0.4873728203125 0.5608042640625001 0.49736555156250006 0.5698885671875 0.5205305234375001 0.57412790625 0.5337027609375 0.57412790625 0.533248546875 0.5595930234375001 0.5309774703125 0.5517199609375 0.530069040625 0.5456637609375 0.5237100296875 0.5274951546875 0.5064498546875 0.5238614328125 0.48555595937499996 0.5287063953125 0.474654796875 0.5238614328125 0.46602470937499996 0.5123546515624999 0.4614825578125 0.5323401171875 0.45466933125000003 0.5480862390625 0.4782885171875 0.5474806203125
1 0.502816134375 0.58200096875 0.50463299375 0.6025920546875 0.5032703484375001 0.6256056203125 0.49600290625000004 0.6449854640625 0.5087209296874999 0.6286337203125 0.5205305234375001 0.6328730625000001 0.5132630812500001 0.6480135671875 0.52416424375 0.6516472875 0.5368822671875 0.64619670625 0.5559593015625001 0.6510416671875 0.56958575625 0.6516472875 0.5795784890625 0.6431686046875 0.5900254359375 0.6346899234375 0.588208575 0.6231831390625 0.580941134375 0.60380329375 0.568677325 0.58987403125 0.5600472390625 0.5856346890624999 0.5432412796875 0.5838178296875001 0.5346111921875 0.58745155 0.52734375 0.5886627921875001 0.519167878125 0.6044089140625 0.5141715109375 0.6098594953124999 0.5087209296874999 0.5989583328125 0.502816134375 0.58200096875
1 0.4065225296875 0.5268895359375 0.40833938906249995 0.5535368203125001 0.405159884375 0.5759447671875 0.4028888078125 0.5856346890624999 0.41197311093750005 0.59290213125 0.41924055156250006 0.6019864328125 0.4196947671875 0.61652131875 0.4224200578125 0.6371124015625 0.423782703125 0.646802325 0.434683865625 0.6352955421875001 0.443313953125 0.6316618203125001 0.4505813953125 0.6359011625 0.474654796875 0.6395348828125 0.4846475296875 0.6401405046875001 0.48010537812500004 0.6189437984375 0.4678415703125 0.6050145359375 0.45603197656249994 0.5971414734375 0.44104287812500004 0.58200096875 0.42787063906249995 0.5826065890625001 0.4174236921875 0.5692829453125 0.41197311093750005 0.528100775 0.4065225296875 0.5268895359375
1 0.4310501453125 0.6419573640625 0.4201489828125 0.64922480625 0.41015625 0.6304505812500001 0.404251453125 0.6080426359375 0.3924418609375 0.6001695734375 0.3947129359375 0.6159156984374999 0.398800871875 0.6480135671875 0.3842659890625 0.6613372078124999 0.37563590156250004 0.66799903125 0.385628634375 0.6807170546875 0.395621365625 0.681322675 0.4092478203125 0.6686046515624999 0.42060319843749994 0.66799903125 0.424691134375 0.6752664734375 0.44240552343750006 0.6698158921874999 0.46875 0.67102713125 0.48010537812500004 0.6782945734375 0.49100654062500004 0.6922238375 0.49963662812500004 0.7061531 0.50463299375 0.71644864375 0.513717296875 0.7170542640625001 0.53052325625 0.71644864375 0.5396075578125 0.7134205421875001 0.5382449125 0.70070251875 0.52416424375 0.6795058140625 0.510083575 0.65709786875 0.4928234015625 0.6480135671875 0.4796511625 0.6425629859375 0.45966569843749994 0.6407461249999999 0.44104287812500004 0.6359011625 0.4310501453125 0.6419573640625
1 0.40334302343750006 0.6776889546875 0.3978924421875 0.6861676359375 0.3978924421875 0.7079699609375 0.3869912796875 0.71160368125 0.376998546875 0.7067587203125 0.35928415625 0.6764777125 0.3524709296875 0.6837451546875 0.35428779062500004 0.7013081390625 0.36337209375 0.7176598828125 0.362917878125 0.74067345 0.362917878125 0.7697432171874999 0.36836845937499996 0.7757994187499999 0.3815406984375 0.74067345 0.3924418609375 0.73825096875 0.3942587203125 0.7515746125 0.395621365625 0.7667151171875 0.4146984015625 0.7533914734375 0.4333212203125 0.7527858515625 0.45694040625000004 0.75702519375 0.4728379359375 0.75702519375 0.49645712187499996 0.7467296515624999 0.5087209296874999 0.74370155 0.5119004359375 0.73522286875 0.4978197671875 0.703125 0.4869186046875 0.6885901171875 0.4773800875 0.6782945734375 0.4587572671875 0.6722383734374999 0.44240552343750006 0.6716327515625 0.4260537796875 0.6782945734375 0.41833212187499996 0.6746608515625 0.40334302343750006 0.6776889546875
1 0.38290334375 0.7394622078124999 0.36791424375 0.7733769374999999 0.36655159843749996 0.78972868125 0.36791424375 0.8012354640625 0.38290334375 0.8078972875 0.4001635171875 0.8248546515624999 0.42196584374999996 0.8357558140625001 0.43877180156250006 0.83515019375 0.4642078484375 0.8266715124999999 0.4728379359375 0.8242490312499999 0.46693313906249995 0.8060804265625 0.45466933125000003 0.78367248125 0.4446765984375 0.7630813953125 0.42923328437499997 0.7582364328125 0.4137899703125 0.75399709375 0.39516715156250004 0.7685319765624999 0.392896075 0.7376453484375001 0.38290334375 0.7394622078124999
1 0.4751090109375 0.8157703484375001 0.48146802343750006 0.8194040687499999 0.5064498546875 0.8212209312500001 0.525072675 0.8169815890625 0.5282521796874999 0.8097141484374999 0.5187136625 0.7879118203125001 0.527797965625 0.7776162796875 0.53915334375 0.7957848828125 0.5477834296874999 0.7994186046875 0.5600472390625 0.7757994187499999 0.564135175 0.75702519375 0.5650436046875 0.74612403125 0.5450581390625 0.7340116265625001 0.5291606109375 0.7340116265625001 0.515988371875 0.7376453484375001 0.5014534890625 0.75399709375 0.4782885171875 0.7630813953125 0.4642078484375 0.7745881796874999 0.466478925 0.7951792640625001 0.4751090109375 0.8157703484375001
1 0.5391905734375 0.79974954375 0.5268101093750001 0.776980875 0.5204064203125001 0.7860883421875 0.527663934375 0.8088570125000001 0.525102459375 0.8276411671874999 0.5208333328125 0.8492714015624999 0.5336407109375 0.84642531875 0.5438866124999999 0.8350409828125 0.561816940625 0.8492714015624999 0.58956625625 0.8595173046875001 0.608777321875 0.8635018203125 0.6245730875 0.8612249546875 0.6382342890625 0.8549635703125 0.643784153125 0.8259335140624999 0.6318306015624999 0.8065801453124999 0.62182049375 0.7963905046875001 0.6164617484375 0.7900728609375001 0.5955430328125 0.7883652109375 0.58273565625 0.783811475 0.564378415625 0.78779599375 0.5566939890625 0.8060109296875 0.5519979515625 0.81454918125 0.5391905734375 0.79974954375
1 0.5148565578125 0.92156193125 0.5161372953125001 0.9483151187500001 0.5344945359375 0.97336065625 0.5359375 0.9979166671874999 0.540625 0.9979166671874999 0.5447404375 0.9813296890625001 0.5549863390625001 0.9665300546875001 0.5596823765625001 0.9705145734375 0.5669398906249999 0.9739298734374999 0.58230874375 0.9574225875 0.5929815578125 0.95685336875 0.5942622953125001 0.9636839703125 0.5976775953125 0.9471766859375 0.602373634375 0.9306693984375001 0.608777321875 0.9158697625000001 0.6181693984375001 0.8805783249999999 0.6185963109375 0.8709016390625001 0.6104849734375 0.8709016390625001 0.5998121578125 0.8657786875 0.5955430328125 0.8657786875 0.58145491875 0.87317850625 0.5733435796874999 0.8919626609375 0.5648053281250001 0.8987932609374999 0.5566939890625 0.9135928953124999 0.5558401640625 0.9340847 0.5507172125 0.9471766859375 0.5366290984375001 0.9443306015624999 0.5148565578125 0.92156193125
1 0.393186475 0.9039162109375001 0.3850751359375 0.8999316937499999 0.367571721875 0.8395947171874999 0.3611680328125 0.8555327875 0.3641564203125 0.8919626609375 0.366290984375 0.9027777765625 0.3577527328125 0.9346539171874999 0.3577527328125 0.9517304187500001 0.367144809375 0.9494535515625 0.3795252734375 0.93237705 0.38891735 0.9318078328125001 0.3987363390625 0.9369307828125001 0.3893442625 0.9750683062500001 0.406847678125 0.9665300546875001 0.43075478125 0.9716530062500001 0.453381146875 0.97848360625 0.47045765 0.9870218578125 0.4964993171875 0.9750683062500001 0.50887978125 0.9682377046875 0.51229508125 0.9659608375 0.51186816875 0.9522996359375 0.50845286875 0.93237705 0.50418374375 0.92497723125 0.488387978125 0.8953779609374999 0.46832308749999996 0.8800091078125 0.44868510937500006 0.8800091078125 0.43075478125 0.8817167578125 0.41794740468749997 0.8737477234375 0.40514002656250003 0.8800091078125 0.3978825140625 0.8976548265625001 0.393186475 0.9039162109375001
1 0.640625 0.9979166671874999 0.648053278125 0.9824681234374999 0.66000683125 0.9659608375 0.6574453546875 0.9596994546875001 0.6501878421875 0.9471766859375 0.6335382515625 0.9409153 0.6211577875 0.9386384328125 0.606642759375 0.9488843359375 0.6002390703125 0.9648224046875 0.58828551875 0.9824681234374999 0.58358948125 0.9875910749999999 0.5875 0.9979166671874999 0.640625 0.9979166671874999
5 0.9392149390625001 0.3902439015625 0.9300685968750001 0.38109756093749997 0.92473323125 0.36686991875 0.9216844515625 0.3546747953125 0.9209222562500001 0.3333333328125 0.915586890625 0.3313008125 0.910251525 0.3323170734375 0.8995807921875001 0.3384146328125 0.891196646875 0.3465447140625 0.8736661578125 0.347560975 0.8660442078124999 0.337398375 0.8629954265625001 0.3445121953125 0.8629954265625001 0.3699187 0.8416539640625 0.36178861875 0.828696646875 0.342479675 0.8279344515625 0.3221544703125 0.816501525 0.30182926875 0.8065929875 0.2957317078125 0.7966844515625 0.2967479671875 0.785251525 0.30691056875 0.773818596875 0.3170731703125 0.7684832312500001 0.3262195125 0.76467225625 0.3333333328125 0.7639100609375 0.3587398375 0.734946646875 0.3353658546875 0.7357088421875 0.375 0.734946646875 0.35569105625 0.7273246953125 0.3485772359375 0.7090320125 0.3434959359375 0.7166539640625 0.3597560984375 0.7059832312500001 0.4014227640625 0.7014100609375 0.4085365859375 0.693788109375 0.412601625 0.6777820125 0.407520325 0.6693978656249999 0.4054878046875 0.66101371875 0.4065040640625 0.6541539640625 0.4085365859375 0.6419588421875 0.41565040625 0.641196646875 0.4278455296875 0.636623475 0.43191056874999995 0.6282393296875 0.4420731703125 0.6198551828125 0.4573170734375 0.6152820125 0.4695121953125 0.609946646875 0.48678861875 0.5992759140625 0.49288617968750004 0.597751525 0.49898373906250004 0.59470274375 0.5264227640625 0.5802210359375 0.5548780484375 0.5657393296875 0.5640243890625001 0.5535442078125 0.5701219515625 0.5497332312500001 0.5802845515625 0.5725990859375 0.5934959359375 0.5809832312500001 0.6046747953125 0.59470274375 0.6239837390625 0.5886051828125 0.6392276421875 0.5802210359375 0.6463414625 0.574123475 0.652439025 0.5611661578125 0.6554878046875 0.554306403125 0.6615853671874999 0.5611661578125 0.68191056875 0.574123475 0.7022357734375 0.5680259140625 0.7063008125 0.554306403125 0.7103658546875 0.5604039640625 0.7235772359375 0.5649771343750001 0.74186991875 0.561928353125 0.7510162609375 0.5581173781250001 0.7611788625 0.5611661578125 0.7865853671874999 0.5710746953125 0.7865853671874999 0.5908917687499999 0.7845528453124999 0.6114710359375 0.7835365859375 0.631288109375 0.8048780484375 0.6389100609375 0.82317073125 0.6335746953125 0.8597560984375001 0.6206173781250001 0.8678861796874999 0.6152820125 0.8810975609374999 0.6061356703125 0.9156504062499999 0.60461128125 0.9339430890625 0.6465320125 0.9461382109375001 0.6587271343750001 0.9654471546875 0.6434832312500001 0.9969512187499999 0.9984375 0.99375 0.9984375 0.86875 0.9984375 0.4458333328125 0.9979039640625 0.375 0.9940929875 0.3729674796875 0.9697027437499999 0.3953252046875 0.9392149390625001 0.3902439015625