1 0.068028846875 0.1955128203125 0.0800480765625 0.21474358906250002 0.08245192343749999 0.23611111093749998 0.07764423125 0.25534188125 0.055208332812500004 0.2735042734375 0.096875 0.26816239375 0.122516025 0.25320512968750003 0.1425480765625 0.25 0.1321314109375 0.2606837609375 0.1153044875 0.27991452968749997 0.1297275640625 0.29273504375 0.17860576875 0.3087606828125 0.221875 0.30982906093749996 0.256330128125 0.3012820515625 0.237900640625 0.32905982968749997 0.253125 0.33226495625 0.2923878203125 0.3012820515625 0.313221153125 0.2873931625 0.33325320468749997 0.2617521375 0.349278846875 0.25534188125 0.35328525625 0.2371794875 0.34046474375 0.21794871875 0.3204326921875 0.18055555625 0.284375 0.1485042734375 0.24110576875 0.1410256421875 0.2146634609375 0.14316239375 0.1673878203125 0.150641025 0.12892628281250001 0.16559828906250001 0.11610576875 0.1730769234375 0.1385416671875 0.20512820468749998 0.1153044875 0.1976495734375 0.0952724359375 0.1869658125 0.0704326921875 0.1826923078125 0.0455929484375 0.1880341875 0.068028846875 0.1955128203125
1 0.40056089687499996 0.0854700859375 0.3861378203125 0.08119658125 0.37251602500000003 0.08226495625 0.355689103125 0.09401709375 0.346875 0.11431623906249999 0.368509615625 0.1356837609375 0.3925480765625 0.13675213749999998 0.4085737171875 0.1335470078125 0.41899038437499997 0.1239316234375 0.4334134609375 0.13141025625 0.43581730781249994 0.0950854703125 0.414983975 0.099358975 0.40056089687499996 0.0854700859375
1 0.975080128125 0.0630341875 0.9782852562500001 0.055555556250000006 0.9895032046875001 0.052350426562499996 0.9919070515625 0.029914529687500004 0.9782852562500001 0.034188032812500005 0.9678685890625 0.029914529687500004 0.9574519234375 0.025641025 0.9414262828125001 0.022435898437499997 0.9278044875000001 0.027777776562500002 0.9101762828125001 0.035256410937499996 0.8925480765625 0.044871795312500004 0.8965544875000001 0.057692307812499996 0.911778846875 0.0651709390625 0.9278044875000001 0.0705128203125 0.943028846875 0.0705128203125 0.95985576875 0.06837606874999999 0.975080128125 0.0630341875
1 0.568028846875 0.1965811953125 0.5976762828125 0.1880341875 0.6209134609375 0.1773504265625 0.6289262828125 0.16773504374999998 0.6289262828125 0.1549145296875 0.602483975 0.13888888906250002 0.574439103125 0.14316239375 0.5423878203125 0.15811965781249998 0.5183493593749999 0.1848290609375 0.4895032046875 0.18162393125 0.5071314109375 0.20405982968749997 0.5135416671875 0.23183760625 0.5239583328124999 0.20192307656250003 0.5359775640625 0.19871794843749999 0.568028846875 0.1965811953125
1 0.443028846875 0.2660256421875 0.4582532046875 0.24465811875000001 0.4646634609375 0.2211538453125 0.443028846875 0.2126068375 0.412580128125 0.22222222343750003 0.39575320468749997 0.2371794875 0.3789262828125 0.26495726406250003 0.37171474375 0.27457265 0.35328525625 0.2895299140625 0.36610576875 0.3173076921875 0.3885416671875 0.2948717953125 0.4053685890625 0.2991453 0.418189103125 0.27991452968749997 0.443028846875 0.2660256421875
1 0.0768429484375 0.4626068375 0.081650640625 0.4594017109375 0.088060896875 0.4647435890625 0.0888621796875 0.43589743593749997 0.0888621796875 0.4038461546875 0.07924679531249999 0.425213675 0.0640224359375 0.425213675 0.0528044875 0.43589743593749997 0.042387820312500005 0.4508547 0.0383814109375 0.47542735 0.0455929484375 0.49786324843749996 0.055208332812500004 0.5010683765625 0.06482371718749999 0.49465811875 0.07924679531249999 0.49465811875 0.0760416671875 0.4797008546875 0.0768429484375 0.4626068375
1 0.043990384375000004 0.39423076875 0.031169871874999998 0.4091880328125 0.022355768749999998 0.400641025 0.0143429484375 0.4027777765625 0.0023237171875000002 0.4241453 0.003125 0.44551282031249995 0.0159455125 0.4487179484375 0.036778846875 0.4369658125 0.0455929484375 0.43482906093749996 0.043189103125 0.41773504375000003 0.043990384375000004 0.39423076875
1 0.080849359375 0.3878205125 0.094471153125 0.3664529921875 0.1177083328125 0.3514957265625 0.11610576875 0.3333333328125 0.0920673078125 0.3226495734375 0.07283653906250001 0.3301282046875 0.05921474375 0.34401709375 0.04639423125 0.3536324796875 0.0327724359375 0.349358975 0.0391826921875 0.3835470078125 0.0447916671875 0.3888888890625 0.049599359375 0.38034188125 0.062419871875 0.38034188125 0.080849359375 0.3878205125
1 0.18421474375 0.5363247859375 0.2074519234375 0.5235042734375 0.2138621796875 0.5096153859375 0.20504807656250001 0.49465811875 0.193028846875 0.48183760624999994 0.161778846875 0.4797008546875 0.1409455125 0.4861111109375 0.1273237171875 0.5042735046875 0.112099359375 0.5224358984374999 0.11129807656249999 0.5405982890625001 0.13293269218749998 0.5384615375 0.153766025 0.5405982890625001 0.1673878203125 0.5448717953125 0.18421474375 0.5363247859375
1 0.253125 0.46794871875000005 0.2947916671875 0.4764957265625 0.315625 0.4636752140625 0.33084935937500004 0.45299145156250004 0.3228365390625 0.41987179531249996 0.30360576875 0.39957265 0.284375 0.4027777765625 0.26995192343749996 0.4113247859375 0.256330128125 0.42948717968750005 0.2451121796875 0.43162393125 0.23068910312500002 0.43162393125 0.212259615625 0.4123931625 0.21947115312499998 0.44123931718750004 0.2034455125 0.46794871875000005 0.22828525625 0.4540598296875 0.2346955125 0.4700854703125 0.253125 0.46794871875000005
1 0.5263621796875 0.36858974375 0.5271634609375 0.3579059828125 0.5207532046875001 0.3408119671875 0.5103365390625 0.3333333328125 0.5047275640625 0.3301282046875 0.493509615625 0.32905982968749997 0.4798878203125 0.33119658125 0.4710737171875 0.349358975 0.45745192343749996 0.36004273593749997 0.45985576874999995 0.37179487031249997 0.4702724359375 0.3846153859375 0.475080128125 0.39423076875 0.49511217968750004 0.38995726406250003 0.5135416671875 0.3846153859375 0.5263621796875 0.36858974375
1 0.440625 0.4166666671875 0.4550480765625 0.4113247859375 0.4734775640625 0.3963675203125 0.46626602500000003 0.3867521375 0.45745192343749996 0.3664529921875 0.4478365390625 0.35576923125 0.4334134609375 0.35042735 0.41578525624999996 0.3514957265625 0.39895833281250004 0.3632478625 0.38774038437499997 0.3675213671875 0.386939103125 0.37820512968750003 0.381330128125 0.3824786328125 0.3548878203125 0.3653846140625 0.368509615625 0.4113247859375 0.36690705156250003 0.44230769218750005 0.383733975 0.41880341874999993 0.38774038437499997 0.4209401703125 0.41899038437499997 0.4209401703125 0.440625 0.4166666671875
1 0.44543269218750003 0.49572649531249996 0.4582532046875 0.49145299218750005 0.46626602500000003 0.4797008546875 0.46626602500000003 0.4711538453125 0.45985576874999995 0.44658119531249996 0.4486378203125 0.4369658125 0.4366185890625 0.4262820515625 0.4237980765625 0.4241453 0.411778846875 0.42948717968750005 0.3965544875 0.4273504265625 0.399759615625 0.44551282031249995 0.3893429484375 0.4540598296875 0.375721153125 0.43162393125 0.381330128125 0.46901709374999995 0.375721153125 0.4882478625 0.3885416671875 0.48076923125000004 0.40136217968750004 0.48504273593749997 0.4173878203125 0.49252136718750006 0.44543269218750003 0.49572649531249996
1 0.5327724359375 0.5972222234375 0.556810896875 0.5918803421875001 0.5736378203125 0.5972222234375 0.58485576875 0.6100427359375 0.5960737171875 0.60042735 0.5864583328124999 0.574786325 0.594471153125 0.5395299140625001 0.568830128125 0.56837606875 0.543189103125 0.5641025640625 0.539983975 0.5459401703125 0.5215544875 0.5544871796875 0.5111378203125 0.5534188046875 0.49190705156250003 0.5630341875 0.4798878203125 0.574786325 0.471875 0.58226495625 0.46626602500000003 0.6014957265625 0.46706730781249994 0.61965811875 0.48790064062500005 0.6260683765625 0.511939103125 0.6228632484375 0.52235576875 0.6089743578125 0.5327724359375 0.5972222234375
1 0.560016025 0.3258547 0.5760416671875 0.32158119531249996 0.5856570515625 0.33119658125 0.602483975 0.3258547 0.6153044875 0.3279914515625 0.633733975 0.33119658125 0.637740384375 0.3205128203125 0.631330128125 0.30982906093749996 0.62171474375 0.29059828906249996 0.596875 0.275641025 0.581650640625 0.2724358984375 0.5640224359375 0.27777777656249997 0.5512019234375 0.2863247859375 0.5239583328124999 0.2670940171875 0.531971153125 0.2970085484375 0.5231570515625 0.3087606828125 0.5335737171875 0.32158119531249996 0.5383814109375 0.30982906093749996 0.5560096156250001 0.3087606828125 0.560016025 0.3258547
1 0.7579326921875 0.23076923124999998 0.781169871875 0.22222222343750003 0.7995993593749999 0.2158119671875 0.8116185890625 0.20619658125 0.8044070515625 0.18589743593750002 0.7803685890625001 0.1741453 0.7571314109375 0.1741453 0.7387019234375 0.1880341875 0.7178685890625001 0.20405982968749997 0.6954326921875 0.2104700859375 0.6729967953125 0.2008547 0.688221153125 0.22222222343750003 0.6914262828125 0.24679487031249997 0.7010416671875 0.22970085468749998 0.71546474375 0.224358975 0.7579326921875 0.23076923124999998
1 0.8428685890625 0.425213675 0.8588942312500001 0.41987179531249996 0.8588942312500001 0.4017094015625 0.8629006406249999 0.3835470078125 0.8548878203125 0.37393162343749997 0.8420673078125 0.3611111109375 0.8292467953125 0.3611111109375 0.810016025 0.3547008546875 0.7971955125 0.3643162390625 0.786778846875 0.37606837656250003 0.8052083328125 0.39423076875 0.8140224359375001 0.4049145296875 0.8236378203125 0.41346153750000003 0.8428685890625 0.425213675
1 0.5840544875 0.49252136718750006 0.6040865390625 0.49786324843749996 0.6177083328124999 0.5 0.622516025 0.49679487031249997 0.61610576875 0.48504273593749997 0.6096955125 0.4647435890625 0.602483975 0.44551282031249995 0.5784455125 0.43589743593749997 0.562419871875 0.4273504265625 0.5463942312500001 0.42948717968750005 0.5215544875 0.3888888890625 0.519150640625 0.43482906093749996 0.5047275640625 0.4508547 0.5351762828125 0.4508547 0.5487980765625 0.46794871875000005 0.565625 0.48290598281249997 0.5840544875 0.49252136718750006
1 0.44463141093749997 0.51923076875 0.43181089687499996 0.5138888890625 0.414983975 0.5064102562499999 0.40136217968750004 0.52457265 0.39815705156250003 0.5459401703125 0.4173878203125 0.5576923078125 0.4366185890625 0.5630341875 0.4518429484375 0.5544871796875 0.45264423125000003 0.5352564109375 0.44463141093749997 0.51923076875
1 0.2387019234375 0.5619658125 0.237099359375 0.5459401703125 0.22588141093749997 0.5331196578124999 0.2106570515625 0.525641025 0.199439103125 0.5299145296875001 0.190625 0.5384615375 0.1890224359375 0.5523504265625 0.2042467953125 0.5641025640625 0.21546474375 0.5705128203125 0.22988782031250002 0.5705128203125 0.2387019234375 0.5619658125
1 0.2763621796875 0.5235042734375 0.274759615625 0.5170940171875 0.27075320468749997 0.5 0.2579326921875 0.49358974375000003 0.243509615625 0.5 0.2395032046875 0.50534188125 0.2330929484375 0.5160256421875 0.21947115312499998 0.50534188125 0.22828525625 0.5331196578124999 0.244310896875 0.5405982890625001 0.255528846875 0.5438034187499999 0.261939103125 0.5448717953125 0.269150640625 0.5331196578124999 0.2763621796875 0.5235042734375
1 0.61610576875 0.6730769234375 0.6112980765625 0.6217948703125 0.611832265625 0.5968660953125 0.606490384375 0.5918803421875001 0.6120993593749999 0.5844017109374999 0.58485576875 0.6143162390625 0.575240384375 0.6164529921875 0.565625 0.5982905984375 0.55921474375 0.599358975 0.5479967953125 0.5982905984375 0.5395833328124999 0.5794871796875001 0.5335737171875 0.599358975 0.5215544875 0.6111111109375 0.5175480765625 0.6228632484375 0.5175480765625 0.6378205125 0.5151442312500001 0.6538461546875001 0.5263621796875 0.6634615375 0.5471955125 0.6666666671875 0.55921474375 0.6645299140625001 0.5896634609375 0.6549145296875001 0.61610576875 0.6730769234375
1 0.637740384375 0.4380341875 0.631330128125 0.4091880328125 0.60328525625 0.38141025625 0.593669871875 0.400641025 0.5906650640625 0.41057692343749996 0.591266025 0.4166666671875 0.58766025625 0.4205128203125 0.5426486421875001 0.569351221875 0.5636217953125 0.5 0.600614315625 0.44301994375 0.612900640625 0.45726495624999997 0.6209134609375 0.4722222234375 0.6289262828125 0.474358975 0.6401442312500001 0.4668803421875 0.637740384375 0.4380341875
1 0.630528846875 0.4081196578125 0.6393429484375 0.4230769234375 0.6489583328124999 0.43162393125 0.6577724359375 0.4262820515625 0.6601762828125 0.4038461546875 0.644150640625 0.3888888890625 0.6297275640625 0.3792735046875 0.6112980765625 0.36965811875 0.5976762828125 0.3664529921875 0.5864583328124999 0.37393162343749997 0.5768429484375 0.37713675156250004 0.55360576875 0.349358975 0.556810896875 0.3846153859375 0.5447916671875 0.4017094015625 0.5696314109375 0.3920940171875 0.5824519234375 0.3963675203125 0.5888621796875 0.3963675203125 0.5960737171875 0.3878205125 0.6040865390625 0.3792735046875 0.6120993593749999 0.3867521375 0.6201121796875 0.39316239375 0.630528846875 0.4081196578125
1 0.7122596156250001 0.44230769218750005 0.6986378203125 0.4262820515625 0.685016025 0.41773504375000003 0.6697916671875 0.41773504375000003 0.6673878203125 0.43482906093749996 0.6705929484375 0.4540598296875 0.67860576875 0.4722222234375 0.69703525625 0.4797008546875 0.716266025 0.4764957265625 0.718669871875 0.4604700859375 0.7122596156250001 0.44230769218750005
1 0.650560896875 0.5416666671875 0.675400640625 0.5534188046875 0.693028846875 0.5544871796875 0.70985576875 0.5448717953125 0.7114583328124999 0.53098290625 0.706650640625 0.5181623937500001 0.688221153125 0.5010683765625 0.6705929484375 0.49252136718750006 0.644150640625 0.48290598281249997 0.6417467953125 0.49893162343749997 0.6321314109375 0.49465811875 0.624919871875 0.49145299218750005 0.6209134609375 0.5021367515625 0.62171474375 0.5181623937500001 0.628125 0.5288461546875001 0.650560896875 0.5416666671875
1 0.8020032046875001 0.4519230765625 0.7979967953125 0.43589743593749997 0.789983975 0.4230769234375 0.7739583328124999 0.4230769234375 0.7659455125 0.41880341874999993 0.7651442312500001 0.43162393125 0.75953525625 0.44123931718750004 0.7707532046875001 0.4476495734375 0.775560896875 0.4647435890625 0.7883814109375 0.4764957265625 0.8004006406249999 0.4711538453125 0.8020032046875001 0.4519230765625
1 0.9278044875000001 0.1089743578125 0.9390224359375001 0.0961538453125 0.931009615625 0.08333333281250001 0.918990384375 0.0790598296875 0.9085737171874999 0.08333333281250001 0.8981570515625 0.0865384625 0.8901442312500001 0.09401709375 0.8861378203125 0.1025641015625 0.880528846875 0.1111111109375 0.844471153125 0.1153846140625 0.8629006406249999 0.1292735046875 0.8677083328125 0.1463675203125 0.8741185890625 0.12713675156249998 0.8829326921874999 0.1228632484375 0.8965544875000001 0.11965811875000001 0.9109775640625 0.1164529921875 0.9278044875000001 0.1089743578125
1 0.4798878203125 0.5459401703125 0.475080128125 0.53205128125 0.475080128125 0.5181623937500001 0.46626602500000003 0.5128205125 0.455849359375 0.51923076875 0.4534455125 0.53098290625 0.4534455125 0.5438034187499999 0.4590544875 0.5523504265625 0.46546474375 0.5651709390625 0.47588141093749997 0.5608974359375 0.4798878203125 0.5459401703125
5 0 0.9958333328125001 0.5608173078124999 0.9978632484375 0.562419871875 0.9967948703125 0.568028846875 0.9636752140624999 0.5776442312500001 0.9433760687499999 0.593669871875 0.9166666671874999 0.6169070515625 0.9155982890625 0.6353365390625 0.9091880328125 0.6513621796875 0.8782051296875 0.6609775640625 0.8344017109375 0.6737980765625 0.8141025640624999 0.6826121796875 0.7884615375 0.6866185890625001 0.7532051296875 0.6834134609375 0.7264957265625 0.6745993593749999 0.7019230765625 0.6641826921875 0.6773504265625 0.659375 0.6634615375 0.6425480765625 0.6613247859375 0.63453525625 0.6720085484375 0.62171474375 0.6837606828125 0.6185096156250001 0.7040598296875 0.61610576875 0.7115384625 0.602483975 0.7136752140625 0.5952724359375 0.7051282046875 0.5800480765625 0.699786325 0.5664262828125 0.6976495734375 0.5463942312500001 0.69337606875 0.534375 0.6987179484375 0.52796474375 0.7051282046875 0.519150640625 0.6976495734375 0.5167467953125 0.68162393125 0.5103365390625 0.6452991453125 0.500721153125 0.6324786328124999 0.4903044875 0.6346153859375 0.4846955125 0.6388888890625 0.4710737171875 0.6378205125 0.46626602500000003 0.6228632484375 0.46386217968750004 0.6111111109375 0.45985576874999995 0.59401709375 0.443830128125 0.5833333328125 0.43581730781249994 0.5715811953125 0.42139423125000003 0.5598290609375 0.40136217968750004 0.5512820515625 0.3965544875 0.5395299140625001 0.40296474375 0.5202991453125 0.4077724359375 0.5117521375 0.40056089687499996 0.5064102562499999 0.3917467953125 0.49145299218750005 0.38213141093749997 0.49145299218750005 0.37171474375 0.4861111109375 0.36450320468749997 0.48183760624999994 0.35649038437499997 0.48183760624999994 0.3428685890625 0.4839743578125 0.33485576875 0.49145299218750005 0.3236378203125 0.4893162390625 0.3108173078125 0.4861111109375 0.2987980765625 0.49358974375000003 0.2955929484375 0.5160256421875 0.28116987187500003 0.5224358984374999 0.26995192343749996 0.5363247859375 0.26274038437499997 0.5544871796875 0.256330128125 0.5651709390625 0.256330128125 0.5801282046875 0.2539262828125 0.5886752140625 0.24671474375 0.6025641015625001 0.24110576875 0.59294871875 0.22267628281250001 0.5779914515625 0.212259615625 0.5737179484375 0.19703525625 0.5608974359375 0.175400640625 0.550213675 0.1633814109375 0.5470085484375 0.14735576875 0.54273504375 0.12892628281250001 0.54273504375 0.1177083328125 0.5459401703125 0.10889423125 0.5448717953125 0.0976762828125 0.53098290625 0.07844551250000001 0.5213675203125 0.071233975 0.5416666671875 0.063221153125 0.5587606828125 0.063221153125 0.5790598296875 0.053605768750000005 0.5865384625 0.0415865390625 0.599358975 0.0303685890625 0.6207264953125 0.024759615625000002 0.6452991453125 0.0239583328125 0.6709401703125 0.022355768749999998 0.6955128203125 0.02796474375 0.7211538453124999 0.0271634609375 0.7425213671875001 0.0231570515625 0.7617521375 0.02796474375 0.7916666671875 0.036778846875 0.8141025640624999 0.0231570515625 0.8098290609375001 0.0135416671875 0.8066239312500001 0.007131410937500001 0.8151709390624999 0 0.825 0 0.9958333328125001
1 0.7082532046875001 0.5705128203125 0.696233975 0.5705128203125 0.6898237171875 0.5790598296875 0.6890224359375 0.6036324796875 0.6898237171875 0.6217948703125 0.69703525625 0.6431623937500001 0.7082532046875001 0.64957265 0.713060896875 0.6228632484375 0.7122596156250001 0.60042735 0.7138621796875 0.58226495625 0.7082532046875001 0.5705128203125
1 0.7138621796875 0.60042735 0.7146634609375 0.63034188125 0.7290865390625 0.6634615375 0.7419070515625 0.68162393125 0.7659455125 0.6923076921875 0.7667467953125 0.6623931625 0.7635416671875 0.6452991453125 0.7387019234375 0.6132478625 0.725080128125 0.6047008546875 0.7138621796875 0.60042735