1 0.5415865390625 0.699786325 0.543990384375 0.6730769234375 0.5391826921875 0.6420940171875 0.5303685890625001 0.6260683765625 0.5263621796875 0.6655982890625001 0.508733975 0.65598290625 0.500721153125 0.6741453 0.500721153125 0.6944444437499999 0.5071314109375 0.7115384625 0.5247596156250001 0.72542735 0.5391826921875 0.7318376062499999 0.5423878203125 0.7211538453124999 0.5415865390625 0.699786325
1 0.6697916671875 0.49786324843749996 0.659375 0.49786324843749996 0.6585737171875 0.5106837609375 0.668990384375 0.5267094015625 0.681810896875 0.5363247859375 0.693830128125 0.52457265 0.6890224359375 0.5149572640625 0.681810896875 0.5074786328124999 0.6697916671875 0.49786324843749996
1 0.22347756406250002 0.35683760625 0.213060896875 0.3579059828125 0.2034455125 0.3653846140625 0.193028846875 0.375 0.187419871875 0.3856837609375 0.1890224359375 0.3952991453125 0.2090544875 0.3963675203125 0.22427884687500002 0.38995726406250003 0.23149038437499997 0.3835470078125 0.2330929484375 0.3675213671875 0.22347756406250002 0.35683760625
1 0.1353365390625 0.4145299140625 0.12171474374999999 0.4049145296875 0.10969551250000001 0.40705128124999995 0.099278846875 0.4102564109375 0.093669871875 0.41987179531249996 0.09286858906249999 0.43589743593749997 0.11129807656249999 0.4380341875 0.1273237171875 0.44017093906250004 0.1353365390625 0.4369658125 0.14014423125 0.4273504265625 0.1353365390625 0.4145299140625
1 0.7539262828125 0.150641025 0.7459134609375 0.1623931625 0.7459134609375 0.18055555625 0.7603365390625 0.1869658125 0.7683493593749999 0.1794871796875 0.7731570515625 0.16773504374999998 0.77235576875 0.1549145296875 0.7635416671875 0.1485042734375 0.7539262828125 0.150641025
1 0.508733975 0.1901709390625 0.5015224359375 0.1976495734375 0.4991185890625 0.20833333281250002 0.505528846875 0.21474358906250002 0.5175480765625 0.2094017109375 0.52796474375 0.2008547 0.531971153125 0.1848290609375 0.52235576875 0.1826923078125 0.508733975 0.1901709390625
1 0.053605768750000005 0.3653846140625 0.0455929484375 0.3589743578125 0.033573717187500005 0.3632478625 0.0271634609375 0.36965811875 0.024759615625000002 0.3846153859375 0.034375 0.4017094015625 0.0455929484375 0.4091880328125 0.0576121796875 0.40705128124999995 0.062419871875 0.3920940171875 0.0576121796875 0.37606837656250003 0.053605768750000005 0.3653846140625
1 0.11129807656249999 0.45299145156250004 0.0976762828125 0.4604700859375 0.0976762828125 0.4764957265625 0.10328525625 0.49145299218750005 0.1104967953125 0.5021367515625 0.12331730781250001 0.5010683765625 0.128125 0.49358974375000003 0.125721153125 0.474358975 0.1169070515625 0.45726495624999997 0.11129807656249999 0.45299145156250004
1 0.1409455125 0.5438034187499999 0.13293269218749998 0.5470085484375 0.12411858906249999 0.5534188046875 0.1273237171875 0.5651709390625 0.1353365390625 0.5737179484375 0.1465544875 0.5779914515625 0.153766025 0.574786325 0.1553685890625 0.5587606828125 0.15056089687500002 0.5512820515625 0.1409455125 0.5438034187499999
0 0.4486378203125 0.6527777765625 0.4398237171875 0.6388888890625 0.41418269218750003 0.6260683765625 0.394150640625 0.6388888890625 0.38774038437499997 0.6538461546875001 0.3741185890625 0.6741453 0.378125 0.69337606875 0.3789262828125 0.7061965812500001 0.394150640625 0.7083333328125 0.418189103125 0.7061965812500001 0.4302083328125 0.7136752140625 0.4366185890625 0.7126068375 0.45104166718750005 0.6976495734375 0.45424679531249995 0.6784188046875 0.4486378203125 0.6527777765625
3 0.07764423125 0.699786325 0.09286858906249999 0.71794871875 0.1169070515625 0.7435897437500001 0.1137019234375 0.7724358984374999 0.124919871875 0.8034188046875 0.14495192343750002 0.8205128203125 0.168990384375 0.8301282046875 0.1834134609375 0.84294871875 0.20264423125 0.85576923125 0.22347756406250002 0.85576923125 0.250721153125 0.8482905984375 0.27235576875 0.8408119671875 0.2851762828125 0.8151709390624999 0.2891826921875 0.7905982890625001 0.29078525625 0.77457265 0.2987980765625 0.7532051296875 0.30520833281250004 0.7200854703124999 0.306009615625 0.6923076921875 0.2987980765625 0.6645299140625001 0.29078525625 0.6527777765625 0.29078525625 0.6335470078125 0.284375 0.61965811875 0.27235576875 0.6132478625 0.26274038437499997 0.60042735 0.2419070515625 0.59401709375 0.2290865390625 0.5972222234375 0.2210737171875 0.5844017109374999 0.20264423125 0.5758547 0.185016025 0.5801282046875 0.168990384375 0.5833333328125 0.1577724359375 0.5844017109374999 0.13293269218749998 0.5844017109374999 0.1177083328125 0.5726495734375 0.0976762828125 0.5801282046875 0.0856570515625 0.6036324796875 0.075240384375 0.6153846140625 0.0736378203125 0.6431623937500001 0.0704326921875 0.675213675 0.07764423125 0.699786325
3 0.368509615625 0.6891025640625 0.3653044875 0.6730769234375 0.36450320468749997 0.6613247859375 0.3572916671875 0.6474358984374999 0.3476762828125 0.6399572640625 0.31963141093749997 0.63034188125 0.30440705156250003 0.63034188125 0.3028044875 0.6410256421875 0.3028044875 0.6581196578124999 0.306009615625 0.6848290609375 0.31241987187500003 0.6955128203125 0.3204326921875 0.699786325 0.34046474375 0.7094017109374999 0.3516826921875 0.7126068375 0.3612980765625 0.7008547 0.368509615625 0.6891025640625
3 0.630528846875 0.8653846140624999 0.6393429484375 0.8835470078125001 0.6425480765625 0.9134615374999999 0.6361378203125 0.9326923078125 0.6457532046875001 0.949786325 0.66578525625 0.9626068374999999 0.6713942312500001 0.9764957265625 0.6826121796875 0.9871794875000001 0.7010416671875 0.9925213671875 0.7210737171875 0.99358974375 0.719471153125 0.9732905984375 0.7170673078124999 0.9380341874999999 0.7290865390625 0.9102564109375001 0.7322916671875 0.875 0.7290865390625 0.8365384625000001 0.7226762828125 0.8108974359375001 0.721875 0.7895299140625001 0.706650640625 0.7617521375 0.685016025 0.7382478625 0.668990384375 0.71901709375 0.6401442312500001 0.7104700859374999 0.6153044875 0.7158119671875001 0.588060896875 0.7222222234375 0.581650640625 0.7318376062499999 0.57203525625 0.7542735046875 0.568830128125 0.7788461546875001 0.5391826921875 0.7873931625 0.54078525625 0.8087606828125 0.5520032046875001 0.8365384625000001 0.5704326921875 0.8600427359375 0.5872596156250001 0.8547008546875 0.6048878203125 0.8514957265625 0.630528846875 0.8653846140624999