1 0.3709134609375 0.2264957265625 0.3765224359375 0.2371794875 0.378125 0.2211538453125 0.39334935937500004 0.21901709375 0.4077724359375 0.2158119671875 0.414983975 0.2168803421875 0.42299679531249995 0.20192307656250003 0.41899038437499997 0.175213675 0.412580128125 0.1645299140625 0.3925480765625 0.1474358984375 0.3861378203125 0.150641025 0.3773237171875 0.15705128125 0.375721153125 0.1720085484375 0.36610576875 0.16559828906250001 0.3612980765625 0.1474358984375 0.3596955125 0.16559828906250001 0.3612980765625 0.1826923078125 0.3612980765625 0.19871794843749999 0.3604967953125 0.2104700859375 0.3709134609375 0.2264957265625
1 0.3228365390625 0.29059828906249996 0.32764423125 0.29594017031250003 0.33485576875 0.28205128125 0.33806089687499996 0.2873931625 0.3476762828125 0.29059828906249996 0.35649038437499997 0.28846153750000003 0.3701121796875 0.27777777656249997 0.3829326921875 0.26495726406250003 0.378125 0.25213675156250004 0.3741185890625 0.23824786250000002 0.36770833281250004 0.2275641015625 0.35649038437499997 0.2232905984375 0.3476762828125 0.2275641015625 0.3420673078125 0.23611111093749998 0.33325320468749997 0.22222222343750003 0.33485576875 0.2414529921875 0.3292467953125 0.25320512968750003 0.315625 0.24572649531250002 0.315625 0.25534188125 0.318028846875 0.2713675203125 0.3228365390625 0.29059828906249996
1 0.321233975 0.3173076921875 0.33245192343749996 0.3076923078125 0.337259615625 0.2970085484375 0.33325320468749997 0.2895299140625 0.32764423125 0.2916666671875 0.32203525625 0.2895299140625 0.321233975 0.28098290625 0.313221153125 0.2724358984375 0.30520833281250004 0.27991452968749997 0.2955929484375 0.2948717953125 0.28838141093749997 0.30662393125 0.2827724359375 0.30341880468750004 0.2859775640625 0.3226495734375 0.29399038437499997 0.3237179484375 0.3084134609375 0.3237179484375 0.321233975 0.3173076921875
1 0.28838141093749997 0.35683760625 0.2947916671875 0.36965811875 0.29959935937500004 0.35683760625 0.2987980765625 0.33653846249999997 0.2987980765625 0.3301282046875 0.28838141093749997 0.3269230765625 0.2851762828125 0.3226495734375 0.281971153125 0.3076923078125 0.2675480765625 0.29594017031250003 0.258733975 0.2895299140625 0.2515224359375 0.3023504265625 0.2491185890625 0.31410256406250003 0.253125 0.3333333328125 0.2643429484375 0.3408119671875 0.27395833281250004 0.3525641015625 0.2803685890625 0.3536324796875 0.28838141093749997 0.35683760625
1 0.352483975 0.525641025 0.3396634609375 0.48504273593749997 0.3484775640625 0.449786325 0.33806089687499996 0.4519230765625 0.33565705156250003 0.43055555625 0.3284455125 0.4155982890625 0.3172275640625 0.40598290625000005 0.3084134609375 0.4049145296875 0.29959935937500004 0.4102564109375 0.29639423125 0.4230769234375 0.2987980765625 0.44123931718750004 0.3028044875 0.46153846249999997 0.3204326921875 0.4871794875 0.331650640625 0.49358974375000003 0.3484775640625 0.5363247859375 0.352483975 0.525641025
1 0.4053685890625 0.33119658125 0.40136217968750004 0.31089743593749997 0.39815705156250003 0.2991453 0.3893429484375 0.29273504375 0.3853365390625 0.3023504265625 0.3741185890625 0.2916666671875 0.3789262828125 0.3173076921875 0.3733173078125 0.3333333328125 0.3861378203125 0.33440171093750004 0.3885416671875 0.3397435890625 0.40296474375 0.34294871875 0.4053685890625 0.33119658125
1 0.3909455125 0.41880341874999993 0.39735576875 0.4273504265625 0.409375 0.42200854843749996 0.418189103125 0.4081196578125 0.418189103125 0.3888888890625 0.4173878203125 0.3707264953125 0.40456730781249994 0.3632478625 0.40056089687499996 0.3707264953125 0.3965544875 0.3835470078125 0.39334935937500004 0.3974358984375 0.3765224359375 0.3878205125 0.3797275640625 0.4091880328125 0.3853365390625 0.44658119531249996 0.3917467953125 0.4241453 0.3909455125 0.41880341874999993
1 0.46386217968750004 0.4700854703125 0.475080128125 0.4711538453125 0.48389423125000003 0.48290598281249997 0.49671474375 0.5032051296875 0.48870192343749996 0.4604700859375 0.5023237171875 0.44017093906250004 0.480689103125 0.4540598296875 0.4734775640625 0.4369658125 0.462259615625 0.4145299140625 0.443830128125 0.3888888890625 0.431009615625 0.3878205125 0.41979166718750005 0.39316239375 0.41899038437499997 0.4091880328125 0.414983975 0.41987179531249996 0.4205929484375 0.43376068281249996 0.42940705156250003 0.45299145156250004 0.44703525624999996 0.4636752140625 0.46386217968750004 0.4700854703125
1 0.49831730781249994 0.39423076875 0.48790064062500005 0.3888888890625 0.47828525624999996 0.3974358984375 0.4646634609375 0.4091880328125 0.47267628281249996 0.43269230781249995 0.4790865390625 0.44658119531249996 0.4895032046875 0.44551282031249995 0.499919871875 0.43055555625 0.511939103125 0.41987179531249996 0.5111378203125 0.4049145296875 0.49831730781249994 0.39423076875
1 0.4991185890625 0.6175213671875001 0.5047275640625 0.5918803421875001 0.5015224359375 0.574786325 0.5015224359375 0.5576923078125 0.506330128125 0.5267094015625 0.49671474375 0.5096153859375 0.49110576874999995 0.49786324843749996 0.48149038437499997 0.4882478625 0.475080128125 0.49358974375000003 0.46706730781249994 0.5010683765625 0.462259615625 0.5085470078125 0.47267628281249996 0.5202991453125 0.4862980765625 0.5373931625 0.48790064062500005 0.5555555562500001 0.49190705156250003 0.5779914515625 0.4991185890625 0.6175213671875001
1 0.574439103125 0.51923076875 0.5792467953125 0.5064102562499999 0.5728365390625 0.49358974375000003 0.563221153125 0.4786324796875 0.5552083328124999 0.4508547 0.543990384375 0.4476495734375 0.531971153125 0.45726495624999997 0.5263621796875 0.46901709374999995 0.5263621796875 0.49145299218750005 0.5351762828125 0.5117521375 0.5495993593749999 0.51923076875 0.5608173078124999 0.51923076875 0.5824519234375 0.5651709390625 0.58485576875 0.5405982890625001 0.574439103125 0.51923076875
1 0.6096955125 0.5299145296875001 0.6104967953125 0.5373931625 0.6145032046875001 0.5416666671875 0.625721153125 0.5299145296875001 0.6361378203125 0.5235042734375 0.6497596156250001 0.5202991453125 0.6633814109375 0.5032051296875 0.6713942312500001 0.49145299218750005 0.6633814109375 0.48183760624999994 0.6465544875 0.4722222234375 0.630528846875 0.4722222234375 0.6185096156250001 0.4797008546875 0.6137019234375 0.49252136718750006 0.6096955125 0.5064102562499999 0.6008814109375 0.5074786328124999 0.591266025 0.5074786328124999 0.596875 0.5288461546875001 0.5976762828125 0.5555555562500001 0.6096955125 0.5299145296875001
1 0.446233975 0.2735042734375 0.43261217968750004 0.2628205125 0.4237980765625 0.2735042734375 0.42299679531249995 0.2873931625 0.431009615625 0.3044871796875 0.43181089687499996 0.3237179484375 0.4334134609375 0.3514957265625 0.4422275640625 0.34188034218749996 0.4486378203125 0.3226495734375 0.4518429484375 0.2991453 0.446233975 0.2735042734375
1 0.6810096156250001 0.6239316234375 0.6810096156250001 0.6399572640625 0.6914262828125 0.6292735046875 0.700240384375 0.6036324796875 0.6986378203125 0.5769230765625 0.690625 0.5555555562500001 0.6802083328124999 0.5405982890625001 0.66578525625 0.5395299140625001 0.653766025 0.5512820515625 0.6465544875 0.56837606875 0.637740384375 0.5854700859374999 0.6425480765625 0.60042735 0.6553685890625001 0.6089743578125 0.6762019234375 0.6175213671875001 0.6810096156250001 0.6239316234375
1 0.67860576875 0.45726495624999997 0.688221153125 0.4476495734375 0.69703525625 0.43376068281249996 0.7010416671875 0.43589743593749997 0.713060896875 0.42841880468750004 0.7210737171875 0.4113247859375 0.7234775640625 0.4241453 0.731490384375 0.4049145296875 0.7387019234375 0.38034188125 0.7387019234375 0.35576923125 0.7266826921875 0.349358975 0.718669871875 0.3579059828125 0.7106570515625 0.37286324843749996 0.7042467953125 0.3888888890625 0.696233975 0.4081196578125 0.6898237171875 0.4049145296875 0.6778044875 0.400641025 0.6778044875 0.4209401703125 0.67860576875 0.4476495734375 0.67860576875 0.45726495624999997
1 0.731490384375 0.6335470078125 0.7395032046875001 0.6175213671875001 0.7451121796875 0.5854700859374999 0.7451121796875 0.55662393125 0.7387019234375 0.5384615375 0.72828525625 0.5288461546875001 0.724278846875 0.5395299140625001 0.724278846875 0.5598290609375 0.724278846875 0.5865384625 0.721875 0.6036324796875 0.7234775640625 0.6410256421875 0.7234775640625 0.6666666671875 0.7298878203125 0.6613247859375 0.731490384375 0.6335470078125
1 0.637740384375 0.3130341875 0.650560896875 0.300213675 0.6513621796875 0.2873931625 0.6417467953125 0.2767094015625 0.6289262828125 0.27884615468749996 0.619310896875 0.2863247859375 0.6080929484375 0.2980769234375 0.596875 0.3130341875 0.58485576875 0.3119658125 0.5856570515625 0.34294871875 0.6008814109375 0.3301282046875 0.60328525625 0.3386752140625 0.62171474375 0.324786325 0.637740384375 0.3130341875
1 0.7395032046875001 0.8322649562500001 0.7523237171875 0.8675213671875 0.753125 0.8194444437499999 0.7643429484375 0.7863247859375 0.749919871875 0.7980769234375 0.7395032046875001 0.8066239312500001 0.7330929484375 0.7841880328124999 0.725080128125 0.7670940171875 0.7138621796875 0.75 0.7010416671875 0.7286324796875 0.688221153125 0.7350427359375 0.6721955125 0.7414529921875 0.6697916671875 0.7585470078125 0.681810896875 0.7948717953125 0.7026442312500001 0.8205128203125 0.7234775640625 0.8290598296875 0.7395032046875001 0.8322649562500001
1 0.9983173078125 0.9102564109375001 0.9983173078125 0.8600427359375 0.9983173078125 0.8354700859375 0.997516025 0.8279914515625 0.9927083328125 0.8151709390624999 0.981490384375 0.7991453 0.9726762828125001 0.7852564109375 0.9566506406249999 0.7788461546875001 0.937419871875 0.775641025 0.9213942312500001 0.7905982890625001 0.918990384375 0.8098290609375001 0.931810896875 0.8386752140624999 0.9478365390624999 0.8653846140624999 0.9710737171874999 0.8878205124999999 0.9887019234375 0.900641025 0.9983173078125 0.9102564109375001
1 0.869310896875 0.9284188046875 0.8829326921874999 0.9220085484375 0.900560896875 0.8963675203125 0.900560896875 0.9123931625000001 0.9157852562500001 0.9038461546875001 0.92860576875 0.9038461546875001 0.9446314109375 0.8888888890625 0.9542467953125 0.8782051296875 0.9526442312500001 0.8717948703125 0.943830128125 0.8589743578125001 0.9366185890625 0.8472222234375 0.9278044875000001 0.8322649562500001 0.9213942312500001 0.8418803421875 0.912580128125 0.85683760625 0.9021634609375001 0.8675213671875 0.8965544875000001 0.85042735 0.8901442312500001 0.8547008546875 0.8853365390624999 0.8728632484375 0.8797275640625 0.8920940171874999 0.869310896875 0.9284188046875
1 0.5584134609375 0.7371794875 0.562419871875 0.7147435890625 0.568028846875 0.6837606828125 0.563221153125 0.6730769234375 0.5495993593749999 0.6709401703125 0.539983975 0.69337606875 0.539983975 0.7200854703124999 0.54078525625 0.7329059828125 0.52796474375 0.73076923125 0.5335737171875 0.7521367515625 0.5351762828125 0.7884615375 0.550400640625 0.75534188125 0.5584134609375 0.7371794875
1 0.5800480765625 0.9797008546875 0.5872596156250001 0.9465811953125 0.5872596156250001 0.9273504265625 0.5928685890625001 0.9038461546875001 0.5952724359375 0.8824786328125 0.5872596156250001 0.8707264953125 0.5768429484375 0.8579059828125001 0.5648237171875 0.8611111109375 0.5528044875 0.88141025625 0.5479967953125 0.90705128125 0.5455929484375 0.9316239312500001 0.5463942312500001 0.9551282046875 0.55360576875 0.98183760625 0.5640625 0.9979166671874999 0.578125 0.9979166671874999 0.5800480765625 0.9797008546875
1 0.6721955125 0.9615384625000001 0.6665865390625 0.9433760687499999 0.6577724359375 0.9230769234375 0.6465544875 0.9102564109375001 0.6385416671875 0.9081196578125 0.6169070515625 0.9177350437499999 0.599278846875 0.9273504265625 0.6048878203125 0.9572649562500001 0.6177083328124999 0.9775641015625001 0.628125 0.9979166671874999 0.6796875 0.9979166671874999 0.6802083328124999 0.9861111109375 0.6721955125 0.9615384625000001
1 0.79078525625 0.9326923078125 0.793189103125 0.9615384625000001 0.8020032046875001 0.9391025640624999 0.80360576875 0.8974358984374999 0.7979967953125 0.900641025 0.7971955125 0.8621794875000001 0.789983975 0.8418803421875 0.781169871875 0.8215811953125 0.7675480765625 0.8237179484375 0.756330128125 0.8386752140624999 0.7547275640625 0.8621794875000001 0.75953525625 0.8771367515625 0.7699519234375 0.89957265 0.7803685890625001 0.9177350437499999 0.79078525625 0.9326923078125
1 0.806009615625 0.9294871796875 0.80360576875 0.9423076921875 0.793189103125 0.9636752140624999 0.7859775640625 0.9337606828125 0.7803685890625001 0.9369658125000001 0.775560896875 0.9583333328125001 0.7795673078124999 0.9882478625 0.7859375 0.9979166671874999 0.825240384375 0.9978632484375 0.8268429484375 0.9775641015625001 0.818830128125 0.9465811953125 0.806009615625 0.9294871796875
1 0.5143429484375 0.9967948703125 0.5079326921875 0.9711538453124999 0.4895032046875 0.9487179484375 0.474278846875 0.9465811953125 0.45665064062500005 0.9465811953125 0.4518429484375 0.9711538453124999 0.459375 0.9979166671874999 0.5109375 0.9979166671874999 0.5143429484375 0.9967948703125
1 0.3028044875 0.85042735 0.3204326921875 0.875 0.33645833281250004 0.900641025 0.350080128125 0.9198717953125 0.362900640625 0.9391025640624999 0.3765224359375 0.9412393171875 0.3741185890625 0.9198717953125 0.3797275640625 0.8920940171874999 0.386939103125 0.8792735046875 0.3861378203125 0.8653846140624999 0.35889423125 0.8653846140624999 0.3484775640625 0.8643162390624999 0.346875 0.8514957265625 0.3428685890625 0.8301282046875 0.3340544875 0.8055555562500001 0.324439103125 0.7884615375 0.318028846875 0.7670940171875 0.3116185890625 0.7510683765625 0.30120192343749996 0.7478632484375 0.2915865390625 0.7478632484375 0.2859775640625 0.7510683765625 0.27796474375 0.7670940171875 0.2795673078125 0.7905982890625001 0.2891826921875 0.8215811953125 0.3028044875 0.85042735
1 0.2675480765625 0.98183760625 0.28838141093749997 0.99465811875 0.328125 0.9979166671874999 0.334375 0.9979166671874999 0.34126602500000003 0.9914529921874999 0.346875 0.9797008546875 0.33645833281250004 0.9786324796875 0.3228365390625 0.98183760625 0.3140224359375 0.9786324796875 0.3084134609375 0.9636752140624999 0.30360576875 0.9519230765625 0.2891826921875 0.9209401703125 0.2803685890625 0.8952991453125 0.269150640625 0.86965811875 0.2483173078125 0.8717948703125 0.23389423125 0.8867521375 0.2427083328125 0.9294871796875 0.253125 0.9583333328125001 0.2675480765625 0.98183760625
1 0.23149038437499997 0.7425213671875001 0.2346955125 0.7339743578125 0.2539262828125 0.7478632484375 0.27075320468749997 0.7649572640625 0.2795673078125 0.7606837609375 0.26514423125 0.7329059828125 0.24991987187500003 0.7168803421875001 0.256330128125 0.7051282046875 0.2643429484375 0.6869658125 0.26514423125 0.6698717953125 0.2346955125 0.6987179484375 0.221875 0.68162393125 0.205849359375 0.65598290625 0.18421474375 0.6346153859375 0.1697916671875 0.625 0.1609775640625 0.6314102562499999 0.156169871875 0.6431623937500001 0.1481570515625 0.6655982890625001 0.1609775640625 0.69337606875 0.1770032046875 0.7136752140625 0.1978365390625 0.7275641015625001 0.2114583328125 0.7329059828125 0.23149038437499997 0.7425213671875001
1 0.162580128125 0.6239316234375 0.1729967953125 0.6207264953125 0.1866185890625 0.6292735046875 0.17620192343750002 0.6121794875 0.161778846875 0.59401709375 0.15056089687500002 0.5876068375 0.136939103125 0.59294871875 0.13453525625 0.6079059828125 0.1409455125 0.63034188125 0.1545673078125 0.6410256421875 0.162580128125 0.6239316234375
1 0.20024038437499997 0.7777777765625 0.216266025 0.8322649562500001 0.21866987187500003 0.7916666671875 0.2138621796875 0.7767094015625 0.2290865390625 0.74465811875 0.2074519234375 0.7638888890625 0.19703525625 0.7478632484375 0.18421474375 0.7264957265625 0.17139423125 0.70726495625 0.161778846875 0.69337606875 0.14495192343750002 0.68162393125 0.133733975 0.6784188046875 0.12171474374999999 0.6923076921875 0.124919871875 0.71901709375 0.13453525625 0.7393162390625 0.14895833281249998 0.75534188125 0.1673878203125 0.7724358984374999 0.190625 0.7788461546875001 0.20024038437499997 0.7777777765625
1 0.0952724359375 0.875 0.1137019234375 0.8920940171874999 0.12331730781250001 0.9134615374999999 0.130528846875 0.9455128203125 0.136939103125 0.9540598296875 0.15136217968750001 0.9626068374999999 0.1425480765625 0.9380341874999999 0.1585737171875 0.9433760687499999 0.1585737171875 0.9284188046875 0.1425480765625 0.9284188046875 0.13293269218749998 0.8985042734375 0.12171474374999999 0.85683760625 0.10328525625 0.8226495734375 0.0888621796875 0.8023504265625 0.071233975 0.7970085484375 0.053605768750000005 0.8066239312500001 0.0487980765625 0.8205128203125 0.058413460937499995 0.84401709375 0.0664262828125 0.85042735 0.0840544875 0.8611111109375 0.0952724359375 0.875
1 0 0.9 0.0079326921875 0.9081196578125 0.019150640625 0.925213675 0.0351762828125 0.9337606828125 0.04639423125 0.9444444437499999 0.06161858906249999 0.9529914515625 0.07443910312499999 0.9604700859375 0.088060896875 0.9668803421875 0.10168269218749999 0.974358975 0.1169070515625 0.9786324796875 0.13453525625 0.9914529921874999 0.1375 0.9979166671874999 0.16875 0.9979166671874999 0.17860576875 0.9850427359375 0.1858173078125 0.9636752140624999 0.18261217968750001 0.9551282046875 0.1705929484375 0.9594017109375 0.159375 0.9636752140624999 0.1457532046875 0.9647435890624999 0.12892628281250001 0.9519230765625 0.12411858906249999 0.9316239312500001 0.1153044875 0.9038461546875001 0.10568910312499999 0.8867521375 0.094471153125 0.875 0.0856570515625 0.8653846140624999 0.0672275640625 0.85042735 0.056009615624999995 0.84294871875 0.0295673078125 0.849358975 0.0079326921875 0.8579059828125001 0 0.86875 0 0.9
1 0.5560096156250001 0.5288461546875001 0.5455929484375 0.525641025 0.5359775640625 0.53098290625 0.5335737171875 0.5523504265625 0.5463942312500001 0.5694444437499999 0.55921474375 0.5801282046875 0.563221153125 0.60042735 0.568028846875 0.58226495625 0.568028846875 0.5630341875 0.5648237171875 0.5416666671875 0.5560096156250001 0.5288461546875001
1 0.5664262828125 0.35042735 0.571233975 0.3333333328125 0.568830128125 0.31089743593749997 0.5640224359375 0.2970085484375 0.5520032046875001 0.30982906093749996 0.5495993593749999 0.32158119531249996 0.55360576875 0.33653846249999997 0.556810896875 0.34508547031250003 0.5423878203125 0.34188034218749996 0.543990384375 0.3579059828125 0.543990384375 0.3867521375 0.5552083328124999 0.37179487031249997 0.5664262828125 0.35042735
1 0.531971153125 0.30982906093749996 0.5271634609375 0.2991453 0.5143429484375 0.3076923078125 0.512740384375 0.32158119531249996 0.5135416671875 0.3408119671875 0.5151442312500001 0.35683760625 0.5135416671875 0.3888888890625 0.5271634609375 0.36858974375 0.5335737171875 0.34615384531250004 0.536778846875 0.3258547 0.531971153125 0.30982906093749996
1 0.18261217968750001 0.3087606828125 0.188221153125 0.3087606828125 0.2010416671875 0.31410256406250003 0.212259615625 0.31410256406250003 0.22668269218749998 0.3376068375 0.22027243593749998 0.29273504375 0.22427884687500002 0.2660256421875 0.206650640625 0.2841880328125 0.1946314109375 0.26816239375 0.18421474375 0.2489316234375 0.17620192343750002 0.23504273593749997 0.1665865390625 0.23824786250000002 0.156971153125 0.2542735046875 0.1585737171875 0.2735042734375 0.16418269218749998 0.29059828906249996 0.1721955125 0.3076923078125 0.1770032046875 0.3258547 0.18261217968750001 0.3087606828125
1 0.0800480765625 0.5096153859375 0.0920673078125 0.4903846140625 0.10568910312499999 0.47542735 0.1153044875 0.4711538453125 0.122516025 0.47542735 0.130528846875 0.4583333328125 0.1353365390625 0.44017093906250004 0.1353365390625 0.4209401703125 0.13453525625 0.4038461546875 0.125721153125 0.3910256421875 0.118509615625 0.3867521375 0.1104967953125 0.3910256421875 0.10168269218749999 0.4049145296875 0.10168269218749999 0.4273504265625 0.10889423125 0.44444444375 0.093669871875 0.44017093906250004 0.07203525625 0.43269230781249995 0.08645833281250001 0.4700854703125 0.08245192343749999 0.49786324843749996 0.0800480765625 0.5096153859375
1 0.031971153125 0.2991453 0.0447916671875 0.3087606828125 0.05921474375 0.33226495625 0.07203525625 0.34508547031250003 0.062419871875 0.30662393125 0.0672275640625 0.2841880328125 0.063221153125 0.2702991453125 0.0512019234375 0.28205128125 0.049599359375 0.2713675203125 0.043990384375000004 0.25213675156250004 0.0359775640625 0.23611111093749998 0.0303685890625 0.2275641015625 0.0159455125 0.23183760625 0.011137820312500001 0.2425213671875 0.0135416671875 0.2638888890625 0.0015224359374999999 0.275641025 0.012740384375 0.27884615468749996 0.022355768749999998 0.2852564109375 0.031971153125 0.2991453
1 0.216266025 0.4102564109375 0.216266025 0.41773504375000003 0.22347756406250002 0.4081196578125 0.22668269218749998 0.3974358984375 0.23149038437499997 0.3792735046875 0.22668269218749998 0.3675213671875 0.2138621796875 0.3664529921875 0.2114583328125 0.37713675156250004 0.2114583328125 0.3910256421875 0.205849359375 0.39316239375 0.19142628281250001 0.39316239375 0.196233975 0.4091880328125 0.199439103125 0.4369658125 0.20985576875 0.4230769234375 0.216266025 0.4102564109375
1 0.10168269218749999 0.20405982968749997 0.0984775640625 0.1730769234375 0.094471153125 0.15384615468750001 0.0856570515625 0.14957265 0.075240384375 0.15811965781249998 0.07283653906250001 0.1741453 0.07443910312499999 0.18910256406249998 0.0664262828125 0.20619658125 0.07844551250000001 0.20192307656250003 0.08645833281250001 0.22970085468749998 0.100080128125 0.2574786328125 0.1008814109375 0.23290598281250002 0.10168269218749999 0.20405982968749997
1 0.23149038437499997 0.1666666671875 0.2483173078125 0.1794871796875 0.2603365390625 0.18910256406249998 0.25713141093749997 0.1730769234375 0.2547275640625 0.15384615468750001 0.25953525625 0.1217948703125 0.23629807656250001 0.1378205125 0.22828525625 0.1356837609375 0.2114583328125 0.1239316234375 0.19543269218749998 0.1217948703125 0.1898237171875 0.1282051296875 0.1866185890625 0.1346153859375 0.188221153125 0.15705128125 0.1978365390625 0.16559828906250001 0.2018429484375 0.1848290609375 0.216266025 0.1773504265625 0.22828525625 0.1730769234375 0.23149038437499997 0.1666666671875
1 0.2763621796875 0.23397435781249998 0.27315705156250003 0.2168803421875 0.26834935937500004 0.20405982968749997 0.261939103125 0.1976495734375 0.2547275640625 0.18910256406249998 0.244310896875 0.1976495734375 0.24110576875 0.20726495625000002 0.2395032046875 0.22863247968749997 0.2539262828125 0.24038461406249997 0.2643429484375 0.24679487031249997 0.2667467953125 0.2702991453125 0.2771634609375 0.26495726406250003 0.27796474375 0.25320512968750003 0.2763621796875 0.23397435781249998
1 0.23629807656250001 0.1292735046875 0.2427083328125 0.1378205125 0.247516025 0.12713675156249998 0.2515224359375 0.1132478625 0.255528846875 0.10149572656250001 0.2451121796875 0.10042735 0.2403044875 0.10042735 0.23068910312500002 0.0876068375 0.2322916671875 0.074786325 0.23068910312500002 0.0608974359375 0.21546474375 0.0459401703125 0.20504807656250001 0.055555556250000006 0.2010416671875 0.08012820468750001 0.2090544875 0.0982905984375 0.2210737171875 0.1132478625 0.2322916671875 0.1282051296875 0.23629807656250001 0.1292735046875
1 0.3116185890625 0.20299145156249998 0.2971955125 0.19871794843749999 0.286778846875 0.2094017109375 0.27796474375 0.22542735 0.27876602500000003 0.2478632484375 0.2835737171875 0.2489316234375 0.2891826921875 0.25641025625 0.2979967953125 0.25 0.30520833281250004 0.23076923124999998 0.3140224359375 0.2136752140625 0.3116185890625 0.20299145156249998
1 0.31241987187500003 0.10683760625000001 0.321233975 0.09401709375 0.321233975 0.0790598296875 0.315625 0.06623931718750001 0.30681089687499996 0.0641025640625 0.2971955125 0.0705128203125 0.2923878203125 0.08333333281250001 0.287580128125 0.10042735 0.2795673078125 0.0961538453125 0.28116987187500003 0.11752136718749999 0.2803685890625 0.1335470078125 0.28838141093749997 0.1217948703125 0.300400640625 0.11965811875000001 0.31241987187500003 0.10683760625000001
1 0.35328525625 0.0544871796875 0.34046474375 0.052350426562499996 0.33485576875 0.0587606828125 0.33084935937500004 0.08012820468750001 0.33325320468749997 0.10042735 0.3452724359375 0.10470085468749998 0.3596955125 0.09294871875 0.36370192343749996 0.0854700859375 0.35649038437499997 0.0715811953125 0.35328525625 0.0544871796875
1 0.286778846875 0.04273504375 0.29959935937500004 0.030982906249999997 0.315625 0.0213675203125 0.315625 0.00641025625 0.30360576875 0.0010683765625 0.2915865390625 0.0010683765625 0.281971153125 0.0021367515625 0.26995192343749996 0 0.2675480765625 0.013888889062500001 0.2611378203125 0.026709401562500002 0.243509615625 0.025641025 0.24991987187500003 0.0459401703125 0.253125 0.074786325 0.2643429484375 0.0480769234375 0.27075320468749997 0.0512820515625 0.286778846875 0.04273504375
1 0.55921474375 0.23397435781249998 0.5792467953125 0.23076923124999998 0.5896634609375 0.22222222343750003 0.5984775640625 0.1923076921875 0.5888621796875 0.1794871796875 0.5584134609375 0.1848290609375 0.537580128125 0.199786325 0.5175480765625 0.1773504265625 0.5175480765625 0.20512820468749998 0.5039262828125 0.21901709375 0.52235576875 0.2232905984375 0.537580128125 0.22222222343750003 0.5479967953125 0.23397435781249998 0.55921474375 0.23397435781249998
1 0.5471955125 0.2617521375 0.5463942312500001 0.2425213671875 0.539983975 0.2275641015625 0.5263621796875 0.224358975 0.519150640625 0.23931623906250002 0.519150640625 0.2617521375 0.499919871875 0.2713675203125 0.5239583328124999 0.27884615468749996 0.5351762828125 0.3012820515625 0.539983975 0.27991452968749997 0.5664262828125 0.26923076875 0.5471955125 0.2617521375
1 0.637740384375 0.23611111093749998 0.64735576875 0.2136752140625 0.644150640625 0.19871794843749999 0.631330128125 0.18910256406249998 0.62171474375 0.19871794843749999 0.612900640625 0.2211538453125 0.6096955125 0.23290598281250002 0.602483975 0.23824786250000002 0.60328525625 0.2574786328125 0.596875 0.27457265 0.6112980765625 0.2585470078125 0.625721153125 0.2542735046875 0.637740384375 0.23611111093749998
0 0.727483975 0.25534188125 0.7346955125 0.2617521375 0.737900640625 0.2724358984375 0.74110576875 0.2841880328125 0.7539262828125 0.2895299140625 0.761939103125 0.2991453 0.7659455125 0.2916666671875 0.7747596156250001 0.2980769234375 0.7699519234375 0.28205128125 0.781971153125 0.2863247859375 0.793189103125 0.27777777656249997 0.7995993593749999 0.26816239375 0.7971955125 0.2542735046875 0.80360576875 0.2478632484375 0.8108173078125 0.2478632484375 0.8148237171874999 0.23611111093749998 0.8116185890625 0.21794871875 0.8052083328125 0.20405982968749997 0.8092147437499999 0.1923076921875 0.8052083328125 0.1773504265625 0.793990384375 0.1720085484375 0.7923878203125 0.1613247859375 0.7803685890625001 0.1602564109375 0.7643429484375 0.1623931625 0.775560896875 0.15705128125 0.7771634609375 0.1485042734375 0.7643429484375 0.14316239375 0.7515224359375 0.15384615468750001 0.7395032046875001 0.1634615375 0.7387019234375 0.15384615468750001 0.7403044875 0.1474358984375 0.7539262828125 0.13034188124999999 0.7515224359375 0.1217948703125 0.737900640625 0.1260683765625 0.724278846875 0.1399572640625 0.7138621796875 0.1463675203125 0.7050480765625 0.150641025 0.713060896875 0.1346153859375 0.7266826921875 0.1079059828125 0.7074519234375 0.10149572656250001 0.688221153125 0.1153846140625 0.6810096156250001 0.1324786328125 0.681810896875 0.150641025 0.6810096156250001 0.16880341875 0.66578525625 0.17628205156250001 0.6745993593749999 0.19337606875 0.688221153125 0.2115384625 0.699439103125 0.2264957265625 0.7034455125 0.23931623906250002 0.7138621796875 0.25534188125 0.7226762828125 0.24465811875000001 0.727483975 0.25534188125
0 0.1609775640625 0.1527777765625 0.17620192343750002 0.14957265 0.18181089687500002 0.13675213749999998 0.17620192343750002 0.0854700859375 0.1729967953125 0.0705128203125 0.206650640625 0.028846154687499997 0.2138621796875 0.0405982890625 0.22427884687500002 0.052350426562499996 0.2346955125 0.052350426562499996 0.2459134609375 0.0470085484375 0.244310896875 0.035256410937499996 0.2395032046875 0.025641025 0.255528846875 0.0235042734375 0.2611378203125 0.0160256421875 0.2603365390625 0 0.213060896875 0.0010683765625 0.20504807656250001 0 0.2034455125 0.011752137499999999 0.19925056562500001 0.0075414796875 0.1644654984375 0.0527903484375 0.16418269218749998 0.0630341875 0.1586679859375 0.06033182499999999 0.153766025 0.055555556250000006 0.1425480765625 0.0395299140625 0.122516025 0.01923076875 0.12772435937499999 0.029380342187500002 0.11891025625 0.03044871875 0.1153044875 0.0416666671875 0.0984775640625 0.027777776562500002 0.0976762828125 0.0544871796875 0.0840544875 0.0641025640625 0.0984775640625 0.1132478625 0.106490384375 0.1282051296875 0.11228789531250001 0.12066364999999998 0.12892628281250001 0.14529914531250002 0.1481570515625 0.15384615468750001 0.1609775640625 0.1527777765625