1 0.7475490203125 0.3057440921875 0.7374151578125 0.29191805 0.73364441875 0.2758924078125 0.7265742828125 0.26489441875 0.7166760937500001 0.25766716875 0.7051282046875 0.2554675703125 0.69805806875 0.2617521375 0.6987650828125 0.2743212671875 0.7060708906250001 0.28343388593749996 0.7140837109375 0.2963172453125 0.7246889140625 0.30228758125 0.731523378125 0.3026018109375 0.7440139515624999 0.3148567125 0.7400075421875 0.3038587234375 0.7475490203125 0.3057440921875
1 0.6587009796875 0.3271116140625 0.6535162140625 0.31171442968749996 0.649981146875 0.30103066875 0.6485671187500001 0.2903469078125 0.6419683265625 0.27683509375000004 0.6320701359374999 0.2677224734375 0.6254713421875 0.2692936140625 0.6231146296875 0.27934891875 0.6275923828125001 0.2890899953125 0.6332484921875 0.2969457015625 0.6381975875 0.3085721453125 0.6443250375 0.3195701359375 0.6480957765625 0.33308195 0.6521021874999999 0.32271241875 0.6587009796875 0.3271116140625
1 0.9719387749999999 0.2967687078125 0.9537627546874999 0.2814625859375 0.94770408125 0.2631802734375 0.941007653125 0.24532312968749997 0.9308035718750001 0.2312925171875 0.9139030609375001 0.22406462500000002 0.9005102046875001 0.22661564531249997 0.8989158156249999 0.24192176875000002 0.9049744890625 0.25807823124999996 0.9177295921875 0.2708333328125 0.9304846937500001 0.282312925 0.9441964281249999 0.28571428593750003 0.9575892859374999 0.3133503390625 0.9556760203125 0.29251700625 0.9719387749999999 0.2967687078125
1 0.4261990078125 0.12265711093750001 0.4311948734375 0.1320746046875 0.42929988906250005 0.11530687343749998 0.4386025359375 0.1136990078125 0.42912761875000005 0.1102535828125 0.4253376515625 0.10520029374999999 0.424131753125 0.0996876140625 0.41982497187499995 0.0925670703125 0.41517365 0.08360896718750001 0.4082828 0.0771775078125 0.3989801546875 0.0746508640625 0.3907111359375 0.07556964375 0.390194321875 0.0877434765625 0.394156559375 0.0925670703125 0.40001378125000003 0.0989985296875 0.40621554531250004 0.1070378546875 0.41327866562500004 0.11232083749999999 0.4213754140625 0.1157662625 0.4261990078125 0.12265711093750001
1 0.47632334218750005 0.2487244890625 0.46735491093750003 0.235437925 0.4649633296875 0.2240114796875 0.460977359375 0.2125850328125 0.4551977046875 0.2030187078125 0.448022959375 0.1958439625 0.44264190000000003 0.19398384375 0.437460140625 0.1979698125 0.43845663281249997 0.2067389453125 0.44264190000000003 0.2165710046875 0.44842155625 0.22454294218749998 0.453603315625 0.234375 0.46217315000000003 0.237563775 0.47014508906249997 0.2577593546875 0.46835140312499995 0.2436755953125 0.47632334218750005 0.2487244890625
1 0.460180165625 0.34518495 0.451211734375 0.3247236390625 0.46536192656250003 0.3326955796875 0.45081313749999996 0.31568877500000003 0.4486208546875 0.30931122499999997 0.44264190000000003 0.2997448984375 0.4376594390625 0.29097576406250003 0.43068399218750003 0.2824723640625 0.4237085453125 0.27662627500000003 0.41653380156250003 0.2739689625 0.4099569515625 0.2760948125 0.40975765312499995 0.2864583328125 0.41414221875 0.29522746718750004 0.41892538281249997 0.30399659843750004 0.425302934375 0.31170280625 0.4322783796875 0.31887755 0.4396524234375 0.3244579078125 0.44682716874999995 0.3260522953125 0.460180165625 0.34518495
1 0.4599544703125 0.44288079375 0.44753725156249996 0.42632450468750005 0.4413286421875 0.4177014359375 0.4325331125 0.4063189859375 0.42399627500000003 0.3997654515625 0.4162355125 0.3980408390625 0.40847475156249996 0.3994205296875 0.41157905625 0.40976821250000006 0.413907284375 0.4180463578125 0.422444121875 0.4249448125 0.43072226875 0.43356788125 0.43874172187499993 0.4380518765625 0.45245240000000003 0.4501241734375 0.44676117499999995 0.43598233906250006 0.4599544703125 0.44288079375
1 0.2993067046875 0.43736203125 0.2902524828125 0.42597958125 0.285337334375 0.4156318984375 0.27731788125 0.403904525 0.27162665625 0.3932119203125 0.2646419703125 0.38493377500000003 0.254811671875 0.38527869843749996 0.2566225171875 0.39631622499999997 0.2612789734375 0.40666390625000004 0.2664528140625 0.4170115890625 0.2755070359375 0.42391004375 0.282491721875 0.43322295781250003 0.2902524828125 0.4473647890625 0.2879242546875 0.43115342031250004 0.2993067046875 0.43736203125
1 0.6337303015625 0.1549068765625 0.6303724921875 0.14863896875 0.625895415625 0.1513252140625 0.6236568765625 0.15908548281249998 0.6245522921875 0.16744269375 0.6265669765624999 0.1769937921875 0.6285816625 0.18624641875 0.634625715625 0.19908070625000002 0.635297278125 0.1853510015625 0.635297278125 0.169233525 0.6337303015625 0.1549068765625
1 0.9061154953124999 0.31115495000000004 0.917324246875 0.31952415156249997 0.9202385218750001 0.3323768546875 0.9256187234375 0.34522955624999996 0.9314472734375 0.35598995625 0.9397417499999999 0.3625657578125 0.9480362265625001 0.3634624578125 0.957003228125 0.3625657578125 0.957003228125 0.34762075625 0.9518472015624999 0.3326757546875 0.9455703015625 0.3225131515625 0.9357065999999999 0.31384504999999996 0.9253945484375 0.30906265 0.918445121875 0.2911286453125 0.9162033718749999 0.30697035 0.9061154953124999 0.31115495000000004
1 0.3138919828125 0.65237565 0.32085189375 0.6574795828125 0.3271158125 0.6653674828125 0.337207684375 0.6630475125 0.342079621875 0.6551596140625 0.3417316265625 0.6430957687500001 0.345907571875 0.6324239046875 0.3472995546875 0.6212880484375 0.35112750625 0.6143281375 0.35704342968749997 0.6180400890625 0.35808741718750003 0.6296399390625 0.359131403125 0.6403118046875 0.3692232734375 0.6384558265625 0.3744432078125 0.6273199703125 0.3800111359375 0.625 0.3848830734375 0.63427988125 0.3904510015625 0.6296399390625 0.3831430953125 0.61572011875 0.3793151453125 0.6041202671875 0.3793151453125 0.5915924265625 0.38418708281249997 0.5939123984375 0.3876670375 0.60783221875 0.3939309578125 0.6189680765625 0.3963669265625 0.6268559765624999 0.39984688125 0.6134001484375 0.399150890625 0.5994803265625 0.3914949890625 0.5915924265625 0.3848830734375 0.5846325171875 0.3800111359375 0.5716406828125 0.3733992203125 0.560504825 0.36574331875 0.5512249437500001 0.3577394203125 0.5461210109375 0.3462555671875 0.5433370453124999 0.337903675 0.5442650328124999 0.32955178125 0.55029695625 0.31980790625 0.5572568671875 0.3135439859375 0.5660727546875 0.3145879734375 0.5758166296875 0.32224387499999996 0.5781366 0.3292037859375 0.5823125453125 0.33094376406250003 0.5948403859375 0.32989977656249997 0.6082962140625 0.3281598 0.6222160359375 0.323983853125 0.6282479578125 0.319111915625 0.63335189375 0.316675946875 0.64216778125 0.3138919828125 0.65237565
1 0.6171338671875 0.5286994671875 0.6217820359374999 0.5153508765625 0.613558353125 0.5081998484375 0.6024742562500001 0.49914187656250003 0.592820365625 0.4819794046875 0.5842391296875 0.47053775781249996 0.5763729984375 0.46529366874999994 0.5685068656250001 0.4686308171875 0.5649313499999999 0.4753051109375 0.5681493140625 0.48531655156250003 0.574585240625 0.49675820000000004 0.58137871875 0.5048627 0.5888873 0.51153699375 0.5988987421874999 0.5163043484375 0.6042620140625 0.51153699375 0.6121281468750001 0.518688025 0.6171338671875 0.5286994671875
3 0.530234734375 0.9149385562499999 0.5158338140625001 0.9466205828125 0.53095478125 0.9533410140624999 0.5410354265625 0.9677419359374999 0.535995103125 0.9946236562499999 0.786571140625 0.99366359375 0.7930515546875 0.9859831015625 0.8132128453125 0.9639016890625 0.8247335828125 0.9370199687499999 0.8016921078125 0.9591013828125 0.7980918781249999 0.9523809515625 0.7822508640625 0.9322196625 0.806012384375 0.9130184328125001 0.7793706796875 0.9216589859375001 0.7678499421875 0.9130184328125001 0.7628096203125 0.8890168984375 0.7628096203125 0.9053379421875001 0.7527289749999999 0.8938172046874999 0.7620895734375 0.88133640625 0.7512888828125 0.8794162828125 0.77577045 0.8611751140624999 0.794491646875 0.84581413125 0.7779305875 0.8371735796875001 0.7592093890625 0.83045315 0.740488190625 0.8294930875000001 0.7390480984375001 0.8150921671875 0.7196068546875 0.8083717359374999 0.73760800625 0.7987711203125001 0.76064948125 0.7978110609375 0.73760800625 0.7910906296875 0.721046946875 0.7843702 0.7145665328125 0.7766897078125 0.6972854265625 0.76708909375 0.71240639375 0.76612903125 0.709526209375 0.7517281109375 0.7412082375 0.7603686640625 0.7167266703124999 0.7488479265625 0.7383280531249999 0.7392473125000001 0.72392713125 0.7354070671875 0.701605703125 0.7421274953125 0.7260872703125 0.70948540625 0.7088061640625 0.7258064515625 0.732567684375 0.6826036875 0.7109663015625001 0.67588325625 0.701605703125 0.6557219671875 0.6936851953125001 0.635560675 0.6800043203125 0.6269201234375 0.6742439515624999 0.60867895625 0.6915250578125 0.59715821875 0.6663234453125 0.59715821875 0.6562428 0.5827572953125 0.6454421078125 0.5779569890625 0.6252808187500001 0.58563748125 0.613040034375 0.5693164359375 0.607279665625 0.5414746546875 0.601519296875 0.5481950859375 0.5806379609375 0.5299539171875 0.5575964859375 0.5491551453125 0.5410354265625 0.5702764984375001 0.5316748265625 0.55203533125 0.51727390625 0.5337941625 0.50575316875 0.5126728109375 0.51727390625 0.4905913984375 0.5244743656249999 0.4579493078125 0.5223142281250001 0.4301075265625 0.5007128453125 0.43490783281249995 0.48343173906250003 0.4512288796875 0.4719110015625 0.442588325 0.4589501734375 0.4454685109375 0.451029665625 0.4685099859375 0.4517497125 0.4925115203125 0.4517497125 0.5126728109375 0.4323084671875 0.5414746546875 0.44886952812500003 0.5501152078125 0.43590869843749996 0.57315668125 0.44094902031250005 0.59619815625 0.45967021875 0.6000384015625 0.4495895734375 0.635560675 0.4668706796875 0.6000384015625 0.4805515546875 0.5952380953125 0.49423243125000005 0.6067588328125 0.4841517859375 0.6057987703125 0.4553499421875 0.6403609828125 0.4891921078125 0.6288402453125 0.4791114625 0.6672427046875 0.4776713703125 0.7008448546875 0.491352246875 0.6682027640625 0.5064732140625 0.6682027640625 0.5035930296875 0.7008448546875 0.49999279999999996 0.7258064515625 0.46543058750000005 0.7526881734375 0.47695132500000004 0.7622887875 0.5021529375 0.7757296453125 0.48991215468749993 0.8035714296875 0.48271169374999995 0.8275729640625 0.4985527078125 0.83429339375 0.491352246875 0.8592549921874999 0.5187139984375 0.8602150546875 0.5295146890625 0.8784562203125 0.530234734375 0.9149385562499999
0 0.056592987500000004 0.5254065046874999 0.0535442078125 0.55691056875 0.042873475 0.5711382109375001 0.0192454265625 0.56504065 0.0055259140625 0.5731707312500001 0.0078125 0.5985772359375 0.015434451562500002 0.6199187 0.026867378125 0.62804878125 0.047446646875 0.6504065046874999 0.0695503046875 0.6646341453125 0.0992759140625 0.6829268296875 0.120617378125 0.7083333328125 0.0299161578125 0.6981707312500001 0.0032393296874999996 0.7073170734375 0.026867378125 0.7093495937500001 0.040586890625 0.7327235765625 0.059641768750000004 0.7571138203125 0.0992759140625 0.7845528453124999 0.0123856703125 0.8130081296875 0.0070503046875 0.82317073125 0.035251525 0.8140243890625 0.09165396406250001 0.80182926875 0.1335746953125 0.8028455296875 0.109946646875 0.81504065 0.0703125 0.8414634140624999 0.0299161578125 0.8638211374999999 0.006288109375000001 0.8851626015624999 0.0215320125 0.8963414625 0.06345274375 0.8963414625 0.0329649390625 0.9278455296875 0.00476371875 0.9420731703125 0.0314405484375 0.9420731703125 0.0992759140625 0.90447154375 0.14272103593750002 0.9176829265625001 0.0070503046875 0.9959349578125 0.0203125 0.9979166671874999 0.12595274375 0.9369918703125 0.15720274375 0.9308943078125 0.18235518281250002 0.9339430890625 0.1876905484375 0.9522357734375 0.1229039640625 0.9745934953125 0.09165396406250001 0.9969512187499999 0.4078125 0.9979166671874999 0.398056403125 0.96443089375 0.3736661578125 0.8821138203125001 0.3652820125 0.8089430890625 0.3614710359375 0.7733739828124999 0.355373475 0.7489837390625 0.3469893296875 0.7215447140625 0.336318596875 0.7002032515625001 0.3180259140625 0.7052845515625 0.2966844515625 0.72560975625 0.29211128125 0.7439024390625 0.28601371875 0.77439024375 0.27610518281249996 0.7571138203125 0.26391006093749997 0.7317073171875 0.256288109375 0.7032520328125 0.2532393296875 0.6768292687499999 0.2433307921875 0.6514227640625 0.22961128125000002 0.6290650421875 0.22046493906250003 0.6138211375 0.20217225625 0.6016260171875001 0.176257621875 0.5863821140625001 0.18540396406249998 0.5863821140625001 0.20369664687500003 0.5792682921875 0.1754954265625 0.5619918703125 0.1465320125 0.5447154484375 0.1503429875 0.5436991875 0.1663490859375 0.5406504062499999 0.20217225625 0.532520325 0.1960746953125 0.5304878046875 0.14272103593750002 0.5233739828124999 0.169397865625 0.5060975609375 0.1229039640625 0.4979674796875 0.13738567031249999 0.4847560984375 0.1892149390625 0.4563008125 0.1267149390625 0.4695121953125 0.1442454265625 0.4390243890625 0.15720274375 0.42682926875 0.12823932968750001 0.4461382109375 0.1305259140625 0.4329268296875 0.127477134375 0.41056910625 0.11223323125 0.41463414531250004 0.1015625 0.46341463281250006 0.0817454265625 0.48983739843749996 0.047446646875 0.4237804875 0.042873475 0.4420731703125 0.0344893296875 0.46341463281250006 0.0207698171875 0.467479675 0.0123856703125 0.47459349531250006 0.0207698171875 0.49186991874999997 0.0344893296875 0.50813008125 0.056592987500000004 0.5254065046874999
3 0.516196646875 0.5304878046875 0.5192454265625 0.5457317078125 0.535251525 0.5609756109374999 0.5451600609375 0.56504065 0.5504954265625 0.5609756109374999 0.561928353125 0.5487804875 0.57717225625 0.532520325 0.59470274375 0.5447154484375 0.609946646875 0.5426829265625 0.6091844515625 0.5487804875 0.6267149390625 0.5762195125 0.636623475 0.5792682921875 0.6503429875 0.5752032515625001 0.6640625 0.5884146328125001 0.6770198171875 0.592479675 0.693788109375 0.5995934953125001 0.6808307921875 0.6077235765625 0.6815929875 0.6158536578125 0.6953125 0.6371951234375001 0.7082698171875 0.6636178859374999 0.7166539640625 0.6697154484375 0.7288490859375 0.6737804875 0.7242759140625 0.6961382109375001 0.722751525 0.7093495937500001 0.71970274375 0.7245934953125001 0.7341844515625 0.73069105625 0.742568596875 0.7479674796875 0.7448551828125 0.7642276421875 0.7341844515625 0.7621951234375001 0.7097942078125 0.7540650421875 0.7082698171875 0.7642276421875 0.7189405484375 0.7815040640625 0.741806403125 0.7896341453125 0.76467225625 0.8038617890624999 0.7341844515625 0.7977642265625 0.7143673781250001 0.80995935 0.7379954265625 0.8170731703125 0.730373475 0.8313008125 0.76086128125 0.8292682921875001 0.7776295734375 0.8343495937500001 0.797446646875 0.8465447140625001 0.8035442078124999 0.8587398374999999 0.8134527437499999 0.8658536578125 0.8279344515625 0.8516260171875001 0.8332698171875 0.81504065 0.832507621875 0.7713414625 0.8370807921875001 0.7520325203125 0.850038109375 0.7449187 0.850038109375 0.7245934953125001 0.832507621875 0.7113821140625001 0.8126905484375 0.6920731703125 0.7936356703125 0.6707317078125 0.7867759140625 0.6402439015625 0.80964176875 0.6463414625 0.84089176875 0.6717479671875 0.850038109375 0.69308943125 0.8370807921875001 0.6432926828125 0.801257621875 0.6138211375 0.8004954265625001 0.5802845515625 0.7684832312500001 0.5315040640625 0.741806403125 0.49491870000000004 0.69836128125 0.44308943125000005 0.662538109375 0.4166666671875 0.6274771343750001 0.40040650468749994 0.6076600609375 0.3871951234375 0.6061356703125 0.31402438906249996 0.5924161578125 0.2713414625 0.5832698171875 0.2154471546875 0.5680259140625 0.20934959375 0.506288109375 0.2154471546875 0.492568596875 0.2266260171875 0.48875762187499994 0.2601626015625 0.4788490859375 0.32317073125 0.46894054843750005 0.3536585375 0.46589176875 0.39430894375 0.47351371875000003 0.43699187031250003 0.4910442078125 0.43191056874999995 0.5215320125 0.4329268296875 0.5215320125 0.4471544703125 0.5215320125 0.47560975625 0.51086128125 0.5111788625 0.51086128125 0.5203252046875 0.516196646875 0.5304878046875
3 0.8668064031249999 0.71443089375 0.86223323125 0.7002032515625001 0.8485137187499999 0.6808943078125 0.8088795734374999 0.6473577234375 0.790586890625 0.63821138125 0.7943978656249999 0.6666666671875 0.8050685968750001 0.6798780484375 0.8134527437499999 0.6890243890625001 0.8279344515625 0.7063008125 0.84089176875 0.717479675 0.8652820125 0.7195121953125 0.8668064031249999 0.71443089375
3 0.7677210359375 0.6747967484374999 0.7463795734375 0.6646341453125 0.7265625 0.6483739828124999 0.7029344515625 0.6504065046874999 0.711318596875 0.6646341453125 0.72351371875 0.6686991875 0.7357088421875 0.6829268296875 0.7463795734375 0.6890243890625001 0.7669588421875 0.7002032515625001 0.7631478656249999 0.6829268296875 0.7677210359375 0.6747967484374999