1 0.2979967953125 0.27457265 0.3164262828125 0.2702991453125 0.324439103125 0.28846153750000003 0.33806089687499996 0.26495726406250003 0.349278846875 0.25641025625 0.36209935937500004 0.23931623906250002 0.3540865390625 0.2232905984375 0.3284455125 0.21794871875 0.30360576875 0.21794871875 0.2859775640625 0.23076923124999998 0.26834935937500004 0.2489316234375 0.244310896875 0.24358974375 0.2082532046875 0.2425213671875 0.244310896875 0.2713675203125 0.237099359375 0.3023504265625 0.261939103125 0.27777777656249997 0.2771634609375 0.2767094015625 0.2979967953125 0.27457265
1 0.091266025 0.15705128125 0.10328525625 0.16987179531250002 0.119310896875 0.16559828906250001 0.1321314109375 0.1591880328125 0.15136217968750001 0.15598290625 0.1673878203125 0.14529914531250002 0.16578525625 0.1292735046875 0.1481570515625 0.11752136718749999 0.12331730781250001 0.1036324796875 0.09286858906249999 0.1036324796875 0.0696314109375 0.1132478625 0.053605768750000005 0.1239316234375 0.0351762828125 0.11965811875000001 0 0.1020833328125 0.0303685890625 0.1420940171875 0.0135416671875 0.1730769234375 0.047195512499999995 0.14423076875000002 0.0736378203125 0.1591880328125 0.091266025 0.15705128125
1 0.08485576875 0.41346153750000003 0.10328525625 0.40705128124999995 0.1169070515625 0.3963675203125 0.128125 0.38141025625 0.10568910312499999 0.37393162343749997 0.071233975 0.3653846140625 0.055208332812500004 0.375 0.0303685890625 0.38995726406250003 0.022355768749999998 0.3910256421875 0.000721153125 0.3910256421875 0.000721153125 0.43589743593749997 0.0271634609375 0.41346153750000003 0.0415865390625 0.41880341874999993 0.06482371718749999 0.41880341874999993 0.08485576875 0.41346153750000003
1 0.30200320468749997 0.4583333328125 0.3148237171875 0.4583333328125 0.34046474375 0.4636752140625 0.36690705156250003 0.4626068375 0.386939103125 0.44551282031249995 0.3893429484375 0.43269230781249995 0.3653044875 0.41880341874999993 0.3452724359375 0.41773504375000003 0.3228365390625 0.425213675 0.30681089687499996 0.4369658125 0.2979967953125 0.43376068281249996 0.286778846875 0.43376068281249996 0.256330128125 0.4273504265625 0.281971153125 0.45512820468750004 0.27315705156250003 0.4786324796875 0.2859775640625 0.474358975 0.30200320468749997 0.4583333328125
1 0.1729967953125 0.5641025640625 0.1866185890625 0.5651709390625 0.2082532046875 0.5641025640625 0.22347756406250002 0.5576923078125 0.24110576875 0.5619658125 0.26274038437499997 0.5480769234375 0.284375 0.5341880328124999 0.293189103125 0.5170940171875 0.27235576875 0.5085470078125 0.2451121796875 0.5064102562499999 0.1986378203125 0.52457265 0.18421474375 0.53205128125 0.168189103125 0.5405982890625001 0.130528846875 0.5459401703125 0.149759615625 0.5641025640625 0.12892628281250001 0.599358975 0.1521634609375 0.5854700859374999 0.1729967953125 0.5641025640625
1 0.47668269218750003 0.4893162390625 0.5079326921875 0.49252136718750006 0.5103365390625 0.5042735046875 0.5359775640625 0.49679487031249997 0.5479967953125 0.49145299218750005 0.5576121796875 0.4775641015625 0.5552083328124999 0.46794871875000005 0.5415865390625 0.45299145156250004 0.5103365390625 0.44551282031249995 0.48870192343749996 0.4476495734375 0.4710737171875 0.45619658125000007 0.45024038437499997 0.4476495734375 0.4077724359375 0.43910256406250003 0.43822115312500004 0.4658119671875 0.41899038437499997 0.49252136718750006 0.446233975 0.4882478625 0.4590544875 0.4764957265625 0.47668269218750003 0.4893162390625
1 0.318028846875 0.6014957265625 0.35649038437499997 0.5844017109374999 0.33806089687499996 0.599358975 0.36450320468749997 0.5897435890625 0.375721153125 0.5715811953125 0.394150640625 0.5534188046875 0.40136217968750004 0.5299145296875001 0.38453525625 0.5213675203125 0.3653044875 0.5224358984374999 0.3420673078125 0.5341880328124999 0.318028846875 0.5544871796875 0.2915865390625 0.58226495625 0.26995192343749996 0.5876068375 0.2210737171875 0.5811965812500001 0.261939103125 0.6111111109375 0.2515224359375 0.6549145296875001 0.27796474375 0.6282051296875 0.2915865390625 0.6047008546875 0.318028846875 0.6014957265625
1 0.131330128125 0.7115384625 0.15136217968750001 0.7168803421875001 0.18181089687500002 0.7051282046875 0.1778044875 0.6987179484375 0.159375 0.6837606828125 0.12411858906249999 0.675213675 0.093669871875 0.68162393125 0.0832532046875 0.6794871796875 0.0512019234375 0.6602564109375 0.07283653906250001 0.6891025640625 0.056009615624999995 0.7040598296875 0.0856570515625 0.6976495734375 0.10328525625 0.7019230765625 0.131330128125 0.7115384625
1 0 0.8645833328125001 0.0207532046875 0.8461538453124999 0.0447916671875 0.8344017109375 0.071233975 0.824786325 0.10408653906250001 0.8183760687499999 0.12171474374999999 0.8066239312500001 0.14334935937499999 0.8141025640624999 0.1609775640625 0.775641025 0.18261217968750001 0.7542735046875 0.196233975 0.7211538453124999 0.1866185890625 0.71901709375 0.1481570515625 0.71901709375 0.12892628281250001 0.7286324796875 0.10408653906250001 0.7425213671875001 0.0896634609375 0.7510683765625 0.063221153125 0.7724358984374999 0.0383814109375 0.79273504375 0.031169871874999998 0.8066239312500001 0 0.825 0 0.8645833328125001
1 0.1409455125 0.88141025625 0.159375 0.8611111109375 0.17620192343750002 0.84294871875 0.2082532046875 0.84294871875 0.25713141093749997 0.84294871875 0.2579326921875 0.849358975 0.2859775640625 0.8397435890624999 0.30921474375 0.8301282046875 0.3388621796875 0.8130341874999999 0.33645833281250004 0.7916666671875 0.30520833281250004 0.7724358984374999 0.26514423125 0.7724358984374999 0.21947115312499998 0.7905982890625001 0.18020833281249998 0.8141025640624999 0.168990384375 0.8173076921875 0.149759615625 0.8173076921875 0.112099359375 0.8183760687499999 0.136939103125 0.8472222234375 0.12331730781250001 0.8728632484375 0.1153044875 0.9038461546875001 0.1409455125 0.88141025625
1 0.5888621796875 0.16773504374999998 0.602483975 0.1645299140625 0.625721153125 0.1741453 0.6353365390625 0.1602564109375 0.6465544875 0.1474358984375 0.662580128125 0.12713675156249998 0.65296474375 0.1111111109375 0.6321314109375 0.0982905984375 0.596875 0.0961538453125 0.5768429484375 0.10576923125 0.5552083328124999 0.125 0.5303685890625001 0.1282051296875 0.49511217968750004 0.1089743578125 0.5231570515625 0.14957265 0.5039262828125 0.1965811953125 0.539983975 0.1645299140625 0.571233975 0.1666666671875 0.5888621796875 0.16773504374999998
1 0.55921474375 0.7521367515625 0.568830128125 0.724358975 0.5736378203125 0.6955128203125 0.5872596156250001 0.6602564109375 0.6040865390625 0.6228632484375 0.6137019234375 0.6068376062499999 0.6145032046875001 0.5897435890625 0.6112980765625 0.5833333328125 0.594471153125 0.5865384625 0.5784455125 0.6025641015625001 0.5768429484375 0.6271367515625 0.574439103125 0.65705128125 0.5704326921875 0.6762820515625 0.5616185890625001 0.6891025640625 0.5415865390625 0.7051282046875 0.55921474375 0.70726495625 0.55921474375 0.7521367515625
1 0.755528846875 0.45619658125000007 0.7771634609375 0.45619658125000007 0.7859775640625 0.45299145156250004 0.80360576875 0.45512820468750004 0.8092147437499999 0.43589743593749997 0.8276442312500001 0.4241453 0.8236378203125 0.4113247859375 0.8172275640625 0.4049145296875 0.7995993593749999 0.4027777765625 0.79078525625 0.4091880328125 0.778766025 0.4155982890625 0.7547275640625 0.43589743593749997 0.7266826921875 0.43482906093749996 0.7202724359375 0.44444444375 0.7354967953125 0.4540598296875 0.725080128125 0.48076923125000004 0.7451121796875 0.4647435890625 0.755528846875 0.45619658125000007
1 0.7226762828125 0.4658119671875 0.7234775640625 0.4540598296875 0.7058493593749999 0.45299145156250004 0.693028846875 0.4658119671875 0.6922275640625 0.4893162390625 0.688221153125 0.5106837609375 0.685016025 0.5331196578124999 0.6858173078124999 0.5779914515625 0.6946314109375 0.53098290625 0.7042467953125 0.50534188125 0.7226762828125 0.4658119671875
1 0.74110576875 0.8461538453124999 0.7571314109375 0.8194444437499999 0.7963942312500001 0.7852564109375 0.8044070515625 0.7617521375 0.7891826921875 0.7467948703125 0.7795673078124999 0.75534188125 0.7667467953125 0.7724358984374999 0.758733975 0.7916666671875 0.744310896875 0.8098290609375001 0.731490384375 0.8173076921875 0.70985576875 0.8237179484375 0.719471153125 0.8354700859375 0.7210737171875 0.88034188125 0.74110576875 0.8461538453124999
1 0.7078125 0.9979166671874999 0.7226762828125 0.98183760625 0.730689103125 0.96794871875 0.74671474375 0.9604700859375 0.747516025 0.949786325 0.781169871875 0.9412393171875 0.789983975 0.9305555562500001 0.824439103125 0.900641025 0.8364583328125 0.88034188125 0.8228365390624999 0.8739316234375 0.7979967953125 0.86858974375 0.7883814109375 0.8707264953125 0.7707532046875001 0.8835470078125001 0.750721153125 0.89957265 0.7427083328124999 0.9220085484375 0.7266826921875 0.9401709390624999 0.718669871875 0.9551282046875 0.6762019234375 0.9561965812500001 0.69703525625 0.9700854703124999 0.6978365390625 0.99358974375 0.7078125 0.9979166671874999
1 0.8717147437499999 0.9188034187499999 0.8733173078125 0.8867521375 0.8845352562500001 0.8643162390624999 0.9045673078125 0.85042735 0.9205929484375 0.8183760687499999 0.9173878203125 0.7831196578124999 0.9109775640625 0.7702991453125 0.8965544875000001 0.78205128125 0.886939103125 0.7959401703125 0.881330128125 0.8237179484375 0.8741185890625 0.8408119671875 0.8629006406249999 0.8611111109375 0.8548878203125 0.8728632484375 0.855689103125 0.8878205124999999 0.8645032046875001 0.9166666671874999 0.8717147437499999 0.9188034187499999
1 0.8356570515625 0.9433760687499999 0.8508814109375 0.9305555562500001 0.852483975 0.9027777765625 0.8532852562500001 0.8878205124999999 0.850080128125 0.8792735046875 0.8388621796875 0.8856837609375001 0.8292467953125 0.9027777765625 0.8236378203125 0.9230769234375 0.8172275640625 0.9391025640624999 0.806009615625 0.9604700859375 0.8052083328125 0.99465811875 0.810016025 0.9957264953125 0.815625 0.9722222234375 0.8356570515625 0.9433760687499999
1 0.77235576875 0.224358975 0.781169871875 0.22222222343750003 0.8164262828125001 0.2275641015625 0.8300480765625 0.22222222343750003 0.850080128125 0.2168803421875 0.8588942312500001 0.20405982968749997 0.8532852562500001 0.1869658125 0.8404647437499999 0.1773504265625 0.8172275640625 0.16773504374999998 0.812419871875 0.15170940156249998 0.7971955125 0.1709401703125 0.786778846875 0.17628205156250001 0.77235576875 0.1826923078125 0.75953525625 0.1869658125 0.7338942312500001 0.1741453 0.7403044875 0.199786325 0.730689103125 0.23504273593749997 0.747516025 0.22970085468749998 0.761939103125 0.21794871875 0.77235576875 0.224358975
1 0.7635416671875 0.12713675156249998 0.7835737171875 0.1217948703125 0.7971955125 0.10683760625000001 0.787580128125 0.0982905984375 0.77796474375 0.0908119671875 0.7651442312500001 0.08974358906249999 0.747516025 0.09401709375 0.7290865390625 0.0961538453125 0.7170673078124999 0.08012820468750001 0.7170673078124999 0.1111111109375 0.7138621796875 0.1282051296875 0.7290865390625 0.11858974375 0.744310896875 0.12713675156249998 0.7635416671875 0.12713675156249998
1 0.7659455125 0.0737179484375 0.7803685890625001 0.08119658125 0.7963942312500001 0.0876068375 0.7915865390625 0.09401709375 0.818028846875 0.09188034218749999 0.83485576875 0.0886752140625 0.8484775640625 0.08226495625 0.8508814109375 0.0651709390625 0.841266025 0.05662393125 0.8284455124999999 0.044871795312500004 0.806009615625 0.0363247859375 0.7835737171875 0.0363247859375 0.762740384375 0.0459401703125 0.7547275640625 0.050213675 0.744310896875 0.04273504375 0.721875 0.01923076875 0.7346955125 0.0587606828125 0.7258814109375 0.0876068375 0.7515224359375 0.0715811953125 0.7659455125 0.0737179484375
1 0.8645032046875001 0.0235042734375 0.8388621796875 0.035256410937499996 0.837259615625 0.049145299999999996 0.852483975 0.061965812499999995 0.862099359375 0.06944444375 0.880528846875 0.0641025640625 0.887740384375 0.049145299999999996 0.880528846875 0.0363247859375 0.8645032046875001 0.0235042734375
1 0.950240384375 0.1079059828125 0.9606570515625 0.09401709375 0.9606570515625 0.0790598296875 0.9478365390624999 0.0651709390625 0.9221955124999999 0.0705128203125 0.9101762828125001 0.0854700859375 0.8845352562500001 0.0673076921875 0.8909455124999999 0.099358975 0.875721153125 0.1324786328125 0.9029647437499999 0.1079059828125 0.912580128125 0.1111111109375 0.9302083328125 0.1111111109375 0.950240384375 0.1079059828125
1 0.6633814109375 0.0021367515625 0.6401442312500001 0 0.622516025 0.0010683765625 0.619310896875 0.0085470078125 0.6072916671875 0.0010683765625 0.596875 0.0053418812500000004 0.599278846875 0.022435898437499997 0.59046474375 0.04380341875 0.6112980765625 0.0235042734375 0.6289262828125 0.028846154687499997 0.6553685890625001 0.0395299140625 0.675400640625 0.029914529687500004 0.6737980765625 0.013888889062500001 0.6633814109375 0.0021367515625