1 0.3231907890625 0.30701754375 0.336348684375 0.2861842109375 0.34391534375 0.26951058125 0.3422619046875 0.24801587343749998 0.3331679890625 0.2436067015625 0.3223684203125 0.24780701718749998 0.3141534390625 0.2529761890625 0.303453946875 0.271929825 0.296875 0.290570175 0.29605263125 0.3026315796875 0.3231907890625 0.30701754375
1 0.3773974875 0.3158068796875 0.377810846875 0.32903439218749997 0.38607804218749997 0.3080908296875 0.3926917984375 0.30423280468749997 0.3984788359375 0.30257936406249997 0.40054563437499996 0.29486331718750003 0.40261243437500005 0.29100529218750004 0.4203869046875 0.2827380953125 0.42617394218750004 0.2722663140625 0.428240740625 0.2634479703125 0.4327876984375 0.2529761890625 0.4327876984375 0.2402998234375 0.4327876984375 0.2303791890625 0.428240740625 0.2259700171875 0.421626984375 0.22762345625 0.40674603125 0.2369929453125 0.400132275 0.2474647265625 0.3964120375 0.2662037046875 0.3959986765625 0.2794312171875 0.39351851875 0.2876984125 0.3897982796875 0.29431216875 0.3827711640625 0.30147707343749997 0.3773974875 0.3158068796875
1 0.40054563437499996 0.3747795421875 0.4013723546875 0.3676146375 0.40302579375 0.3560405640625 0.41211970937500003 0.35052910000000004 0.41997354531250003 0.3417107578125 0.42741402187500005 0.3284832453125 0.43154761875 0.3102954140625 0.43320105781249996 0.2987213390625 0.42617394218750004 0.29045414375 0.4166666671875 0.2937610234375 0.41046627031250005 0.30202821874999997 0.4038525125 0.3196649015625 0.39889219531250003 0.33344356249999996 0.3959986765625 0.3521825390625 0.39351851875 0.3576940046875 0.383597884375 0.3654100515625 0.40054563437499996 0.3747795421875
1 0.4476686515625 0.38029100625 0.45056216875 0.38580246875 0.4513888890625 0.3665123453125 0.4546957671875 0.3389550265625 0.4604828046875 0.3262786609375 0.4699900796875 0.3251763671875 0.47164351875 0.3356481484375 0.4737103171875 0.35163139375 0.477843915625 0.3384038796875 0.4832175921875 0.3246252203125 0.4894179890625 0.31360229375 0.491071428125 0.2976190484375 0.49024470937500003 0.28218694843750003 0.47991071406249997 0.28108465625 0.47205687812499997 0.2843915359375 0.4633763234375 0.29541446250000003 0.45758928593750003 0.31801146406249997 0.4513888890625 0.3367504421875 0.44725529062499997 0.35548941875 0.4422949734375 0.3615520296875 0.44312169375000005 0.37422839531249996 0.4476686515625 0.38029100625
1 0.46544312187500003 0.43099647343749997 0.4613095234375 0.41170635000000005 0.46172288437500003 0.39627425 0.46875 0.3841490296875 0.47164351875 0.3736772484375 0.47205687812499997 0.3626543203125 0.47205687812499997 0.354387125 0.47081679843749996 0.3395061734375 0.469163359375 0.33068783125 0.466269840625 0.3262786609375 0.45676256562499995 0.3312389765625 0.4555224875 0.3406084640625 0.4546957671875 0.35548941875 0.453042328125 0.37753527343750004 0.45097552968750004 0.4006834203125 0.4513888890625 0.4155643734375 0.4518022484375 0.42824074218749997 0.46544312187500003 0.43099647343749997
1 0.50967261875 0.43430335 0.5138062171875 0.43320105781249996 0.5146329359374999 0.42383156875 0.516286375 0.41391093593750006 0.5220734125 0.41446208125000006 0.5262070109375 0.40399029999999997 0.5291005296875 0.3885582015625 0.5291005296875 0.35052910000000004 0.5237268515625 0.32958553749999997 0.5171130953125 0.32903439218749997 0.50967261875 0.3350970015625 0.5076058203125 0.346671075 0.5038855812499999 0.37808641875000004 0.5030588625 0.3995811296875 0.5014054234375 0.4194223984375 0.5018187828125 0.42934303281249997 0.50967261875 0.43430335
1 0.46420304218749997 0.46296296249999996 0.4704034390625 0.46516754843749997 0.48073743437500005 0.45249118125 0.48859127031250005 0.4513888890625 0.4890046296875 0.43761022968749996 0.48652447031249996 0.4216269828125 0.4935515875 0.40950176406249994 0.49768518593750005 0.40564373906249995 0.497271825 0.39351851875 0.49272486718749997 0.3869047625 0.48776454999999996 0.38580246875 0.4819775125 0.3902116390625 0.47867063437499996 0.40288800625 0.47164351875 0.4243827171875 0.4761904765625 0.4271384484375 0.4741236765625 0.44146825468750006 0.46544312187500003 0.453593475 0.46420304218749997 0.46296296249999996
1 0.6142526453125 0.49988977031250004 0.6233465609375 0.49437830624999995 0.634920634375 0.47784391406250004 0.646494709375 0.46461640156249995 0.6489748671875 0.44697971875000003 0.6551752640624999 0.4254850078125 0.6551752640624999 0.41611552031250004 0.6510416671875 0.4128086421875 0.6423611109375 0.41225749531250006 0.6324404765625 0.4205246921875 0.622519840625 0.43761022968749996 0.6200396828125 0.453593475 0.615079365625 0.4783950625 0.6109457671875 0.4844576734375 0.6142526453125 0.49988977031250004
1 0.6010251328125 0.4783950625 0.6051587296875 0.47343474375000005 0.6084656078124999 0.4580026453125 0.6113591265625 0.44697971875000003 0.6105324078125001 0.43650793749999994 0.6018518515625 0.43595678906249996 0.59358465625 0.4530423265625 0.587384259375 0.47398589218750004 0.5820105812499999 0.49492945468749994 0.5824239421875 0.5065035265625 0.5886243390625 0.49272486875 0.6010251328125 0.4783950625
1 0.5803571421875 0.5616181671875 0.5799437828125 0.5715388 0.5853174609375 0.5742945328125 0.5915178578125 0.5566578484375 0.5948247359375001 0.5522486765625 0.6018518515625 0.5351631390625 0.6055720906250001 0.5235890640624999 0.6105324078125001 0.5026455015625 0.60887896875 0.483906525 0.60309193125 0.4800485 0.596478175 0.4866622578125 0.5886243390625 0.49713403906250003 0.58407738125 0.5109126984375 0.5811838625 0.5279982359375001 0.577463625 0.5434303359375 0.5758101859375 0.5522486765625 0.5803571421875 0.5616181671875
1 0.6618923609375 0.5795304234375 0.66065228125 0.59730489375 0.6643725203125 0.5898644187500001 0.6662326390625 0.57250330625 0.6696428578125 0.5691964296875 0.6727430562500001 0.5617559515625 0.674603175 0.5477017187500001 0.6783234125 0.5406746046875 0.6780133921875 0.5332341265625 0.679253471875 0.52290013125 0.6804935515625 0.4894179890625 0.6783234125 0.48156415468749997 0.6727430562500001 0.48156415468749997 0.6708829359374999 0.4923115078125 0.6680927578125 0.5092592578125 0.6656125984375 0.5501818796875 0.664992559375 0.5654761890625 0.6519717265625 0.575396825 0.6584821421875 0.5815972234375 0.6618923609375 0.5795304234375
1 0.6645423828125 0.5922399671874999 0.6691492625000001 0.6203931203125 0.6703009828125001 0.6296068796875 0.67529176875 0.624488125 0.6829699015624999 0.63165438125 0.68105036875 0.6449631453125 0.6852733421874999 0.6526412765625 0.687192875 0.6644144140625 0.6925675671875 0.6715806703125 0.6948710078125 0.6823300578125 0.7006296062499999 0.6854013109375 0.7083077390625 0.6787469296875 0.7148341515625 0.6710687953125001 0.7017813265624999 0.6674856671875 0.6948710078125 0.6567362812499999 0.6910319406250001 0.6424037671875 0.687192875 0.6127149875 0.6818181812499999 0.59377559375 0.672604421875 0.5840499578125 0.66876535625 0.5855855859375 0.6645423828125 0.5922399671874999
1 0.7179054046875 0.5605036859375 0.7144502453125 0.56971744375 0.719057125 0.58200245625 0.7432432437500001 0.5891687140624999 0.7639742015625 0.5722768234375 0.7678132671875 0.5579443078125 0.7735718671875 0.5461711703125001 0.7854729734375 0.54463554375 0.7789465609375 0.53132678125 0.7705006140624999 0.52569615 0.7632063875 0.53081490625 0.7578316953125 0.5205773953125 0.7501535625 0.51852989375 0.7328777640624999 0.5164823921874999 0.7298065109375 0.5277436515625 0.730574325 0.5364455359375 0.7240479109375 0.5456592953125 0.7179054046875 0.5605036859375
1 0.777794840625 0.7099713359375001 0.7824017203125 0.7104832109375 0.7896959453125 0.6976863234375 0.784321253125 0.6961506953125001 0.777410934375 0.6879606875000001 0.7731879609375001 0.6726044234375 0.7701167078125 0.6587837828125 0.7609029484375001 0.64342751875 0.75629606875 0.6301187546875 0.7501535625 0.6162981171874999 0.74362715 0.60708435625 0.7355651109375 0.5999181 0.7321099515625 0.61885749375 0.7351812046874999 0.6352375109375 0.7394041765625 0.6592956578125 0.752457003125 0.68079443125 0.758983415625 0.6833538078125 0.7701167078125 0.69359131875 0.777794840625 0.7099713359375001
1 0.8426750609375 0.8082514328125001 0.8488175671875 0.8261670765625 0.8518888203125 0.8230958234375001 0.85035319375 0.8067158062500001 0.8492014734375 0.7836814078125001 0.8472819406250001 0.76883701875 0.846130221875 0.7458026203125 0.8422911546874999 0.7319819812499999 0.8392199015624999 0.7140663390624999 0.8280866093749999 0.7069000812499999 0.8234797296874999 0.71969696875 0.8257831703124999 0.7350532359375 0.8303900484375 0.750921375 0.834996928125 0.7765151515625 0.8426750609375 0.8082514328125001
1 0.7674293609375 0.7852170359375 0.7762592140625 0.7954545453125 0.7862407859375 0.8087633078125 0.7893120390624999 0.8164414421874999 0.8131142499999999 0.8205364453125 0.7927671984375 0.8005732999999999 0.78739250625 0.7954545453125 0.784705159375 0.7872645375 0.7862407859375 0.7785626546875 0.7827856265625 0.76883701875 0.7762592140625 0.7591113828125 0.7739557734375 0.7483619984375001 0.7697328015625 0.7365888625 0.7674293609375 0.73044635625 0.7635902953125 0.74273136875 0.75629606875 0.75655200625 0.7597512281250001 0.76781326875 0.7674293609375 0.7852170359375
1 0.853808353125 0.8087633078125 0.8730036859375 0.8082514328125001 0.8795300984375001 0.8133701875 0.8887438578125 0.82463145 0.8883599515625 0.7995495499999999 0.88068181875 0.7964782953125 0.84958538125 0.76883701875 0.834613021875 0.7780507765625 0.8269348890625 0.7514332515625 0.8146498765624999 0.7504095000000001 0.8096590906250001 0.7534807546875 0.8073556515625 0.7626945125 0.8134981578125 0.774979525 0.821560196875 0.7857289109375001 0.8292383296875 0.7921273546875 0.836724509375 0.7895679765625 0.8369164625 0.7985257984375 0.8388359953125001 0.8010851765625 0.853808353125 0.8087633078125
1 0.7892628203125 0.48373694218749996 0.7865918796875 0.5039173796874999 0.78792735 0.5235042734375 0.7910434468750001 0.53537511875 0.8048433046874999 0.5324074078125001 0.8239850421874999 0.52291073125 0.8355591171875 0.5074786328124999 0.840010684375 0.4861111109375 0.8435719374999999 0.4724596390625 0.859597578125 0.4688983859375 0.8644943015625 0.4647435890625 0.8547008546875 0.4611823359375 0.8462428781250001 0.44634377968749994 0.8422364671875 0.43269230781249995 0.8395655265625 0.42616334375 0.8360042734375 0.4487179484375 0.8355591171875 0.45287274375 0.8328881765625 0.44396961093750004 0.8244301999999999 0.4415954421875 0.809740028125 0.44634377968749994 0.799501425 0.46296296249999996 0.7919337609375 0.4718660953125 0.7892628203125 0.48373694218749996
1 0.894340034375 0.38097319375 0.9107298953124999 0.3773310015625 0.9243881125 0.3838869453125 0.9309440562500001 0.3897144515625 0.9429632859374999 0.3838869453125 0.94023164375 0.375874125 0.922202796875 0.3642191140625 0.9134615390624999 0.3525641015625 0.9008959796875 0.33435314531250004 0.8872377625000001 0.32779720156250003 0.87521853125 0.33726690000000004 0.8730332171875 0.3598484859375 0.8801354890624999 0.375874125 0.894340034375 0.38097319375
3 0.9667359671875 0.3651247390625 0.9615384609375001 0.3534303546875 0.95016891875 0.32527720000000004 0.94302235 0.323977825 0.944321725 0.3387040890625 0.952767671875 0.36599099218750003 0.9478950109375001 0.36945599375 0.9423726609375 0.39501039531250004 0.9352260921875001 0.4019404015625 0.9300285859375 0.3971760234375 0.91800935625 0.39457726875 0.9196335765624999 0.4106029109375 0.9238565484375 0.42706167656250005 0.9001429312499999 0.44048856406250003 0.8933212062500001 0.44698544843750004 0.897544178125 0.4534823296875 0.9085888765625001 0.45564795625 0.9011174640625 0.4578135828125 0.8955951140625 0.4656098390625 0.8796777546874999 0.4729729734375 0.8829261953125 0.48986486406249996 0.8874740125 0.5032917546875 0.8787032218749999 0.50589050625 0.8761044703125 0.5110880109375 0.8728560296874999 0.5336105328125 0.871231809375 0.5500693 0.8647349265625 0.5271136515625 0.8601871109375001 0.5232155234375 0.8579132015625 0.5266805265625 0.8559641375 0.5401074140625 0.8520660078125 0.5366424125 0.8419958421875 0.5336105328125 0.8387474015624999 0.5418399171875 0.8458939703125001 0.5548336796875 0.8299766109375 0.5643624390624999 0.8234797296874999 0.5626299375 0.8169828484374999 0.5518018015624999 0.8114604984374999 0.5608974359375 0.812759875 0.5725918234375 0.8108108109375 0.5764899515625 0.812759875 0.5903499640625001 0.815358628125 0.6042099796875 0.8273778593750001 0.62586625 0.840371621875 0.6522869015625 0.8358238046875 0.6535862796874999 0.8189319125000001 0.6540194046875001 0.8030145531249999 0.649255025 0.790670478125 0.6514206515625001 0.7929443859374999 0.6626819125 0.808861746875 0.6730769234375 0.8267281703125 0.6769750515624999 0.8481678796875001 0.6761088015625 0.8647349265625 0.6999307 0.884225571875 0.7233194734375 0.8868243250000001 0.7285169796875001 0.8803274421875 0.7350138609375 0.8488175671875 0.7475744984375 0.8442697499999999 0.7293832296875 0.840371621875 0.7124913375 0.8361486484375 0.7085932078125 0.828677234375 0.70599445625 0.8241294171875 0.7189882187500001 0.8244542625 0.7328482328125 0.8270530140625001 0.7488738734375 0.8140592515625 0.749740125 0.80593815 0.7584026328125 0.809511434375 0.76923076875 0.790345634375 0.7700970203125 0.7929443859374999 0.7835239078125 0.815683471875 0.7835239078125 0.8101611234374999 0.7882882875 0.8004158 0.8038808046874999 0.8078872140625 0.8125433125000001 0.8179573796874999 0.8160083171875 0.8139297390625 0.8244825703125 0.7842133625 0.8160919546875001 0.77882543125 0.80854885 0.765625 0.7999281609375 0.7556573281250001 0.8002873562499999 0.749730603125 0.7999281609375 0.7440732765625 0.79633620625 0.7403017234375 0.8038793109375 0.7332974140624999 0.8096264375000001 0.726293103125 0.8078304609375 0.7246767234375 0.8006465515625001 0.734375 0.7844827578125 0.74164870625 0.7665229874999999 0.7489224140624999 0.7614942515625 0.7564655171875 0.7546695390625 0.7596982765625 0.7435344828125 0.765894396875 0.7295258625 0.7726293109375 0.7392241375 0.78367456875 0.73383620625 0.7753232765625 0.7230603453125 0.7618534484375 0.71875 0.7543103453125 0.7237787359375 0.7405711203124999 0.7244971265625 0.7300646546875 0.7273706890625 0.7227909484375 0.7234195390625 0.7165948281250001 0.70941091875 0.7122844828125 0.7018678171875 0.7117456890625 0.6925287359375 0.70554956875 0.6875 0.6966594828125 0.6842672421875 0.68803879375 0.67816091875 0.6896551718749999 0.6727729874999999 0.6858836203124999 0.6670258625 0.6839978453125 0.6530172421875 0.680668015625 0.6545209171875 0.680668015625 0.6372300937500001 0.678453946875 0.6321693671874999 0.6670673078125 0.63048245625 0.659792509375 0.6401821859375 0.659792509375 0.6309041828125 0.6578947375 0.6207827265625 0.6493547578125 0.6279520921875 0.6427125499999999 0.63933873125 0.6411310734375 0.6300607296875 0.6386007078125 0.60855263125 0.6363866390624999 0.5904183546875 0.6278466593750001 0.57987516875 0.617725203125 0.5857793515624999 0.601910425 0.5807186234375 0.5883097171875 0.5836707140625 0.5845141703125 0.5828272609375 0.581667509375 0.5769230765625 0.5778719640625 0.5697537109375 0.57755566875 0.5604757078125 0.5690156875 0.5537280703125 0.5611083 0.5571018890625 0.5532009109375 0.5646929828125 0.5538335015625 0.5571018890625 0.5465587046875 0.5478238875 0.5437120453125 0.5305330625 0.538651315625 0.54571525 0.5354883609375001 0.5364372484375 0.5262861015625 0.5512936234375 0.5291064984375 0.532490975 0.53296793125 0.5262870859375 0.540330496875 0.5137434562500001 0.5583278796875 0.49520069843750003 0.5620091625 0.4755671890625 0.5448298421875 0.4750218140625 0.530922775 0.4957460734375 0.530922775 0.48811082031249997 0.53051374375 0.4662958125 0.540330496875 0.4564790578125 0.5415575921875 0.43630017499999996 0.537876309375 0.41775741718750004 0.5317408375 0.40466841249999996 0.5182428015625 0.41884816718750006 0.5149705499999999 0.43848167499999996 0.5039267015625 0.43411867343750005 0.5018815437499999 0.41830279218750005 0.49492801093749994 0.4123036640625 0.490837696875 0.4270287953125 0.491246728125 0.45266143124999997 0.48633835156250005 0.45211605625000006 0.4650687171875 0.4722949390625 0.4658867796875 0.45429755624999996 0.46875 0.43902705 0.4667048421875 0.4297556734375 0.4482984296875 0.42375654375 0.44748036718749995 0.3943062828125 0.44298102031250003 0.37739965 0.4339823296875 0.3681282734375 0.4352094234375 0.3441317625 0.42375654375 0.34304101249999996 0.4041230359375 0.35831151875 0.4008507859375 0.3763089 0.382853403125 0.36485602031250003 0.3930791890625 0.35776614375000004 0.3951243453125 0.3424956375 0.4016688484375 0.31904450156249997 0.398396596875 0.3070462484375 0.384489528125 0.310863875 0.3795811515625 0.32995200625 0.3714005234375 0.3195898765625 0.3697643984375 0.3163176265625 0.3489037953125 0.3397687609375 0.335405759375 0.36103839375 0.3223167546875 0.3714005234375 0.3088187171875 0.36758289843749997 0.289185209375 0.3686736484375 0.2863219890625 0.38939790625000004 0.2789594234375 0.40630453749999995 0.2769142671875 0.39048865625 0.28182264375 0.34685863906250003 0.2916393984375 0.32395287968750003 0.288367146875 0.2912303671875 0.3014561515625 0.25196335 0.30104712031249997 0.20560645625 0.2928664921875 0.1946989515625 0.28018651875 0.2296029671875 0.273642015625 0.21160558593749998 0.26423429375 0.21815008749999998 0.2699607328125 0.24760035 0.26218913593750004 0.2683246078125 0.2441917546875 0.2312390921875 0.2335569375 0.23778359531249998 0.226603403125 0.24323734843749997 0.2216950265625 0.2628708546875 0.22701243437500002 0.3032286203125 0.21106020937499997 0.3092277484375 0.21392342968750003 0.2765052359375 0.21515052343750002 0.26014397968749997 0.20574280156250002 0.22851221718749998 0.2065608640625 0.20451570624999998 0.2008344234375 0.20506108125 0.18610929375000002 0.2557809765625 0.17424738281250002 0.2465095984375 0.1730202875 0.2066972078125 0.164839659375 0.1832460734375 0.1615674078125 0.1903359515625 0.1513416234375 0.17179319375 0.14070680625 0.1641579421875 0.14234293125 0.20724258281250002 0.1464332453125 0.22305846406250002 0.11821007812499999 0.21269633593749998 0.1108475125 0.20015270468750002 0.103075915625 0.1936082015625 0.0899869109375 0.1756108203125 0.07990056875 0.18110795468750002 0.0816761359375 0.2071496203125 0.0719105109375 0.20833333281250002 0.05859375 0.16453598593750002 0.051491476562500006 0.1503314390625 0.05060369375 0.1822916671875 0.04705255625 0.1455965921875 0.05681818125 0.1325757578125 0.051491476562500006 0.1207386359375 0.047940340625 0.1136363640625 0.04083806875 0.1041666671875 0.0337357953125 0.1207386359375 0.028409090625 0.1029829546875 0.028409090625 0.0686553015625 0.0221946015625 0.041429925 0.0133167609375 0.0390625 0.0168678984375 0.08285984843750001 0.012428976562500001 0.09706439375 0.029296875 0.1491477265625 0.007102273437499999 0.13375946875 0.008877840625 0.1621685609375 0.01953125 0.18110795468750002 0.01953125 0.1882102265625 0.008877840625 0.1917613640625 0.0044389203125 0.1882102265625 0.000887784375 0.1799242421875 0.0032838984374999997 0.9960451984375001 0.9972677593749999 0.9961293265625001 0.996413934375 0.3244535515625 0.9895833328125001 0.34153005468750003 0.9810450812499999 0.3563296890625 0.97421448125 0.3449453546875 0.9667359671875 0.3651247390625
0 0.3677536234375 0.2898550734375 0.37454710156250004 0.30253623125 0.38360507187500004 0.2995169078125 0.39266304375 0.28683574843750004 0.3990036234375 0.2566425125 0.4039855078125 0.2439613515625 0.41213768125000005 0.2294686 0.4180253625 0.22524154531249999 0.4302536234375 0.22524154531249999 0.43432970937500004 0.2336956515625 0.43387681093749997 0.2487922703125 0.4279891296875 0.2626811609375 0.42119565156250005 0.2850241546875 0.407155796875 0.2892512078125 0.4021739125 0.3019323671875 0.40443840625 0.3097826078125 0.413043478125 0.3007246375 0.42346014531250004 0.2904589375 0.434782609375 0.2964975859375 0.43387681093749997 0.3134057984375 0.4456521734375 0.3140096625 0.45471014531250004 0.3115942015625 0.4605978265625 0.29891304375 0.46557970937500004 0.2892512078125 0.4769021734375 0.27898550625 0.48731884062499997 0.27898550625 0.49230072500000005 0.28019323749999997 0.49139492812499996 0.3061594203125 0.48278985468749996 0.32185990468750003 0.475543478125 0.3466183578125 0.47373188437499997 0.35990338125 0.46920289843749996 0.38345410625 0.4615036234375 0.3973429953125 0.4624094203125 0.41787439531250004 0.4710144921875 0.4251207734375 0.47192029062499996 0.4100241546875 0.48143115937500003 0.3876811609375 0.48777173906250004 0.3810386484375 0.49864130468749995 0.388285025 0.5004528984375 0.40338164218749994 0.503170290625 0.4009661828125 0.504981884375 0.3737922703125 0.5072463765624999 0.3454106265625 0.5104166671875 0.33091787500000003 0.518568840625 0.3272946859375 0.526268115625 0.3315217390625 0.528532609375 0.34480676250000003 0.5317028984375 0.3822463765625 0.5271739125 0.4045893734375 0.5326086953125 0.4009661828125 0.538043478125 0.40640096718749996 0.5425724640625 0.4396135265625 0.5403079703125 0.45954106250000004 0.5307971015625 0.46920289843749996 0.5321557968749999 0.4927536234375 0.54483695625 0.47524154531249996 0.5584239125 0.47342995156249995 0.5629528984375 0.4788647328125 0.571105071875 0.48550724531249995 0.577406609375 0.4813218390625 0.583692528125 0.4657567046875 0.6070402296874999 0.4322318 0.6205100578125 0.41068007656249994 0.63667385 0.3723659 0.6456537359375 0.34482758593749996 0.650143678125 0.3089080453125 0.6483477015625 0.2861590046875 0.658225575 0.290948275 0.6806752875 0.2969348671875 0.7076149421875 0.28496168593750004 0.7345545984374999 0.2681992328125 0.7453304593750001 0.261015325 0.7596982765625 0.25143678125 0.7740660921875 0.22509578593750001 0.783943965625 0.19755747031249998 0.7992097703125001 0.14966474999999999 0.8090876437500001 0.09937739375 0.8153735624999999 0.0670498078125 0.8450071843750001 0.0826149421875 0.8665589078125 0.08022030625 0.8746408046875 0.0562739453125 0.8970905171875 0.0490900375 0.917744253125 0.040708812500000004 0.9482758625000001 0.020354406250000002 0.970725575 0.0035919546875 0.5375538796875 0 0.5174814359375 0.031971948437499995 0.488087871875 0.06394389375000001 0.449412128125 0.1464521453125 0.3990036234375 0.24033816406250003 0.38360507187500004 0.2675120765625 0.3677536234375 0.2898550734375