1 0.289983975 0.3878205125 0.287580128125 0.4166666671875 0.2891826921875 0.425213675 0.3076121796875 0.40705128124999995 0.3204326921875 0.3910256421875 0.33806089687499996 0.3792735046875 0.3476762828125 0.3707264953125 0.362900640625 0.36858974375 0.375721153125 0.3835470078125 0.394150640625 0.3910256421875 0.42860576874999995 0.3920940171875 0.4646634609375 0.39316239375 0.503125 0.3835470078125 0.52796474375 0.36965811875 0.5520032046875001 0.3525641015625 0.5664262828125 0.3333333328125 0.562419871875 0.31410256406250003 0.5479967953125 0.2948717953125 0.5303685890625001 0.27991452968749997 0.4959134609375 0.2660256421875 0.46626602500000003 0.2660256421875 0.4390224359375 0.275641025 0.41017628281249996 0.2767094015625 0.38453525625 0.2916666671875 0.36610576875 0.3076923078125 0.35649038437499997 0.3162393171875 0.34126602500000003 0.31517093906250004 0.3284455125 0.31089743593749997 0.30360576875 0.3044871796875 0.2771634609375 0.300213675 0.2835737171875 0.3269230765625 0.287580128125 0.35683760625 0.289983975 0.3878205125
1 0.4518429484375 0.2425213671875 0.4734775640625 0.2371794875 0.49110576874999995 0.2232905984375 0.50953525625 0.2115384625 0.511939103125 0.18910256406249998 0.48790064062500005 0.1848290609375 0.47668269218750003 0.19337606875 0.46706730781249994 0.1976495734375 0.45745192343749996 0.2104700859375 0.44703525624999996 0.2232905984375 0.4398237171875 0.2275641015625 0.42540064062500005 0.2275641015625 0.4278044875 0.2489316234375 0.43581730781249994 0.2670940171875 0.443028846875 0.25 0.4518429484375 0.2425213671875
1 0.512740384375 0.1634615375 0.531971153125 0.1463675203125 0.543189103125 0.12713675156249998 0.52796474375 0.1228632484375 0.5215544875 0.1228632484375 0.5047275640625 0.1292735046875 0.49751602500000003 0.1346153859375 0.48870192343749996 0.1474358984375 0.48149038437499997 0.15705128125 0.46546474375 0.1645299140625 0.47267628281249996 0.18589743593750002 0.4798878203125 0.1826923078125 0.487099359375 0.17628205156250001 0.512740384375 0.1634615375
1 0.681810896875 0 0.6673878203125 0.0053418812500000004 0.6601762828125 0.011752137499999999 0.6513621796875 0.024572649999999998 0.6417467953125 0.0416666671875 0.63453525625 0.0544871796875 0.631330128125 0.0598290609375 0.6145032046875001 0.06944444375 0.62171474375 0.08974358906249999 0.628125 0.10470085468749998 0.6385416671875 0.08012820468750001 0.653766025 0.06944444375 0.668189103125 0.0534188046875 0.6762019234375 0.061965812499999995 0.688221153125 0.0512820515625 0.693830128125 0.026709401562500002 0.7042467953125 0.00641025625 0.7034455125 0 0.681810896875 0
1 0.8989583328125 0.0726495734375 0.9366185890625 0.09401709375 0.966266025 0.11858974375 0.9984375 0.1291666671875 0.9984375 0.0333333328125 0.9830929484375 0.01816239375 0.968669871875 0.0085470078125 0.9518429484375 0.0010683765625 0.8204326921874999 0 0.8164262828125001 0.0053418812500000004 0.8052083328125 0.030982906249999997 0.8292467953125 0.03205128125 0.8452724359375001 0.027777776562500002 0.8645032046875001 0.027777776562500002 0.869310896875 0.034188032812500005 0.8773237171874999 0.0534188046875 0.8989583328125 0.0726495734375
1 0.3612980765625 0.2767094015625 0.36209935937500004 0.25641025625 0.36610576875 0.2371794875 0.3580929484375 0.23183760625 0.344471153125 0.24358974375 0.337259615625 0.25 0.33325320468749997 0.26816239375 0.3268429484375 0.2841880328125 0.313221153125 0.2970085484375 0.318028846875 0.3087606828125 0.32764423125 0.30341880468750004 0.3420673078125 0.29594017031250003 0.3612980765625 0.2767094015625
1 0.5952724359375 0.4700854703125 0.6096955125 0.4487179484375 0.6072916671875 0.43482906093749996 0.5984775640625 0.4273504265625 0.581650640625 0.42948717968750005 0.574439103125 0.43589743593749997 0.5608173078124999 0.4508547 0.5463942312500001 0.4519230765625 0.54078525625 0.4722222234375 0.5455929484375 0.49252136718750006 0.5608173078124999 0.48076923125000004 0.5760416671875 0.48290598281249997 0.5952724359375 0.4700854703125
1 0.837259615625 0.32905982968749997 0.83485576875 0.3119658125 0.825240384375 0.300213675 0.815625 0.2980769234375 0.7971955125 0.30662393125 0.7971955125 0.3130341875 0.7883814109375 0.31410256406250003 0.7827724359375 0.3269230765625 0.7803685890625001 0.3547008546875 0.7947916671875 0.3536324796875 0.8148237171874999 0.35576923125 0.8268429484375 0.34615384531250004 0.837259615625 0.32905982968749997
1 0.79078525625 0.4626068375 0.8012019234375 0.4594017109375 0.8052083328125 0.44123931718750004 0.7963942312500001 0.42841880468750004 0.784375 0.4209401703125 0.7667467953125 0.4230769234375 0.758733975 0.43162393125 0.7483173078124999 0.4230769234375 0.737900640625 0.41987179531249996 0.74110576875 0.43589743593749997 0.7370993593749999 0.45299145156250004 0.7491185890625001 0.44444444375 0.75953525625 0.45299145156250004 0.7763621796875 0.4626068375 0.79078525625 0.4626068375
1 0.7635416671875 0.7040598296875 0.775560896875 0.6987179484375 0.7987980765625 0.6912393171875 0.8324519234375 0.675213675 0.8532852562500001 0.64423076875 0.8388621796875 0.6346153859375 0.824439103125 0.6346153859375 0.8108173078125 0.6399572640625 0.7963942312500001 0.650641025 0.784375 0.6602564109375 0.775560896875 0.6688034187499999 0.7611378203125 0.6730769234375 0.7483173078124999 0.6730769234375 0.747516025 0.6965811953125 0.7515224359375 0.7147435890625 0.7635416671875 0.7040598296875
1 0.9342147437499999 0.52457265 0.949439103125 0.5117521375 0.949439103125 0.49572649531249996 0.943028846875 0.48076923125000004 0.931009615625 0.4861111109375 0.924599359375 0.49252136718750006 0.918990384375 0.5 0.9133814109375 0.5106837609375 0.900560896875 0.5064102562499999 0.9053685890625 0.5277777765625 0.9085737171874999 0.5438034187499999 0.9213942312500001 0.5341880328124999 0.9342147437499999 0.52457265
1 0.128125 0.474358975 0.1265224359375 0.46153846249999997 0.12011217968750001 0.449786325 0.10568910312499999 0.4583333328125 0.0984775640625 0.4626068375 0.0888621796875 0.4700854703125 0.07764423125 0.4647435890625 0.0736378203125 0.4658119671875 0.07443910312499999 0.48504273593749997 0.07443910312499999 0.5010683765625 0.0840544875 0.49358974375000003 0.094471153125 0.4903846140625 0.118509615625 0.4893162390625 0.128125 0.474358975
1 0.2859775640625 0.5779914515625 0.2979967953125 0.574786325 0.30681089687499996 0.5641025640625 0.3084134609375 0.5555555562500001 0.2971955125 0.54273504375 0.287580128125 0.54273504375 0.27315705156250003 0.5438034187499999 0.2515224359375 0.5480769234375 0.2451121796875 0.5576923078125 0.2330929484375 0.5587606828125 0.2210737171875 0.5544871796875 0.22347756406250002 0.5726495734375 0.22267628281250001 0.5833333328125 0.23389423125 0.5779914515625 0.244310896875 0.5737179484375 0.261939103125 0.5779914515625 0.2859775640625 0.5779914515625
1 0.29399038437499997 0.6805555562500001 0.30520833281250004 0.6698717953125 0.318028846875 0.65598290625 0.33806089687499996 0.6335470078125 0.3596955125 0.61965811875 0.3765224359375 0.60042735 0.38453525625 0.5705128203125 0.3733173078125 0.5619658125 0.3612980765625 0.5662393171875 0.35328525625 0.574786325 0.3428685890625 0.5833333328125 0.337259615625 0.5886752140625 0.3300480765625 0.5982905984375 0.3172275640625 0.6153846140625 0.3108173078125 0.6292735046875 0.300400640625 0.6356837609375 0.28838141093749997 0.6431623937500001 0.2947916671875 0.6623931625 0.29399038437499997 0.6805555562500001
1 0.0231570515625 0.53098290625 0.0023237171875000002 0.5267094015625 0 0.5666666671875 0.0231570515625 0.5673076921875 0.039983975 0.55662393125 0.055208332812500004 0.5470085484375 0.0576121796875 0.5331196578124999 0.036778846875 0.5277777765625 0.0231570515625 0.53098290625
1 0.0800480765625 0.5299145296875001 0.07924679531249999 0.51923076875 0.0608173078125 0.5032051296875 0.0383814109375 0.4882478625 0.018349359375 0.48183760624999994 0.000721153125 0.48183760624999994 0.003125 0.52457265 0.018349359375 0.5299145296875001 0.0295673078125 0.525641025 0.0479967953125 0.5267094015625 0.05921474375 0.5299145296875001 0.062419871875 0.5352564109375 0.0800480765625 0.5299145296875001
1 0.087259615625 0.70726495625 0.11129807656249999 0.7051282046875 0.1393429484375 0.7061965812500001 0.1585737171875 0.6976495734375 0.17860576875 0.6923076921875 0.20024038437499997 0.6901709390625 0.2106570515625 0.66773504375 0.205849359375 0.6367521375 0.1922275640625 0.6282051296875 0.17139423125 0.6132478625 0.149759615625 0.60042735 0.1209134609375 0.60042735 0.09046474374999999 0.6068376062499999 0.063221153125 0.6143162390625 0.036778846875 0.625 0.0175480765625 0.6324786328124999 0.0039262828125 0.6292735046875 0 0.6791666671875001 0.0135416671875 0.6826923078125 0.0231570515625 0.6805555562500001 0.02796474375 0.699786325 0.047195512499999995 0.7040598296875 0.068028846875 0.70726495625 0.087259615625 0.70726495625
1 0.060016024999999994 0.7670940171875 0.0840544875 0.7425213671875001 0.0976762828125 0.72542735 0.106490384375 0.7094017109374999 0.0760416671875 0.7061965812500001 0.063221153125 0.70726495625 0.0455929484375 0.70726495625 0.039983975 0.72542735 0.036778846875 0.75 0.033573717187500005 0.76923076875 0.037580128125 0.7980769234375 0.04639423125 0.8183760687499999 0.05040064062500001 0.8055555562500001 0.0512019234375 0.7852564109375 0.060016024999999994 0.7670940171875
1 0 0.875 0.019150640625 0.8728632484375 0.037580128125 0.8707264953125 0.056009615624999995 0.86858974375 0.087259615625 0.8739316234375 0.10969551250000001 0.875 0.1457532046875 0.86858974375 0.1633814109375 0.8600427359375 0.17860576875 0.849358975 0.17860576875 0.8311965812500001 0.1705929484375 0.8205128203125 0.1521634609375 0.8119658125000001 0.122516025 0.8034188046875 0.08645833281250001 0.8141025640624999 0.056810896875 0.8162393171875 0.039983975 0.8205128203125 0.0239583328125 0.8344017109375 0 0.8375 0 0.875
1 0.099278846875 0.9636752140624999 0.10889423125 0.9540598296875 0.1273237171875 0.9273504265625 0.10969551250000001 0.9198717953125 0.0952724359375 0.9209401703125 0.075240384375 0.9241453 0.049599359375 0.9358974359375001 0.033573717187500005 0.9284188046875 0.0239583328125 0.9155982890625 0.022355768749999998 0.9433760687499999 0.018349359375 0.9551282046875 0.036778846875 0.9508547 0.068028846875 0.9594017109375 0.0840544875 0.9647435890624999 0.099278846875 0.9636752140624999
1 0.0734375 0.9979166671874999 0.10408653906250001 0.9967948703125 0.11610576875 0.9882478625 0.13293269218749998 0.9775641015625001 0.14735576875 0.9711538453124999 0.17139423125 0.9647435890624999 0.193830128125 0.9508547 0.2074519234375 0.9358974359375001 0.22828525625 0.9198717953125 0.2395032046875 0.9123931625000001 0.2346955125 0.8985042734375 0.2114583328125 0.89316239375 0.185016025 0.8963675203125 0.16418269218749998 0.90705128125 0.15056089687500002 0.9177350437499999 0.136939103125 0.9241453 0.12892628281250001 0.9326923078125 0.112900640625 0.9465811953125 0.10568910312499999 0.9626068374999999 0.0984775640625 0.9700854703124999 0.07764423125 0.9764957265625 0.0704326921875 0.9797008546875 0.0734375 0.9979166671874999
1 0.250721153125 0.6891025640625 0.2539262828125 0.7136752140625 0.2667467953125 0.7115384625 0.2763621796875 0.7029914515625 0.3084134609375 0.7029914515625 0.331650640625 0.6901709390625 0.3300480765625 0.6741453 0.3172275640625 0.6623931625 0.3084134609375 0.6688034187499999 0.29399038437499997 0.6848290609375 0.289983975 0.6784188046875 0.2915865390625 0.6623931625 0.2859775640625 0.650641025 0.2771634609375 0.64957265 0.2659455125 0.6527777765625 0.250721153125 0.6581196578124999 0.2459134609375 0.6655982890625001 0.2346955125 0.6655982890625001 0.21866987187500003 0.6602564109375 0.22267628281250001 0.6784188046875 0.21866987187500003 0.6891025640625 0.2330929484375 0.6858974359375 0.250721153125 0.6891025640625
1 0.2827724359375 0.76923076875 0.29399038437499997 0.7574786328124999 0.2891826921875 0.7467948703125 0.27075320468749997 0.7414529921875 0.2579326921875 0.7425213671875001 0.2491185890625 0.7510683765625 0.2403044875 0.75534188125 0.22427884687500002 0.7532051296875 0.21947115312499998 0.7724358984374999 0.2178685890625 0.78205128125 0.2322916671875 0.77457265 0.2451121796875 0.7852564109375 0.2643429484375 0.78205128125 0.2827724359375 0.76923076875
1 0.2915865390625 0.900641025 0.30120192343749996 0.89316239375 0.318830128125 0.8963675203125 0.3300480765625 0.9049145296875001 0.350080128125 0.90598290625 0.37251602500000003 0.9145299140625 0.40136217968750004 0.9166666671874999 0.431009615625 0.9145299140625 0.45104166718750005 0.90598290625 0.47668269218750003 0.8867521375 0.48549679531249995 0.8653846140624999 0.4927083328125 0.849358975 0.48870192343749996 0.8290598296875 0.4646634609375 0.8130341874999999 0.45024038437499997 0.7948717953125 0.4270032046875 0.7852564109375 0.409375 0.7916666671875 0.3893429484375 0.7948717953125 0.3789262828125 0.7980769234375 0.3709134609375 0.7980769234375 0.35649038437499997 0.8044871796875 0.33565705156250003 0.8258547 0.3284455125 0.8344017109375 0.3204326921875 0.8376068374999999 0.3076121796875 0.8376068374999999 0.2947916671875 0.8376068374999999 0.2859775640625 0.8376068374999999 0.27556089687499996 0.8354700859375 0.26514423125 0.8322649562500001 0.258733975 0.8386752140624999 0.25953525625 0.85042735 0.25713141093749997 0.86858974375 0.250721153125 0.88034188125 0.2491185890625 0.89957265 0.250721153125 0.9166666671874999 0.2515224359375 0.9273504265625 0.27315705156250003 0.9155982890625 0.2915865390625 0.900641025
1 0.2523237171875 0.9893162390624999 0.274759615625 0.9957264953125 0.35328525625 0.9978632484375 0.35649038437499997 0.9850427359375 0.3572916671875 0.9668803421875 0.33645833281250004 0.9604700859375 0.318028846875 0.9519230765625 0.29959935937500004 0.9540598296875 0.2915865390625 0.9529914515625 0.2827724359375 0.9540598296875 0.2539262828125 0.9604700859375 0.2539262828125 0.9668803421875 0.23629807656250001 0.9647435890624999 0.23629807656250001 0.98183760625 0.2359375 0.9979166671874999 0.2523237171875 0.9893162390624999
1 0.5199519234375 0.7596153859375 0.5303685890625001 0.77457265 0.5479967953125 0.7873931625 0.5736378203125 0.7980769234375 0.5864583328124999 0.7938034187499999 0.5984775640625 0.7895299140625001 0.600080128125 0.7767094015625 0.59046474375 0.7670940171875 0.581650640625 0.75 0.571233975 0.7393162390625 0.5455929484375 0.7275641015625001 0.5303685890625001 0.724358975 0.5167467953125 0.724358975 0.5103365390625 0.7126068375 0.5023237171875 0.7061965812500001 0.49751602500000003 0.71794871875 0.49190705156250003 0.7329059828125 0.4846955125 0.7478632484375 0.4927083328125 0.7510683765625 0.5023237171875 0.74465811875 0.5199519234375 0.7596153859375
1 0.6866185890625001 0.86965811875 0.7106570515625 0.8600427359375 0.721875 0.8525641015625001 0.725080128125 0.8408119671875 0.7146634609375 0.8237179484375 0.700240384375 0.8173076921875 0.668990384375 0.8215811953125 0.650560896875 0.8290598296875 0.6289262828125 0.8311965812500001 0.6120993593749999 0.824786325 0.60328525625 0.8183760687499999 0.594471153125 0.8119658125000001 0.596875 0.8258547 0.593669871875 0.8354700859375 0.5832532046875001 0.8514957265625 0.599278846875 0.8536324796875 0.6209134609375 0.8547008546875 0.636939103125 0.8664529921874999 0.6577724359375 0.8728632484375 0.6866185890625001 0.86965811875
1 0.52796474375 0.9358974359375001 0.5359775640625 0.9316239312500001 0.5455929484375 0.9455128203125 0.5640224359375 0.949786325 0.5864583328124999 0.949786325 0.599278846875 0.9455128203125 0.619310896875 0.9337606828125 0.6393429484375 0.9198717953125 0.636939103125 0.9123931625000001 0.6273237171875 0.8985042734375 0.6072916671875 0.89423076875 0.5872596156250001 0.8920940171874999 0.5672275640625 0.8952991453125 0.5479967953125 0.900641025 0.539983975 0.8878205124999999 0.5335737171875 0.88034188125 0.5135416671875 0.86965811875 0.5103365390625 0.8899572640625 0.5111378203125 0.9188034187499999 0.49831730781249994 0.9348290609375001 0.49671474375 0.9455128203125 0.52796474375 0.9358974359375001
1 0.362900640625 0.724358975 0.37171474375 0.7222222234375 0.383733975 0.7061965812500001 0.39334935937500004 0.6976495734375 0.41017628281249996 0.6923076921875 0.43501602500000003 0.6880341875 0.45424679531249995 0.6837606828125 0.46947115312500004 0.6655982890625001 0.4903044875 0.64957265 0.49110576874999995 0.6324786328124999 0.48389423125000003 0.625 0.46546474375 0.6132478625 0.443028846875 0.6153846140625 0.4270032046875 0.6239316234375 0.4173878203125 0.625 0.41017628281249996 0.6324786328124999 0.40136217968750004 0.6410256421875 0.3909455125 0.6527777765625 0.38213141093749997 0.6613247859375 0.37171474375 0.6549145296875001 0.3604967953125 0.6591880328124999 0.36209935937500004 0.6848290609375 0.36209935937500004 0.7104700859374999 0.362900640625 0.724358975
1 0.6409455125 0.6645299140625001 0.66578525625 0.6613247859375 0.6762019234375 0.65705128125 0.688221153125 0.6324786328124999 0.688221153125 0.6271367515625 0.6713942312500001 0.6185897437500001 0.6545673078124999 0.6207264953125 0.6457532046875001 0.6346153859375 0.637740384375 0.6388888890625 0.6265224359375 0.64957265 0.622516025 0.65598290625 0.6088942312500001 0.6549145296875001 0.6145032046875001 0.6741453 0.6177083328124999 0.6805555562500001 0.625721153125 0.6698717953125 0.6409455125 0.6645299140625001
1 0.7851762828125 0.9839743578125001 0.7891826921875 0.9861111109375 0.7923878203125 0.9967948703125 0.8116185890625 0.9882478625 0.8228365390624999 0.9861111109375 0.8428685890625 0.9925213671875 0.8508814109375 0.9893162390624999 0.8548878203125 0.97542735 0.8452724359375001 0.9626068374999999 0.83485576875 0.9465811953125 0.8140224359375001 0.9380341874999999 0.793189103125 0.9337606828125 0.7715544875 0.9358974359375001 0.7515224359375 0.9423076921875 0.7459134609375 0.9316239312500001 0.7346955125 0.9166666671874999 0.72828525625 0.9455128203125 0.725080128125 0.9626068374999999 0.7403044875 0.9604700859375 0.753125 0.9594017109375 0.7699519234375 0.97542735 0.7851762828125 0.9839743578125001
1 0.9398237171874999 0.85683760625 0.9766826921874999 0.8472222234375 0.9984375 0.8354166671875 0.9984375 0.8145833328125001 0.9879006406249999 0.8087606828125 0.9606570515625 0.8055555562500001 0.9526442312500001 0.8087606828125 0.943830128125 0.8173076921875 0.9294070515625 0.824786325 0.9237980765625 0.8290598296875 0.9213942312500001 0.8547008546875 0.9213942312500001 0.875 0.9294070515625 0.8760683765625 0.9398237171874999 0.85683760625
1 0.9398237171874999 0.97542735 0.9534455124999999 0.9626068374999999 0.9550480765625 0.9444444437499999 0.949439103125 0.9294871796875 0.9414262828125001 0.9294871796875 0.9221955124999999 0.9358974359375001 0.9165865390624999 0.9401709390624999 0.906169871875 0.9476495734375 0.8893429484375 0.9380341874999999 0.8893429484375 0.9647435890624999 0.8893429484375 0.9861111109375 0.899759615625 0.9829059828125001 0.9109775640625 0.9764957265625 0.9398237171874999 0.97542735
1 0.9582532046875001 0.6613247859375 0.987099359375 0.6549145296875001 0.994310896875 0.6549145296875001 0.9984375 0.65 0.9984375 0.60625 0.993509615625 0.60576923125 0.9830929484375 0.6153846140625 0.962259615625 0.6207264953125 0.9582532046875001 0.6292735046875 0.9478365390624999 0.6399572640625 0.918990384375 0.6399572640625 0.92860576875 0.6581196578124999 0.9294070515625 0.6730769234375 0.9470352562500001 0.6688034187499999 0.9582532046875001 0.6613247859375
1 0.99110576875 0.7574786328124999 0.9984375 0.75625 0.9984375 0.725 0.9854967953125 0.7200854703124999 0.9798878203125 0.7115384625 0.9670673078125 0.7104700859374999 0.9510416671874999 0.7147435890625 0.937419871875 0.7051282046875 0.9366185890625 0.7200854703124999 0.931810896875 0.7361111109375 0.9510416671874999 0.7382478625 0.9638621796875 0.7510683765625 0.981490384375 0.7574786328124999 0.99110576875 0.7574786328124999
1 0.924599359375 0.15598290625 0.918189103125 0.15811965781249998 0.9141826921874999 0.15811965781249998 0.89735576875 0.15170940156249998 0.880528846875 0.1474358984375 0.8717147437499999 0.1549145296875 0.868509615625 0.1730769234375 0.8797275640625 0.1901709390625 0.8981570515625 0.1923076921875 0.9077724359375001 0.1901709390625 0.9221955124999999 0.19444444375 0.9254006406249999 0.1720085484375 0.924599359375 0.15598290625
1 0.8476762828125001 0.1613247859375 0.837259615625 0.14957265 0.8316506406249999 0.13675213749999998 0.8268429484375 0.1239316234375 0.818028846875 0.11965811875000001 0.8084134609375001 0.12713675156249998 0.8116185890625 0.14529914531250002 0.8076121796875 0.150641025 0.7915865390625 0.15598290625 0.8084134609375001 0.1645299140625 0.8196314109375 0.18055555625 0.825240384375 0.1794871796875 0.8284455124999999 0.16559828906250001 0.8476762828125001 0.1613247859375