1 0.411778846875 0.3258547 0.4173878203125 0.30982906093749996 0.424599359375 0.28311965781250004 0.412580128125 0.2873931625 0.39495192343749996 0.2980769234375 0.378125 0.2948717953125 0.362900640625 0.2735042734375 0.349278846875 0.2596153859375 0.3388621796875 0.25534188125 0.33485576875 0.26923076875 0.32764423125 0.2841880328125 0.344471153125 0.30555555624999997 0.3701121796875 0.3162393171875 0.39014423125 0.324786325 0.411778846875 0.3258547
1 0.5840544875 0.41987179531249996 0.571233975 0.4166666671875 0.5495993593749999 0.40705128124999995 0.531971153125 0.3974358984375 0.519150640625 0.39957265 0.511939103125 0.4027777765625 0.5015224359375 0.39316239375 0.49671474375 0.40705128124999995 0.49511217968750004 0.4262820515625 0.5351762828125 0.4476495734375 0.5616185890625001 0.4508547 0.5736378203125 0.44017093906250004 0.5840544875 0.41987179531249996
1 0.9710737171874999 0.28098290625 0.977483975 0.2606837609375 0.9526442312500001 0.2617521375 0.9334134609375001 0.25213675156250004 0.8949519234375 0.2478632484375 0.8604967953125 0.25320512968750003 0.8284455124999999 0.2660256421875 0.8404647437499999 0.2873931625 0.8701121796875 0.2852564109375 0.918189103125 0.2970085484375 0.9510416671874999 0.29059828906249996 0.968669871875 0.30341880468750004 0.9710737171874999 0.28098290625
1 0.9984375 0.0375 0.9984375 0.0229166671875 0.9726762828125001 0.01923076875 0.9470352562500001 0.011752137499999999 0.92860576875 0.007478632812499999 0.906971153125 0.0149572640625 0.8941506406249999 0.025641025 0.9021634609375001 0.035256410937499996 0.9262019234375 0.0480769234375 0.9542467953125 0.0480769234375 0.975080128125 0.0459401703125 0.987099359375 0.04273504375 0.9984375 0.0375
1 0.7915865390625 0.3611111109375 0.7795673078124999 0.3632478625 0.7763621796875 0.375 0.7851762828125 0.3846153859375 0.8004006406249999 0.3888888890625 0.8196314109375 0.39423076875 0.8452724359375001 0.38995726406250003 0.862099359375 0.3846153859375 0.849278846875 0.37713675156250004 0.8300480765625 0.3707264953125 0.8076121796875 0.3621794875 0.7915865390625 0.3611111109375
1 0.8717147437499999 0.5544871796875 0.8717147437499999 0.5288461546875001 0.8853365390624999 0.5117521375 0.856490384375 0.5138888890625 0.8364583328125 0.5 0.812419871875 0.49145299218750005 0.7891826921875 0.4871794875 0.7795673078124999 0.4839743578125 0.7667467953125 0.49252136718750006 0.7683493593749999 0.5032051296875 0.7987980765625 0.52457265 0.8316506406249999 0.53205128125 0.8580929484375 0.5373931625 0.8717147437499999 0.5544871796875
1 0.7298878203125 0.58226495625 0.747516025 0.5641025640625 0.721875 0.5651709390625 0.700240384375 0.5534188046875 0.681810896875 0.5405982890625001 0.6697916671875 0.5373931625 0.6601762828125 0.54273504375 0.6633814109375 0.5619658125 0.68421474375 0.5790598296875 0.7138621796875 0.5854700859374999 0.725080128125 0.6068376062499999 0.7298878203125 0.58226495625
1 0.824439103125 0.5961538453124999 0.7947916671875 0.599358975 0.7827724359375 0.5918803421875001 0.7579326921875 0.5854700859374999 0.7370993593749999 0.5876068375 0.7298878203125 0.6025641015625001 0.7330929484375 0.6164529921875 0.7659455125 0.6260683765625 0.789983975 0.6239316234375 0.821233975 0.6452991453125 0.8092147437499999 0.6089743578125 0.824439103125 0.5961538453124999
1 0.9197916671874999 0.6837606828125 0.9326121796875 0.6602564109375 0.906971153125 0.6698717953125 0.886939103125 0.6645299140625001 0.8677083328125 0.65598290625 0.841266025 0.64957265 0.8284455124999999 0.6538461546875001 0.8236378203125 0.6666666671875 0.849278846875 0.68162393125 0.8821314109375 0.6923076921875 0.906169871875 0.6955128203125 0.9197916671874999 0.7094017109374999 0.9197916671874999 0.6837606828125
1 0.6986378203125 0.6175213671875001 0.6898237171875 0.63034188125 0.6673878203125 0.6217948703125 0.6425480765625 0.6185897437500001 0.6233173078124999 0.61965811875 0.605689103125 0.6271367515625 0.6177083328124999 0.64423076875 0.6385416671875 0.6517094015625 0.664983975 0.650641025 0.68421474375 0.6452991453125 0.6954326921875 0.6527777765625 0.6986378203125 0.6175213671875001
1 0.6425480765625 0.59294871875 0.625721153125 0.58226495625 0.6048878203125 0.5715811953125 0.5864583328124999 0.5715811953125 0.5896634609375 0.5865384625 0.6120993593749999 0.6014957265625 0.6393429484375 0.6100427359375 0.6577724359375 0.6132478625 0.6641826921875 0.5950854703124999 0.6425480765625 0.59294871875
1 0.27876602500000003 0.2713675203125 0.26514423125 0.2638888890625 0.25713141093749997 0.2596153859375 0.25713141093749997 0.27777777656249997 0.27395833281250004 0.29273504375 0.2915865390625 0.30555555624999997 0.30360576875 0.29059828906249996 0.29399038437499997 0.28205128125 0.27876602500000003 0.2713675203125
1 0.2611378203125 0.30341880468750004 0.24991987187500003 0.2980769234375 0.256330128125 0.324786325 0.27556089687499996 0.34188034218749996 0.2987980765625 0.3525641015625 0.30360576875 0.33226495625 0.2835737171875 0.31837606875 0.2611378203125 0.30341880468750004
1 0.5952724359375 0.4797008546875 0.5856570515625 0.4839743578125 0.574439103125 0.4797008546875 0.5608173078124999 0.4636752140625 0.543990384375 0.4604700859375 0.5327724359375 0.4711538453125 0.5383814109375 0.4903846140625 0.562419871875 0.5042735046875 0.5800480765625 0.5032051296875 0.5856570515625 0.5170940171875 0.5896634609375 0.49893162343749997 0.5952724359375 0.4797008546875
3 0 0.9958333328125001 0.9984375 0.9979166671874999 0.9984375 0.725 0.9726762828125001 0.7147435890625 0.9606570515625 0.6965811953125 0.974278846875 0.6858974359375 0.9984375 0.6875 0.9984375 0.4479166671875 0.9887019234375 0.44123931718750004 0.9726762828125001 0.4166666671875 0.962259615625 0.4027777765625 0.9984375 0.4 0.9984375 0.24583333281250003 0.9854967953125 0.26816239375 0.980689103125 0.2841880328125 0.9734775640625 0.29059828906249996 0.971875 0.3012820515625 0.9574519234375 0.2991453 0.9446314109375 0.29380341875 0.9213942312500001 0.2970085484375 0.8981570515625 0.2916666671875 0.8629006406249999 0.2873931625 0.846875 0.29059828906249996 0.844471153125 0.2970085484375 0.8332532046875001 0.30555555624999997 0.8268429484375 0.3258547 0.8228365390624999 0.3397435890625 0.8164262828125001 0.3579059828125 0.8116185890625 0.3611111109375 0.8044070515625 0.3514957265625 0.7915865390625 0.33653846249999997 0.7763621796875 0.33440171093750004 0.7651442312500001 0.33653846249999997 0.753125 0.324786325 0.753125 0.31517093906250004 0.7435096156250001 0.2970085484375 0.725080128125 0.3205128203125 0.718669871875 0.3173076921875 0.699439103125 0.3279914515625 0.685016025 0.34401709375 0.6858173078124999 0.3675213671875 0.6770032046875001 0.39423076875 0.656971153125 0.42948717968750005 0.6417467953125 0.44658119531249996 0.6112980765625 0.45726495624999997 0.5920673078124999 0.45726495624999997 0.5776442312500001 0.474358975 0.5872596156250001 0.4764957265625 0.5984775640625 0.47542735 0.5952724359375 0.49145299218750005 0.5888621796875 0.5042735046875 0.5832532046875001 0.5224358984374999 0.575240384375 0.5064102562499999 0.565625 0.5042735046875 0.5471955125 0.5010683765625 0.536778846875 0.4861111109375 0.536778846875 0.46794871875000005 0.5455929484375 0.45619658125000007 0.5455929484375 0.4519230765625 0.5391826921875 0.44658119531249996 0.52796474375 0.44658119531249996 0.5071314109375 0.43482906093749996 0.49431089687499996 0.425213675 0.49671474375 0.4081196578125 0.499919871875 0.3835470078125 0.512740384375 0.3963675203125 0.52235576875 0.39957265 0.5351762828125 0.3920940171875 0.5295673078124999 0.38034188125 0.508733975 0.36965811875 0.48549679531249995 0.3611111109375 0.474278846875 0.35576923125 0.4678685890625 0.375 0.45745192343749996 0.38141025625 0.44543269218750003 0.3910256421875 0.43581730781249994 0.3878205125 0.43261217968750004 0.4102564109375 0.44142628281249996 0.43055555625 0.4478365390625 0.44337606875 0.44142628281249996 0.4583333328125 0.443830128125 0.48076923125000004 0.45264423125000003 0.5277777765625 0.446233975 0.50534188125 0.42940705156250003 0.4764957265625 0.41418269218750003 0.4540598296875 0.39495192343749996 0.4476495734375 0.3797275640625 0.44123931718750004 0.3596955125 0.43055555625 0.3388621796875 0.4209401703125 0.321233975 0.43055555625 0.31001602500000003 0.4487179484375 0.2915865390625 0.4636752140625 0.2803685890625 0.4658119671875 0.274759615625 0.45619658125000007 0.27395833281250004 0.43482906093749996 0.2547275640625 0.42200854843749996 0.24110576875 0.4262820515625 0.23149038437499997 0.44230769218750005 0.2146634609375 0.44017093906250004 0.19142628281250001 0.4380341875 0.185016025 0.4209401703125 0.1729967953125 0.4145299140625 0.159375 0.4273504265625 0.1417467953125 0.4273504265625 0.13453525625 0.44123931718750004 0.09046474374999999 0.4626068375 0.022355768749999998 0.474358975 0.0015224359374999999 0.4786324796875 0 0.4895833328125 0 0.9958333328125001
1 0.9967147437499999 0.40598290625000005 0.987099359375 0.4017094015625 0.9758814109375 0.40705128124999995 0.9830929484375 0.4273504265625 0.9983173078125 0.43376068281249996 0.9984375 0.43333333281249997 0.9984375 0.40833333281249995 0.9984375 0.40416666718750005 0.9967147437499999 0.40598290625000005
1 0.9984375 0.7229166671875 0.9984375 0.6979166671875 0.9967147437499999 0.69337606875 0.9854967953125 0.6901709390625 0.9758814109375 0.6901709390625 0.968669871875 0.6912393171875 0.9654647437499999 0.699786325 0.9702724359375001 0.7061965812500001 0.9830929484375 0.7168803421875001 0.9967147437499999 0.7232905984375 0.9984375 0.7229166671875