1 0.3032686 0.3603665203125 0.2991657546875 0.3603665203125 0.289763403125 0.3608223921875 0.2810448578125 0.3608223921875 0.2738648796875 0.36059445625 0.2612144421875 0.3642414296875 0.25010257187499996 0.3719912484375 0.2422387859375 0.38042487343750003 0.2396745078125 0.3856673953125 0.24052926718749998 0.3899981765625 0.24719638906250002 0.39341721406249996 0.2574535015625 0.3956965703125 0.26788156406249997 0.39501276406249997 0.2759163015625 0.39273340625 0.285831509375 0.38589533125000003 0.2930114875 0.3765499625 0.3005333703125 0.3676604671875 0.3032686 0.3603665203125
1 0.378316465625 0.4278355203125 0.37814551406249997 0.4212253828125 0.3726750546875 0.4182622171875 0.3569474828125 0.4166666671875 0.3477160828125 0.4168946015625 0.3401942015625 0.41803428125000003 0.3325013671875 0.41962983125 0.3232699671875 0.42327680624999997 0.3148933265625 0.42988694375 0.3113033375 0.4351294671875 0.3125 0.44173960624999997 0.32104759375 0.4474380015625 0.32805661875 0.4494894234375 0.3389975390625 0.4506291015625 0.347887034375 0.4474380015625 0.3578022421875 0.4431072203125 0.3672045953125 0.4380926328125 0.3752393328125 0.43148249375000003 0.378316465625 0.4278355203125
1 0.3950697484375 0.39090991875 0.3916507109375 0.3861232671875 0.38276121406249997 0.38247629375000003 0.37421362187499996 0.3801969375 0.3629307984375 0.3776896421875 0.3548960609375 0.37814551406249997 0.345493709375 0.38042487343750003 0.3366042125 0.3840718453125 0.3325013671875 0.3881746890625 0.3318175609375 0.39683625 0.3389975390625 0.4054978125 0.341561815625 0.40686542656249997 0.35181892812500004 0.4084609765625 0.3637855578125 0.40823304218749995 0.37489742812500004 0.40777717031250005 0.3860093 0.4043581328125 0.3937021328125 0.3963803796875 0.3950697484375 0.39090991875
1 0.19659463906250002 0.42715171406249997 0.19403036093749998 0.42236506250000005 0.1849699125 0.42145331874999997 0.17317423437499999 0.4219091890625 0.16137855625 0.42532822656249997 0.1500957328125 0.43171043124999997 0.13761624687500001 0.44059992656249997 0.134197209375 0.4444748359375 0.1336843546875 0.44857768125 0.135564825 0.45359226875 0.13847100625 0.4592906640625 0.1441124171875 0.46202589375 0.15522428906250002 0.46293763749999994 0.1653104484375 0.4588347921875 0.17402899375 0.4538202046875 0.1822346828125 0.4472100671875 0.19403036093749998 0.4339897875 0.19659463906250002 0.42715171406249997
1 0.1441124171875 0.5003191109375 0.13334245 0.5005470453124999 0.122059628125 0.5005470453124999 0.10479349062500001 0.5035102124999999 0.0955620890625 0.50920860625 0.08923687031250001 0.5149070015625 0.0834245078125 0.5215171421875 0.07641548125 0.5299507671875 0.07709928906249999 0.535421225 0.07983451875 0.5399799421875 0.08974972656249999 0.5443107234375 0.10530634531250001 0.5433989796875001 0.1205210609375 0.5340536109375 0.1316329328125 0.5226568203124999 0.1394967171875 0.51445113125 0.14787335937499999 0.5098924140625 0.14907002187500001 0.50419401875 0.1441124171875 0.5003191109375
1 0.13915481406250002 0.5978756375 0.1417190921875 0.5876185265625 0.1531728671875 0.5791849015625 0.1581304703125 0.5753099921875 0.1512923953125 0.5732585703125 0.1396676703125 0.5748541203124999 0.1302653171875 0.5780452234375 0.11898249375 0.5823760015625 0.11419584218750001 0.58533916875 0.10017779062500001 0.5951404078125 0.0940235234375 0.5999270609375 0.0907754375 0.6049416484375 0.089578775 0.6110959140625 0.09128829375 0.6163384390625 0.09710065625 0.6193016046875 0.1018873078125 0.6186177984375 0.11111870937499999 0.6161105046875 0.11864059062500001 0.61223559375 0.12513676093749998 0.60904449375 0.1307781734375 0.6058533921875 0.13471006562500001 0.6028902265625 0.13915481406250002 0.5978756375
1 0.075 0.48624999999999996 0.06546874999999999 0.48645833281249995 0.05500000000000001 0.4877083328125 0.0484375 0.49020833281250004 0.036875000000000005 0.490625 0.03265625 0.49145833281250006 0.025625 0.4970833328125 0.01796875 0.503125 0.01125 0.5131249999999999 0.009375 0.5235416671875 0.012656249999999999 0.5291666671875 0.0246875 0.5341666671875 0.033437499999999995 0.530625 0.04609375 0.5241666671874999 0.0571875 0.51875 0.06218749999999999 0.5102083328125 0.06671875000000001 0.50125 0.07234375 0.4927083328125 0.075 0.48624999999999996
1 0.215 0.5081249999999999 0.216875 0.5037499999999999 0.20671875 0.5022916671875 0.1996875 0.5033333328125 0.19015625 0.5025000000000001 0.1821875 0.5033333328125 0.176875 0.5060416671875 0.16484375 0.5120833328125001 0.15890625 0.516875 0.15546875 0.5220833328125 0.1565625 0.5264583328125 0.16468750000000001 0.5302083328125 0.17421875 0.5302083328125 0.1834375 0.528125 0.18984375 0.524375 0.1965625 0.5189583328125 0.20328125 0.514375 0.20796874999999998 0.5116666671875 0.215 0.5081249999999999
1 0.2503125 0.5818749999999999 0.2475 0.5735416671875 0.24375 0.5677083328125 0.23343750000000002 0.5533333328125 0.22890625 0.5491666671875 0.220625 0.5483333328125 0.2140625 0.5508333328125 0.20828125000000003 0.5539583328125001 0.20625 0.556875 0.20453125 0.5658333328125 0.21140625000000002 0.5785416671875 0.21812499999999999 0.585 0.22749999999999998 0.5870833328125 0.23500000000000001 0.5866666671874999 0.23953125000000003 0.5870833328125 0.24484374999999997 0.5910416671875 0.25 0.5902083328125001 0.2503125 0.5818749999999999
1 0.31265624999999997 0.7147916671875 0.32140625 0.7064583328125 0.32296874999999997 0.70125 0.3196875 0.6964583328125 0.31437499999999996 0.6939583328125 0.305625 0.6925 0.29984375 0.6929166671875 0.29453125 0.6956249999999999 0.29125 0.6985416671875 0.2875 0.7045833328125 0.28375 0.711875 0.28140624999999997 0.715625 0.27734375 0.7197916671875 0.27468750000000003 0.723125 0.2740625 0.725625 0.2759375 0.7275 0.2809375 0.725 0.27937500000000004 0.7339583328125 0.28015625 0.735625 0.2846875 0.7308333328125001 0.2921875 0.7254166671875 0.2978125 0.7214583328125 0.30359375 0.7179166671874999 0.31265624999999997 0.7147916671875
1 0.318125 0.6720833328125 0.318125 0.66875 0.31359375 0.6685416671875 0.3096875 0.6683333328125001 0.30703125 0.666875 0.30671875000000004 0.6591666671875 0.30625 0.6527083328125001 0.3015625 0.6558333328125 0.29859375 0.658125 0.28953125 0.6614583328125 0.28609375 0.6625 0.28250000000000003 0.6639583328125 0.276875 0.6670833328125 0.271875 0.670625 0.26890625 0.6758333328125 0.26671875 0.686875 0.2678125 0.691875 0.2740625 0.69375 0.28125 0.6910416671874999 0.288125 0.6877083328125 0.29453125 0.683125 0.29984375 0.678125 0.30390625 0.675 0.311875 0.6729166671875 0.318125 0.6720833328125
1 0.38375 0.5193749999999999 0.384375 0.509375 0.38453125 0.5041666671875 0.38203125 0.4970833328125 0.37796875 0.49124999999999996 0.37203125 0.4847916671875 0.366875 0.480625 0.3603125 0.479375 0.35546875 0.48229166718750005 0.35421874999999997 0.4858333328125 0.3546875 0.49145833281250006 0.36109375 0.5010416671875 0.365 0.509375 0.3721875 0.5141666671875 0.3765625 0.5229166671875001 0.3784375 0.5289583328125 0.38093750000000004 0.5316666671875 0.38390625 0.5277083328125001 0.38375 0.5193749999999999
1 0.3937251984375 0.6263778671875 0.39889219531250003 0.6139770734375001 0.40405919375000005 0.6073633171874999 0.40881283125 0.5988205453125001 0.41211970937500003 0.5933090828124999 0.41480654687499996 0.5864197515625 0.4164599875 0.57925485 0.4170800265625 0.5729166671875 0.41728670625 0.5654761890625 0.41604662656249997 0.5580357140625 0.4141865078125 0.5569334203125 0.41149966875 0.5577601421875 0.409226190625 0.5602403 0.4050925921875 0.5657517640624999 0.399718915625 0.5720899484374999 0.395791996875 0.5828373015625 0.3943452375 0.5922067890625 0.392898478125 0.6037808640625 0.3914517203125 0.613425925 0.3858713625 0.6230709875 0.381117725 0.62775573125 0.38773148125 0.6349206359374999 0.3937251984375 0.6263778671875
1 0.3421875 0.3427083328125 0.33375 0.34729166718750004 0.3278125 0.353125 0.32687499999999997 0.3589583328125 0.3284375 0.3627083328125 0.34125 0.36833333281249997 0.3571875 0.3633333328125 0.36625 0.35750000000000004 0.3696875 0.35104166718749996 0.375625 0.34375 0.36671875 0.34208333281250003 0.35343749999999996 0.34187500000000004 0.3421875 0.3427083328125
3 0.0758928578125 0.9234693875 0.094068878125 0.9149659859374999 0.10746173437499999 0.9119897953124999 0.118303571875 0.9073129249999999 0.125 0.8958333328125001 0.1358418375 0.8958333328125001 0.14764030625 0.8988095234375001 0.159757653125 0.88732993125 0.16326530625 0.87117346875 0.15911989843750002 0.8605442171875 0.154336734375 0.8537414953125 0.1454081625 0.8533163265624999 0.14764030625 0.8486394562499999 0.1485969390625 0.8350340140625001 0.143813775 0.8269557828125 0.1399872453125 0.8137755109375 0.1393494890625 0.80229591875 0.14764030625 0.7920918375 0.152742346875 0.7835884359375 0.1572066328125 0.77210884375 0.1584821421875 0.7619047625 0.159438775 0.74787415 0.159438775 0.7317176875 0.15911989843750002 0.7193877546875 0.1556122453125 0.7070578234375 0.1521045921875 0.7023809515625 0.14445153125000001 0.7002551015625 0.1358418375 0.7006802734375001 0.12882653125000001 0.7045068015625 0.11479591874999999 0.7100340140625 0.112563775 0.6964285703125 0.1080994890625 0.68579931875 0.104272959375 0.67729591875 0.0978954078125 0.6743197265624999 0.0927933671875 0.6734693875 0.08386479531249999 0.6726190484375 0.0739795921875 0.6713435375000001 0.067602040625 0.6781462578124999 0.061862245312499994 0.6883503390625 0.06058673437499999 0.6938775500000001 0.05548469375 0.7023809515625 0.0510204078125 0.7147108828125 0.05165816250000001 0.72151360625 0.057397959374999995 0.7317176875 0.06058673437499999 0.73979591875 0.061862245312499994 0.7470238109375 0.062181121875 0.7542517 0.059311225 0.7614795921875 0.055803571875 0.7712585046875 0.054209184375 0.7746598640625 0.053571428125 0.7818877546875 0.0452806125 0.7806122453125 0.04304846875 0.7661564624999999 0.0360331625 0.7465986390625 0.03826530625 0.7427721078125 0.0373086734375 0.7249149671875 0.0357142859375 0.7121598640625 0.033163265625 0.6951530609375001 0.0264668375 0.6704931984375 0.01945153125 0.659438775 0.0133928578125 0.65136054375 0.008928571875000001 0.64923469375 0.0006377546875 0.6526360546875 0.0006377546875 0.9783163265624999 0.018494898437499997 0.9846938765625 0.036670918749999996 0.9825680265625 0.049744898437500004 0.9749149671874999 0.05325255156249999 0.9655612250000001 0.053571428125 0.9515306125 0.05612244843750001 0.9417517 0.06632653125 0.9323979578125 0.0758928578125 0.9234693875
3 0.5108305734374999 0.8034400296875001 0.5208333328125 0.8094186890625 0.5239376375 0.81447755625 0.5346302421875 0.8195364234375001 0.5467025390625 0.8167770421875 0.5608443703125 0.8094186890625 0.5770557390625 0.7997608546875 0.593956953125 0.78596394375 0.610168321875 0.7753863125 0.6132726265625 0.7827446640625 0.60499448125 0.8011405437500001 0.5949917218749999 0.8163171453125001 0.5808498890625 0.8305739515624999 0.5622240625 0.8512693171875 0.5542908390625 0.8678256062499999 0.5467025390625 0.8880610750000001 0.551186534375 0.9087564390624999 0.5570502203125 0.9101361296875 0.566363134375 0.918414275 0.5708471296875001 0.9312913921874999 0.5794701984375 0.9395695359375 0.5842991171875 0.9165746875 0.5887831125 0.8981788078124999 0.5963714125 0.8797829296874999 0.6091335546875001 0.86138705 0.6167218546875 0.8457505515625 0.6256898453125 0.8291942609375 0.6325883 0.8199963203125 0.6401766 0.7997608546875 0.64500551875 0.7795253859375 0.650179359375 0.7569904328125 0.651214128125 0.7390544515624999 0.650179359375 0.7252575421875 0.6460402875 0.71743929375 0.6405215234375 0.7146799125000001 0.64397075 0.6912251640625 0.6419012140625 0.6815673296875 0.6401766 0.66317145 0.6481098234375 0.62591979375 0.6577676593749999 0.60890360625 0.6681153421875 0.5964863874999999 0.6853614796875 0.5854488609375 0.695019315625 0.5808498890625 0.6960540843749999 0.5739514359375 0.6881208609375 0.5652133921875 0.6812224062500001 0.5647534953125 0.66604580625 0.57257174375 0.67363410625 0.5532560703125 0.6915700890625 0.5417586453125 0.705022075 0.5316409125 0.7036423843749999 0.5256622515625 0.692259934375 0.5256622515625 0.6829470203125 0.5311810140625 0.666390728125 0.54589771875 0.6550082781250001 0.5684326703125 0.6453504421875 0.5932671078125 0.6405215234375 0.59924576875 0.6370722953125 0.5757910234375 0.628449228125 0.5711920515625 0.6108581671875 0.57073215625 0.593956953125 0.57165195 0.5756760484375001 0.5776306109375 0.5591197578125 0.5845290640624999 0.5453228484375 0.5895879328125 0.5142798015625 0.6148822671875 0.5015176593749999 0.62224061875 0.48599613750000004 0.6341979390625 0.479787528125 0.6443156734375 0.4780629140625 0.6585724796875 0.48047737343749997 0.6714495953124999 0.49254966875 0.6714495953124999 0.4994481234375 0.6824871234375001 0.5011727375 0.6912251640625 0.5004828921875 0.70226269375 0.4932395140625 0.7100809421875 0.48185706406250006 0.7151398078125 0.470129690625 0.71927888125 0.4611617 0.7270971312500001 0.4546081671875 0.7395143484375 0.45219370937500003 0.7505518765625 0.4532284765625 0.7703274453125 0.4763383 0.7832045625 0.4808222953125 0.7951618828125 0.47495860937499995 0.8084988953125001 0.470129690625 0.8301140546875001 0.47495860937499995 0.8485099328124999 0.48737582812499997 0.8379323046874999 0.497723509375 0.8098785875000001 0.5108305734374999 0.8034400296875001
3 0.4127257421875 0.66602908125 0.4114759296875 0.6830658796875 0.4407728046875 0.6876407671875 0.460567990625 0.6925675671875 0.498574746875 0.6967905390625 0.498046875 0.6872888515625 0.49329602968749997 0.6777871625 0.487753378125 0.6735641890624999 0.48089104687499995 0.6728603609375 0.476932009375 0.6552646390625 0.483778815625 0.6518697 0.5548318890624999 0.6377103203125001 0.6453230578125 0.64435529375 0.6432115703125 0.6749718453125 0.6455869937500001 0.6908079953125 0.6608952703125001 0.7006616 0.69626266875 0.7073479734375 0.7142103046875 0.7087556312500001 0.750105575 0.7073479734375 0.760135134375 0.7193130625 0.8160895265624999 0.7288147515625 0.828494509375 0.7288147515625 0.850137246875 0.7242398640625 0.8643897796875001 0.7161458328125 0.8847128375000001 0.7143862609375 0.900021115625 0.7193130625 0.9063555750000001 0.7161458328125 0.90925886875 0.6999577703125001 0.9074113171875 0.67884290625 0.8997571796875 0.6665259 0.8952702703125001 0.6696931312500001 0.890255490625 0.65596846875 0.879434121875 0.6612471859375 0.8728357265625 0.6591356984375001 0.8654455234375 0.6506897515625 0.86227829375 0.6436514640625 0.8554159625000001 0.6471706078125 0.8527766046874999 0.6464667796875 0.8504011828125 0.6359093453125 0.8448585296875001 0.6323902015625 0.83984375 0.6323902015625 0.8350929046875001 0.6348536046875 0.8263830234375 0.6345016890624999 0.8234797296874999 0.6260557437500001 0.8163534625000001 0.6162021390625 0.8108108109375 0.6172578828125 0.7981418921875 0.625 0.7947107265625 0.6172578828125 0.789168075 0.6197212828125 0.7833614859375 0.6109234234375001 0.778874578125 0.613386825 0.7770270265625 0.6197212828125 0.7728040546875 0.6242961703125001 0.769636825 0.6204251125 0.7622466218749999 0.6218327703125001 0.758287584375 0.6137387390625 0.7524809968749999 0.6165540546875 0.750369509375 0.6098676796875 0.7424514359375001 0.6070523640625 0.7382284625 0.61021959375 0.7355891046874999 0.6172578828125 0.727143159375 0.6183136265625 0.7160578546874999 0.6257038296874999 0.7134184968749999 0.6200731984375001 0.7089315875 0.6176097984375 0.7023331921875 0.6228885125 0.699693834375 0.6186655390625 0.695206925 0.6154983109375001 0.6930954390624999 0.6067004500000001 0.6883445953125 0.6081081078125 0.680162584375 0.6176097984375 0.6759396109375 0.6130349109375001 0.661687078125 0.6176097984375 0.6574641046874999 0.6172578828125 0.652449325 0.6228885125 0.64956931875 0.6188311484375 0.5627266750000001 0.63613705625 0.5051731421875 0.6179617125 0.49593538906249995 0.6042370499999999 0.49012880000000003 0.613386825 0.4840582765625 0.6074042796875 0.48168285468749994 0.6221846859375 0.4724451015625 0.6306306312500001 0.4679581921875 0.6225366 0.4616237328125 0.6235923421875 0.4592483109375 0.6193693687499999 0.455553209375 0.6204251125 0.45027449375 0.6271114875 0.445787584375 0.6137387390625 0.44235641875000004 0.6162021390625 0.4402449328125 0.634149775 0.43760557499999997 0.6359093453125 0.4296875 0.6235923421875 0.42308910468749994 0.6183136265625 0.41886613125 0.61690596875 0.41332347968749994 0.6211289421874999 0.4088365703125 0.63309403125 0.398015203125 0.6471706078125 0.3914168078125 0.64928209375 0.390625 0.6556165546875 0.3850823484375 0.6584318687499999 0.3869298984375 0.6661739875 0.389041384375 0.6707488734375 0.3969361703125 0.6691756109375 0.398807009375 0.6798986484375 0.40483095625 0.6676023453125 0.4127257421875 0.66602908125
1 0.454700271875 0.42234332500000005 0.46449250624999994 0.4342643046875 0.4713044953125 0.4331289734375 0.4759877390625 0.42347865625000003 0.48237397812499994 0.4183696640625 0.4853542234375 0.4246139875 0.4870572203125 0.43880563125 0.49599795625 0.44107629375 0.5045129421875 0.43653496875000003 0.51217643125 0.42688465000000003 0.5185626703125 0.4178019984375 0.5240974109375001 0.4087193453125 0.5317608984375 0.39736603125 0.547087875 0.38658038125 0.568801090625 0.3797683921875 0.5705040875 0.38771571250000003 0.5521968671875 0.4217756578125 0.553048365625 0.4331289734375 0.556454359375 0.4444822890625 0.583702315625 0.45980926406249994 0.5866825609374999 0.4700272484375 0.5892370578125 0.47967756718750004 0.5943460484374999 0.49273387968750004 0.6066927796875 0.4978428703125 0.614782015625 0.49159854531249997 0.6160592640625 0.48251589375000004 0.6203167578125 0.4768392375 0.630534740625 0.4660535875 0.6411784734375 0.46264759375000003 0.6518222078125 0.46491825625 0.6645946859375 0.4643505890625 0.673961171875 0.45980926406249994 0.6786444140625 0.4501589453125 0.69099114375 0.43880563125 0.702912125 0.42972297968750006 0.7122786109375 0.42404632031249995 0.728457084375 0.42347865625000003 0.743784059375 0.4132606734375 0.7344175749999999 0.4036103546875 0.7259025890624999 0.4002043609375 0.7224965937500001 0.389986375 0.7195163484375 0.39736603125 0.70716961875 0.40531335156250003 0.7067438687500001 0.39963669375 0.7084468671875 0.3826067203125 0.7122786109375 0.3763623984375 0.7224965937500001 0.36671207968749997 0.728031334375 0.36273841875 0.73867506875 0.3530881015625 0.7425068125000001 0.3411671203125 0.7335660765625 0.3360581296875 0.725051090625 0.3292461390625 0.720367846875 0.33435513125 0.720367846875 0.3394641234375 0.7156846046875 0.3564940953125 0.7037636234375 0.35819709375 0.7003576296875 0.3542234328125 0.696951634375 0.34343778281250004 0.6982288828125001 0.3349227984375 0.6982288828125001 0.3275431421875 0.6905653953125 0.3207311546875 0.6948228890625 0.3127838328125 0.708872615625 0.3048365125 0.7080211171874999 0.3019981828125 0.6956743875 0.2974568578125 0.6837534062499999 0.2923478640625 0.6692779296875 0.3156221625 0.6616144421875 0.3127838328125 0.6509707078125 0.3054041765625 0.6535252046875 0.29064486875 0.657782696875 0.2872388734375 0.6645946859375 0.2849682109375 0.67566416875 0.28099455 0.6880108984375 0.27134423281250003 0.6748126703125 0.2599909171875 0.6671491828125 0.26282924531249996 0.6518222078125 0.2531789296875 0.6437329703125 0.2452316078125 0.6258514984375 0.2503406 0.6220197546875 0.24977293281250001 0.60498978125 0.23217529531249997 0.5969005453125 0.21855131718749998 0.5841280656250001 0.23274296093750002 0.5543256125 0.22536330625 0.55091961875 0.2236603078125 0.5458106265625 0.2140099921875 0.541127384375 0.21344232500000002 0.51941416875 0.21855131718749998 0.5155824250000001 0.2117393265625 0.5053644421875 0.2066303359375 0.4989782015625 0.21571298749999998 0.5006811984375 0.2236603078125 0.5104734328125 0.23274296093750002 0.4930177109375 0.26453224375 0.4793937328125 0.2588555859375 0.47300749375000006 0.2526112625 0.46364100781250006 0.24636693906249998 0.450868528125 0.24977293281250001 0.44959128125000003 0.2526112625 0.46704700312499997 0.2650999078125 0.46364100781250006 0.2685059046875 0.45384877343749996 0.2781562203125 0.44873978125 0.28099455 0.4321355578125 0.28156221718749996 0.41893732968749997 0.2861035421875 0.41382833750000003 0.29518619375 0.4112738421875 0.2991598546875 0.4134025890625 0.30824250625 0.42574931875 0.32640781093750004 0.42617506875 0.33662579375 0.4363930515625 0.34400545 0.421917575 0.3542234328125 0.4065906 0.3547911 0.4036103546875 0.3706857390625 0.42319482343750003 0.3871480484375 0.43085831093750004 0.3814713890625 0.44150204375 0.3814713890625 0.44916553124999997 0.3882833796875 0.45342302500000004 0.3922570390625 0.4542745234375 0.40815168125 0.454700271875 0.42234332500000005
1 0.7663487734375 0.44561762031249996 0.771032015625 0.4450499546875 0.7782697546875 0.45186194375 0.7838044953125001 0.45640326875000004 0.7821014984375 0.4660535875 0.7744380109375 0.47173024531249996 0.771457765625 0.4830835609375 0.77741825625 0.4938692109375 0.786784740625 0.4978428703125 0.7884877390625 0.5035195265625 0.7876362390625 0.5131698453125 0.7859332421875 0.5211171671875 0.786784740625 0.5330381484375 0.7918937328125 0.5421208 0.7948739781249999 0.5489327875 0.795299728125 0.5529064484374999 0.798705721875 0.5591507734375 0.8029632156250001 0.5665304265625 0.802537465625 0.5750454125 0.7999829703125 0.5841280640625001 0.80040871875 0.5994550421875 0.8059434609375 0.59775204375 0.8089237062500001 0.58923705625 0.8114782015625 0.5812897375 0.8174386921875 0.5784514078125 0.8208446859375 0.5829927328125 0.8272309265625 0.57391008125 0.829785421875 0.5631244328125 0.8361716625 0.5438237953125 0.8400034062499999 0.5330381484375 0.83957765625 0.5211171671875 0.8408549046875 0.49330154375 0.8412806546875 0.4864895546875 0.833617165625 0.4700272484375 0.8191416890625 0.4660535875 0.81658719375 0.4632152578125 0.8255279296875001 0.4461852859375 0.8310626703124999 0.44391462343750004 0.8195674390625 0.43823796406250004 0.8033889640625 0.452997275 0.8029632156250001 0.4507266125 0.7918937328125 0.44675295156250006 0.7846559953125001 0.4376703 0.791042234375 0.4319936421875 0.797002725 0.42972297968750006 0.794448228125 0.42404632031249995 0.7872104906249999 0.4217756578125 0.7876362390625 0.40985467656249996 0.7940224796875001 0.4030426875 0.8021117171875 0.3928247046875 0.7995572203125 0.38885104375 0.799131471875 0.3814713890625 0.7957254765624999 0.36671207968749997 0.7918937328125 0.3633060859375 0.7846559953125001 0.36671207968749997 0.779547003125 0.3723887375 0.7706062671875 0.37863306093750004 0.7578337875 0.3848773828125 0.7548535421875 0.3928247046875 0.7501703 0.40417802031249994 0.748467303125 0.4132606734375 0.747615803125 0.4172343328125 0.7454870578125 0.42291098906249996 0.7425068125000001 0.42688465000000003 0.732288828125 0.4302906453125 0.720793596875 0.4348319703125 0.7220708453125 0.4512942765625 0.7237738421875 0.4620799265625 0.7276055859375 0.4705949140625 0.7395265671875 0.4762715703125 0.7429325609374999 0.46662125468750004 0.7501703 0.4581062671875 0.7582595375000001 0.4535649421875 0.7663487734375 0.44561762031249996