1 0.6632455578124999 0.5530879875 0.682281090625 0.5678934 0.7060755078125001 0.57212351875 0.7290767765624999 0.5752961078125 0.7520780453125 0.5795262265625001 0.7877696703125 0.5774111671875 0.8083914968749999 0.5774111671875 0.821081853125 0.5763536375 0.8488420046874999 0.5626057515625 0.8718432734375 0.5700084609375 0.88770621875 0.5752961078125 0.8996034265624999 0.5837563453125 0.8670843906249999 0.5552030453125 0.88770621875 0.5509729265625001 0.9210184015625 0.5382825734375001 0.9059486046874999 0.527707275 0.8654980968749999 0.5255922171875 0.8464625640625 0.5308798640625 0.8274270296875 0.5171319796875 0.7988737312499999 0.5107868015625 0.7774587562499999 0.5012690359375 0.748112309375 0.49703891718750004 0.7227315984375 0.49809644531249997 0.70290291875 0.5054991546875 0.6830742390625 0.5234771578124999 0.6687975890625 0.5361675124999999 0.6632455578124999 0.5530879875
1 0.673556471875 0.57318105 0.6830742390625 0.5594331640625 0.6695907359375 0.5488578687500001 0.6608661171875 0.5425126890625 0.6331059640625 0.5393401015625 0.6013800765624999 0.5478003375 0.5871034265625 0.56049069375 0.5696541875000001 0.584813875 0.5720336296874999 0.5975042296875 0.5982074875000001 0.5985617609375 0.6457963203125 0.5879864640625 0.673556471875 0.57318105
1 0.614863578125 0.50021150625 0.62279505 0.4906937390625 0.6457963203125 0.4864636203125 0.6632455578124999 0.48434856249999997 0.6394511421875 0.47906091406250007 0.6331059640625 0.47165820625 0.6457963203125 0.4557952625 0.641830584375 0.43147208125000003 0.6140704312499999 0.4589678515625 0.590276015625 0.47165820625 0.563309009375 0.45685279218749997 0.53951459375 0.4695431484375 0.5117544421875 0.4864636203125 0.50065038125 0.50867174375 0.49985723281250005 0.5181895078125 0.5276173859375 0.5234771578124999 0.5807582484375 0.5192470390625 0.6029663703125 0.5097292734375001 0.614863578125 0.50021150625
1 0.49113261406250003 0.5594331640625 0.50778870625 0.5499153984375 0.53237626875 0.53193739375 0.5363420046875 0.5255922171875 0.5418940359375 0.5150169203125 0.5268242390625 0.49703891718750004 0.5117544421875 0.4864636203125 0.5236516499999999 0.43464467031250004 0.495891496875 0.48752114999999996 0.47685596406249997 0.4906937390625 0.464165609375 0.5076142124999999 0.45464784218750004 0.5255922171875 0.44354378125 0.5467428078125 0.441164340625 0.5583756359375001 0.45147525312500003 0.5657783421875 0.4601998734375 0.5647208125 0.49113261406250003 0.5594331640625
1 0.43719860468749994 0.3130287640625 0.45385469531249995 0.3130287640625 0.48002855312500003 0.3035109984375 0.495891496875 0.2950507609375 0.5125475890625 0.28976311250000003 0.51096129375 0.2781302875 0.49509835 0.2664974625 0.47209708125 0.26226734375 0.45385469531249995 0.26015228281249997 0.4348191625 0.26015228281249997 0.41895621875 0.26967005 0.4023001265625 0.2876480546875 0.4023001265625 0.3003384109375 0.419749365625 0.31091370625 0.43719860468749994 0.3130287640625
1 0.43323286875000006 0.3637901859375 0.44988895937500006 0.3489847703125 0.45782043124999994 0.3458121828125 0.471303934375 0.3468697125 0.4760628171875 0.3468697125 0.4633724625 0.3394670046875 0.4752696703125 0.32254653125 0.4673381984375 0.31937394218750004 0.44988895937500006 0.3204314734375 0.41181789375 0.3162013546875 0.3848508890625 0.31408629375 0.3578838828125 0.32677665 0.3491592640625 0.3373519453125 0.3404346453125 0.34263959375 0.3483661171875 0.35532995 0.36422906093749996 0.3606175984375 0.3999206859375 0.36484771718750003 0.43323286875000006 0.3637901859375
1 0.3428140859375 0.49915397656250005 0.36184961875 0.4811759734375 0.373746828125 0.46848561718750004 0.3816783 0.4557952625 0.39912753749999996 0.44310490625 0.40864530468750004 0.42935702343750004 0.3919892125 0.42935702343750004 0.396748096875 0.40609137031250003 0.3800920046875 0.4388747875 0.35629758906250003 0.4388747875 0.3332963203125 0.4441624375 0.31029505 0.4610829109375 0.29443210625 0.48540609218749997 0.2904663703125 0.49809644531249997 0.29522525312500003 0.50867174375 0.316640228125 0.5129018609375 0.3428140859375 0.49915397656250005
1 0.3436072328125 0.2464044 0.3578838828125 0.22948392499999998 0.3816783 0.22525380625000002 0.36740165 0.21362098125 0.391196065625 0.17343485625 0.345193528125 0.2178511 0.316640228125 0.2199661578125 0.2912595171875 0.23371404375 0.270637690625 0.2516920484375 0.2619130703125 0.2781302875 0.28570748749999997 0.2802453453125 0.3055361671875 0.2781302875 0.330916878125 0.258037225 0.3436072328125 0.2464044
1 0.563309009375 0.2876480546875 0.5728267765624999 0.2675549921875 0.5886897203125 0.2643824015625 0.5720336296874999 0.25486463593750003 0.5799651015625 0.22525380625000002 0.552998096875 0.2590947546875 0.531583121875 0.2633248734375 0.5188927671875 0.28130287656249997 0.5062024109375 0.29822335 0.503029821875 0.3162013546875 0.509375 0.3214890015625 0.5268242390625 0.3204314734375 0.560136421875 0.3003384109375 0.563309009375 0.2876480546875
1 0.250809009375 0.315143825 0.26984454375 0.31091370625 0.27698286875 0.3077411171875 0.292052665625 0.3066835875 0.302363578125 0.3087986453125 0.28729378125 0.2971658203125 0.300777284375 0.28130287656249997 0.26984454375 0.2887055828125 0.2460501265625 0.27390016875 0.2230488578125 0.27390016875 0.1944955578125 0.28236040625 0.18894352812499998 0.3003384109375 0.1992544421875 0.3130287640625 0.21273794375000002 0.3172588828125 0.2254283 0.31937394218750004 0.250809009375 0.315143825
1 0.270637690625 0.3690778328125 0.279362309375 0.3637901859375 0.29443210625 0.3616751265625 0.30315672656250003 0.3606175984375 0.28729378125 0.3563874796875 0.307915609375 0.33100676875 0.27301713125 0.34792724218750004 0.250809009375 0.3521573609375 0.23494606562499998 0.3606175984375 0.21432423906250003 0.3733079515625 0.2071859140625 0.3934010140625 0.2230488578125 0.40186125156249997 0.24367068593750002 0.3934010140625 0.25556789375 0.3849407796875 0.270637690625 0.3690778328125
1 0.2016338828125 0.46848561718750004 0.21432423906250003 0.4663705578125 0.20639276718750002 0.4579103203125 0.219083121875 0.4388747875 0.1913229703125 0.4526226734375 0.17466687812499998 0.4536802015625 0.1564244921875 0.4579103203125 0.137388959375 0.475888325 0.1294574875 0.49175126875 0.1278711921875 0.5107868015625 0.1556313453125 0.5076142124999999 0.18101205625 0.50021150625 0.2016338828125 0.46848561718750004
3 1 0.26170934218749997 0.9981886921875001 0.2515673546875 0.993429809375 0.2420495875 0.950599859375 0.2409920578125 0.9275985906249999 0.2409920578125 0.8657331078125001 0.2399345265625 0.8133853921875 0.23253182031250003 0.732484378125 0.24627970625 0.6872749875 0.26108512031250003 0.6547559515625 0.26637276875000004 0.630961534375 0.2674302984375 0.6119260015625 0.24627970625 0.604114453125 0.23626616875 0.614864453125 0.22826616875 0.613114453125 0.2219328359375 0.605114453125 0.21859950156250002 0.5983644531250001 0.2155995015625 0.601364453125 0.2065995015625 0.612864453125 0.2089328359375 0.615864453125 0.2025995015625 0.6098644531249999 0.2005995015625 0.606114453125 0.19526616875 0.610864453125 0.1865995015625 0.6086144531250001 0.17959950156249999 0.603614453125 0.1839328359375 0.5981976734375001 0.1902234234375 0.59158955625 0.19988690625 0.5851946031249999 0.2041502078125 0.5879657500000001 0.19533938281250002 0.5845551078125 0.1899392015625 0.5798654765625 0.1890865421875 0.5728310296875 0.1939182828125 0.5630254359375 0.1970447046875 0.5630254359375 0.18681278125 0.559827959375 0.1842548 0.5579094734375001 0.1785703984375 0.5630254359375 0.1731702171875 0.5645175921875001 0.16435939375 0.56110695 0.1660647140625 0.5547119984375 0.17402287656249998 0.552580346875 0.15640123125 0.5500223671875 0.1453166453125 0.546611725 0.14474820625 0.545759065625 0.15384325000000001 0.5451195703125 0.17743351875 0.5461853953125 0.1950551640625 0.539150946875 0.2007395671875 0.538085121875 0.1848232390625 0.5361666359374999 0.16862269531250001 0.531050675 0.1632225125 0.531903334375 0.1507168296875 0.5252952171875 0.1456008671875 0.5218845765625 0.16435939375 0.5146369640625 0.1413375640625 0.5107999921874999 0.1430428859375 0.5103736624999999 0.15839077031249998 0.5114394875 0.1762966375 0.5114394875 0.19334984375 0.5073893515625 0.1993184671875 0.5029128843749999 0.20784506875000003 0.50163389375 0.1956236046875 0.5014207296875 0.1836863609375 0.499289078125 0.1640751734375 0.49076247500000003 0.171180675 0.48927032031250006 0.1561170109375 0.488630825 0.14389554531249998 0.48479385312499995 0.1348005015625 0.48394119375000005 0.12712656093750002 0.4820227078125 0.1134839953125 0.47775940625 0.11888417656250001 0.475201425 0.12456857968749999 0.4671011515625 0.114620875 0.465608996875 0.1279792203125 0.461985190625 0.13963224375 0.45329656093750004 0.1267788609375 0.44303908593749997 0.1358675921875 0.4536040328125 0.1588509859375 0.44897388125 0.1766169140625 0.4413709359375 0.1558853859375 0.427878778125 0.1339478421875 0.429441278125 0.1430428859375 0.4262438015625 0.15242214999999998 0.41409339375 0.1492957265625 0.417504034375 0.16578049374999998 0.41729086875 0.1768650765625 0.41068275156249995 0.16691737499999998 0.4059931203125 0.1473061875 0.3989586734375 0.13565316249999998 0.398319178125 0.1464535265625 0.395761196875 0.15952765156249998 0.393203215625 0.1691911359375 0.38830041875 0.1666331546875 0.387447759375 0.15640123125 0.37998698124999997 0.1510010484375 0.378494825 0.1600960921875 0.3770026703125 0.16720159375000002 0.3671598453125 0.18528761093749999 0.351258296875 0.1926622421875 0.3443445796875 0.1926622421875 0.342469928125 0.1745913171875 0.332738184375 0.18071286875 0.3105300625 0.1997484015625 0.2772178796875 0.2240715828125 0.2573892 0.2642577078125 0.2613549359375 0.2801206515625 0.2772178796875 0.28752336093749997 0.3049780328125 0.2822357125 0.2907013828125 0.2949260671875 0.3049780328125 0.3086739515625 0.256596053125 0.3192492484375 0.263734378125 0.34991760781250003 0.28911508750000003 0.3425149 0.3105300625 0.3329971328125 0.29466711874999996 0.35414772499999997 0.30735747343750003 0.3626079625 0.2843562046875 0.36472302343749996 0.26849326093750003 0.3742407875 0.2573892 0.39539138125 0.236767371875 0.40067902968749997 0.21021847343750003 0.41297934999999997 0.21989767656249998 0.44063421875 0.20537887187499998 0.4535398234375 0.215749446875 0.46367994218749997 0.22888550937500002 0.4682890859375 0.23718196875 0.4858038359375 0.2351078546875 0.5171460171875 0.1977737828125 0.4839601765625 0.192242809375 0.4885693203125 0.22962904687500002 0.5296976421874999 0.24787143281250001 0.5508482328125 0.2320084890625 0.5571934109375001 0.21297295625 0.5540208234375 0.196316865625 0.5550783515625 0.199489453125 0.5772864734375001 0.2098003671875 0.5772864734375001 0.2399399609375 0.5688262374999999 0.25580290625 0.5677687062500001 0.258182346875 0.5984370671875 0.2534234640625 0.6195876578124999 0.2446988453125 0.64073825 0.23280163593749997 0.6195876578124999 0.219318134375 0.629105425 0.2312153421875 0.657658725 0.219318134375 0.6661189609375 0.2010757484375 0.66929155 0.1788676265625 0.6724641390625 0.1867990984375 0.68515449375 0.1852128046875 0.7031324984375 0.1632051984375 0.6775442484374999 0.157674225 0.6849188796875 0.16666205781250001 0.7393067859375 0.147995021875 0.7346976390625 0.1487280328125 0.7486062703125 0.15983209375000001 0.7528363890625 0.1495211796875 0.7708143921875 0.13603767656250002 0.7750445109374999 0.11938158593749999 0.7750445109374999 0.109070671875 0.7866773375 0.132071940625 0.8004252203125001 0.15428006249999998 0.8099429875 0.1725224484375 0.818403225 0.1939374234375 0.83109358125 0.20821407343749998 0.85118664375 0.219318134375 0.8744522937499999 0.228042753125 0.88291253125 0.213766103125 0.88714265 0.1931442765625 0.8892577078125001 0.17569503749999998 0.8966604171875 0.1812470671875 0.9072357125 0.199489453125 0.9241561859375 0.219318134375 0.9178110078125 0.23518107812500003 0.9283863046875 0.24866458125 0.93473148125 0.250250875 0.9484793671875 0.2526303171875 0.9632847812499999 0.2629412296875 0.979147725 0.26823945312499997 0.9988495015625001 0.3263930078125 0.9981832578125 0.37761445312499997 0.9988495015625001 0.47136445312499997 0.9988495015625001 0.530739453125 0.9988495015625001 0.646364453125 0.9988495015625001 0.735426953125 0.9988495015625001 0.788551953125 0.9988495015625001 0.8526144531250001 0.9988495015625001 0.9041769531250001 0.9988495015625001 0.9494894531250001 0.9988495015625001 0.9680490984375 0.9675149 0.9688422453125 0.9072357125 0.964876509375 0.8670495875 0.9767737171875 0.8617619390625 0.9910503671875001 0.8194607546875 0.9902572203125001 0.7887923953125 0.9886709265625001 0.76235415625 0.9894640734375001 0.7475487421875 1 0.7468372109375 1 0.26170934218749997