1 0.6524946359375 0.20878040000000003 0.6417650218750001 0.20028612343750002 0.6375278390625 0.18606161875 0.6380767171875 0.20162732499999997 0.626739978125 0.19951744531249999 0.6367355156250001 0.2074391984375 0.6410944203125 0.2195100140625 0.6467945281249999 0.23292203125 0.6551770390625 0.23560443593749997 0.657188840625 0.2195100140625 0.6524946359375 0.20878040000000003
1 0.6629315140625 0.16332591093749999 0.6552756125 0.1628619140625 0.6490116921875 0.1591499625 0.651099665625 0.16796585 0.6455317375 0.1730697859375 0.65179565625 0.1744617671875 0.6566675953125001 0.18513363124999999 0.665715478125 0.18698960625 0.6726753890625 0.1809576828125 0.6695434296875 0.1670378625 0.6629315140625 0.16332591093749999
1 0.74262249375 0.2528767625 0.737054565625 0.2528767625 0.7384465484375 0.2579806984375 0.7353145875 0.2649406078125 0.7415785078125 0.2644766140625 0.7523663703125 0.2672605796875 0.7638502234375 0.2640126203125 0.7617622500000001 0.25380475156250004 0.7548023390624999 0.2500927984375 0.74262249375 0.2528767625
1 0.802477728125 0.41017075 0.806653675 0.42316258281249997 0.8160495546875 0.43151447656249997 0.8244014484375001 0.43151447656249997 0.8240534515625001 0.42037861875000004 0.8195295093749999 0.41063474375000003 0.8045657015625001 0.40506681406249995 0.802477728125 0.41017075
1 0.80804565625 0.44868225624999997 0.8014337421875 0.4458982921875 0.79447383125 0.447290275 0.789253896875 0.43661841093750003 0.78960189375 0.44682628125 0.7798580171875 0.44914624999999997 0.7906458796875 0.4519302140625 0.7989977734375 0.4626020796875 0.8090896437499999 0.4681700078125 0.815701559375 0.4681700078125 0.8139615812500001 0.45749814375 0.80804565625 0.44868225624999997
1 0.740534521875 0.45564216875 0.736358575 0.4644580546875 0.7293986640625 0.4695619890625 0.740186525 0.466778025 0.7523663703125 0.4681700078125 0.7603702671875 0.46306607343749995 0.758978284375 0.4528582046875 0.7527143656249999 0.44868225624999997 0.740534521875 0.45564216875
1 0.8950445437500001 0.5154974015625 0.885996659375 0.51317743125 0.8828647000000001 0.50343355625 0.8814727171875001 0.51178545 0.8731208234375 0.5127134375 0.8839086859374999 0.5173533765625 0.883560690625 0.521529325 0.8880846328124999 0.53080920625 0.8943485515624999 0.5377691171875 0.9016564593749999 0.5373051234374999 0.9006124718749999 0.5233852999999999 0.8950445437500001 0.5154974015625
1 0.9423719374999999 0.6611915374999999 0.939239978125 0.6444877499999999 0.9375 0.6584075734375 0.9260161468750001 0.654231625 0.9364560140625 0.6649034890625 0.9371520046875 0.6769673359375 0.9427199328125001 0.6867112109375 0.9503758359375001 0.6969190796875 0.9562917593750001 0.69970304375 0.9559437640624999 0.68021529375 0.9486358578124999 0.6649034890625 0.9423719374999999 0.6611915374999999
1 0.8369292875 0.6217520421875 0.8285773937500001 0.6254639937500001 0.8212694875000001 0.6175760953125 0.822313475 0.63427988125 0.8177895328125 0.6454157390625 0.8160495546875 0.6584075734375 0.8191815140625 0.6741833703125 0.8285773937500001 0.6690794359375001 0.8331013359374999 0.6570155890625 0.8299693765624999 0.6356718625 0.8369292875 0.6217520421875
1 0.7923858578125 0.5479769859375 0.782989978125 0.5257052703125 0.773246103125 0.521529325 0.7617622500000001 0.52199331875 0.7548023390624999 0.5182813671875001 0.756542315625 0.52384929375 0.7513223828125 0.5284892359375 0.75828229375 0.5312732 0.7715061249999999 0.541017075 0.7666341875 0.5442650328124999 0.7777700453125 0.5475129921875 0.7889059015625 0.5530809203125 0.7923858578125 0.5479769859375
1 0.7074749437500001 0.5419450625 0.701211025 0.5354491453125 0.689727171875 0.5359131390625 0.681375278125 0.54240905625 0.6730233859375 0.5377691171875 0.6730233859375 0.5465850046875 0.666063475 0.5535449140625001 0.677547328125 0.5540089078125 0.6893791765625 0.5535449140625001 0.685551225 0.5595768375 0.695991090625 0.5554008921875 0.7078229406250001 0.5544729015625001 0.7074749437500001 0.5419450625
1 0.9517678171874999 0.8416852265625 0.95072383125 0.8286933937500001 0.9430679281250001 0.8180215296875 0.9364560140625 0.8147735703125001 0.9340200453125 0.8003897546875001 0.9329760578125 0.8115256125 0.9249721609374999 0.8059576828124999 0.9354120265624999 0.8226614703124999 0.93019209375 0.822197475 0.9381959906249999 0.8347253140625 0.9326280625000001 0.8356533046875001 0.9493318484375 0.8514291015625 0.9517678171874999 0.8416852265625
1 0.8647689312500001 0.6027282859375 0.85989699375 0.6055122500000001 0.8564170375 0.6004083140625001 0.852241090625 0.6064402375 0.85502505625 0.6138641421875 0.860592984375 0.6185040828124999 0.8609409796874999 0.6226800296875 0.8752087968750001 0.6263919812500001 0.8759047890625 0.6161841124999999 0.8724248328125 0.6069042312499999 0.8647689312500001 0.6027282859375
1 0.79447383125 0.5145694125 0.78960189375 0.5154974015625 0.7889059015625 0.5057535265624999 0.785425946875 0.5113214546875 0.7815979953125 0.51410541875 0.785425946875 0.5192093546875001 0.7847299546875 0.5252412765625001 0.7902978843749999 0.5373051234374999 0.797605790625 0.5419450625 0.8035217156250001 0.5391610984375 0.8021297328125 0.5243132890625 0.79447383125 0.5145694125
1 0.8717288421875 0.7688381578125 0.8595489984375 0.7679101703125 0.849805121875 0.77394209375 0.854677059375 0.7809020046875 0.8644209359374999 0.7804380109375 0.8738168156249999 0.7795100234375 0.880080734375 0.7846139562500001 0.8828647000000001 0.7744060875 0.8776447656249999 0.7744060875 0.8717288421875 0.7688381578125
1 0.512945434375 0.2074053453125 0.520253340625 0.21482925000000003 0.5240812921875 0.20090942968749997 0.521297328125 0.18466963593750002 0.512945434375 0.1716778015625 0.49867761718750003 0.1688938375 0.49554565625 0.1628619140625 0.49310968749999995 0.1712138078125 0.488585746875 0.1749257609375 0.4979816265625 0.18049368906250002 0.4903257234375 0.18466963593750002 0.5049415374999999 0.19951744531249999 0.497285634375 0.2032293984375 0.5052895328125 0.2074053453125 0.512945434375 0.2074053453125
1 0.5247772828125 0.4342984421875 0.5181653671875 0.42037861875000004 0.503201559375 0.4129547140625 0.487541759375 0.4143466953125 0.4750139203125 0.4078507796875 0.4739699328125 0.42409057031249997 0.488585746875 0.42409057031249997 0.4830178171875 0.427802525 0.49171770625000005 0.4342984421875 0.4993736078125 0.4352264296875 0.51224944375 0.4440423171875 0.5230373046875 0.4445063109375 0.5247772828125 0.4342984421875
1 0.432906459375 0.51410541875 0.42211859687500003 0.50343355625 0.40993875312499994 0.49693763906250005 0.40680679218750004 0.5020415734375 0.41063474375000003 0.5187453609375 0.42177060156249996 0.5322011875 0.42351057968749994 0.53962509375 0.432906459375 0.54148106875 0.4332544546875 0.5554008921875 0.44961024531250005 0.5461210109375 0.43917037812500004 0.5349851515624999 0.432906459375 0.51410541875
1 0.7099109125 0.59623236875 0.694599109375 0.6087602078125001 0.68798719375 0.6263919812500001 0.697035078125 0.6277839640625 0.7078229406250001 0.6185040828124999 0.7203507796874999 0.6064402375 0.7245267265625001 0.5990163328125 0.720698775 0.5953043796874999 0.7099109125 0.59623236875
1 0.1391267125 0.3807893015625 0.1278131109375 0.3779354203125 0.1336227984375 0.3722276578125 0.15441536250000001 0.36121983125 0.1473825828125 0.3624429234375 0.1412671234375 0.35836595 0.1391267125 0.34409654375 0.1268957921875 0.3644814078125 0.1070205484375 0.36692759375 0.092954990625 0.3746738421875 0.0755259296875 0.3987279828125 0.072773971875 0.41381278593750004 0.08255870781249999 0.41748206093749995 0.094789628125 0.41055120624999997 0.113747553125 0.407697325 0.1174168296875 0.40158186406249996 0.110995596875 0.3966894984375 0.12475538125 0.3881278546875 0.1391267125 0.3807893015625
1 0.266328278125 0.37752772343749996 0.2547089046875 0.3860893671875 0.2470645796875 0.3836431828125 0.2473703515625 0.39179712968749997 0.24400685000000003 0.39546640625 0.2403375734375 0.4064742328125 0.24675880625 0.40932811406249997 0.25776663437499997 0.4064742328125 0.26021281875 0.3975048921875 0.2669398234375 0.3869047625 0.273972603125 0.3718199609375 0.268162915625 0.3689660796875 0.266328278125 0.37752772343749996
1 0.713012478125 0.37321746875 0.71050579375 0.376931075 0.7171902859375 0.3795306 0.7146836000000001 0.3836155671875 0.7288881468749999 0.3817587640625 0.73055926875 0.37321746875 0.72749554375 0.3628193703125 0.7188614078125 0.3669043375 0.7185828875 0.3739601890625 0.713012478125 0.37321746875
1 0.7339015156250001 0.39327094375 0.7255459 0.3954991078125 0.7208110515625 0.39587046875 0.7146836000000001 0.39178550156249997 0.7171902859375 0.3973559125 0.7107843140625 0.3995840765625 0.7185828875 0.40292632343749996 0.7277740640625 0.40775401093749997 0.7288881468749999 0.41369578125000006 0.7322303921875 0.40738265 0.7378008015625 0.39921271406250003 0.7339015156250001 0.39327094375
1 0.633355615625 0.2952317296875 0.63001336875 0.2889185984375 0.6297348484375 0.3000594171875 0.6350267374999999 0.3011735 0.6428253125000001 0.3071152703125 0.65396613125 0.3071152703125 0.6545231734375 0.3015448609375 0.6483957218749999 0.2918894828125 0.64087566875 0.2918894828125 0.633355615625 0.2952317296875
1 0.46735739687500005 0.5176767671875 0.45872326250000006 0.5176767671875 0.4576091796875 0.5217617359375 0.4640151515625 0.5343879984375 0.47599153281250006 0.54032976875 0.4835115859375 0.5477569812499999 0.482118984375 0.5392156859375 0.48936051718750007 0.5369875234375 0.48100490156250003 0.5336452765625 0.47682709375 0.5221330953125001 0.46735739687500005 0.5176767671875
1 0.378718684375 0.5815066109375 0.370889875 0.56845859375 0.36045146093749997 0.5654140562500001 0.35653705625 0.5680236609375 0.3607776625 0.5819415453125 0.3627348640625 0.5784620734375 0.371216075 0.58585595 0.373825678125 0.5962943625 0.37610908125 0.5897703546875 0.3819806890625 0.5915100890625 0.378718684375 0.5815066109375
1 0.5009191171875 0.6414969828125 0.4984445703125 0.6301847671874999 0.4906674203125 0.6273567124999999 0.4906674203125 0.6386689296875 0.48677884687499995 0.6480957765625 0.49102092812500003 0.6457390640625 0.49384898125000004 0.6627073921875 0.49455599531249994 0.6749622921875 0.5019796375000001 0.67449095 0.5005656109375 0.6631787328125001 0.5009191171875 0.6414969828125
3 0.9827302625 0.9658797734375 0.9815208984374999 0.9578173375000001 0.9740228328124999 0.9574948390625 0.96168730625 0.9565273484375 0.9636222906249999 0.9452399375 0.97740905625 0.9362100109375 0.9759578171875001 0.9252450984375 0.9708784828124999 0.9233101125 0.9657991484374999 0.9178276578125001 0.9583010828124999 0.9207301328125 0.9541892421875 0.9149251812499999 0.945723684375 0.9175051609375 0.9372581265625 0.9229876171875 0.9348393968750001 0.9329850359374999 0.9314531734375 0.9316950453124999 0.929276315625 0.9175051609375 0.9278250781249999 0.89912280625 0.9222619968749999 0.9033152734375 0.9212945046875 0.9191176484374999 0.9154895515625 0.90847523125 0.91331269375 0.9191176484374999 0.905814628125 0.9284700734375001 0.9002515484375 0.9375 0.8997678015625 0.9275025796874999 0.8971071984375 0.915570175 0.8864647828125 0.8917053671874999 0.8787248453125001 0.8888028890624999 0.87582236875 0.8968653249999999 0.8678405578125 0.89912280625 0.8663893187499999 0.9068627453125 0.8603424921875 0.9049277609375 0.8564725234375 0.8833204328125 0.8484907125 0.87429050625 0.84147639375 0.8591331265625 0.8330108359375 0.8423632609375 0.8313177250000001 0.8249484 0.8177728328124999 0.8181759546875 0.826964009375 0.7988261109375 0.8259965171875001 0.7868937046875 0.8187403249999999 0.7820562437499999 0.812935371875 0.7836687312499999 0.8102747671874999 0.76883385 0.8020510828124999 0.7662538703124999 0.799632353125 0.7607714140625 0.7904411765625 0.7588364296875 0.783910603125 0.74754901875 0.783910603125 0.7365841078125 0.7800406343749999 0.7269091859375 0.7858455875 0.72271671875 0.7889899375 0.7359391125 0.79769736875 0.7462590296875 0.8080979109375 0.7449690390625 0.8124516249999999 0.7311016515625 0.8102747671874999 0.7191692453125 0.81172600625 0.71175180625 0.827689628125 0.7259416921875 0.8322852171875 0.71787925625 0.8438951234375001 0.7249742 0.8441369968749999 0.7149767796875001 0.8504256968749999 0.7078818375 0.8422020124999999 0.6949819390624999 0.8581656343749999 0.6956269359375 0.86493808125 0.6894994828125001 0.86010061875 0.67724458125 0.846555728125 0.6649896796875 0.8363970593750001 0.6553147578125 0.8286571203124999 0.6691821453125 0.8189821984375 0.6762770890625001 0.8151122296875 0.6604747171875001 0.81632159375 0.6482198140625 0.82115905625 0.6349974203125 0.8216428015625 0.6159700734375 0.8284152484374999 0.625 0.8376064234375 0.6208075328125 0.8303502328125001 0.6359649125 0.834462075 0.6549922609375 0.8363970593750001 0.65402476875 0.8388157890624999 0.63983488125 0.855021284375 0.6375774 0.8426857578125 0.6169375640625 0.851876934375 0.6066176484375 0.857440015625 0.5966202265625 0.853570046875 0.5962977296874999 0.8564725234375 0.5824303390625001 0.8458301078125 0.5792053671875 0.83833204375 0.5808178546875 0.8368808046874999 0.5646929828125 0.8366389312500001 0.5566305484375 0.8281733750000001 0.5543730640625 0.8291408671875 0.5614680078125 0.8223684203125 0.5627579984375 0.8223684203125 0.55695304375 0.8170472140625 0.5595330234375 0.8153541015625001 0.5511480921875 0.8051954328125 0.5479231171875 0.7923761609375 0.5430856562499999 0.7921342874999999 0.5488906078125 0.78826431875 0.5543730640625 0.7810081265625 0.5521155828125 0.7645607578125 0.5463106296875 0.769156346875 0.5401831796875001 0.7594814234375 0.5337332296875 0.75077399375 0.528250775 0.755853328125 0.5250258 0.753434596875 0.5124484 0.7606907890625 0.5205108359375 0.7727844421875 0.51954334375 0.779315015625 0.5224458203125 0.776896284375 0.5079334375 0.765286378125 0.5001934984374999 0.753434596875 0.5014834875 0.7522252328125 0.4847136234375 0.737954721875 0.4814886484375 0.7306985296875 0.4872936015625 0.727796053125 0.4953560375 0.73819659375 0.5021284828125 0.737954721875 0.5124484 0.736261609375 0.51954334375 0.722958590625 0.5159958734375001 0.725377321875 0.50245098125 0.7200561140625 0.4924535609375 0.7086880812499999 0.48664860625 0.69925503125 0.4889060890625 0.6936919500000001 0.48213364375 0.68667763125 0.4834236328125 0.6939338234375 0.45085139375 0.7033668734375 0.43472652343749996 0.7086880812499999 0.41473168125 0.687161378125 0.40989422031249995 0.6779702015625 0.4095717234375 0.665150928125 0.40666924531250004 0.6518479109374999 0.40666924531250004 0.6436242265625001 0.4137641890625 0.640963621875 0.421826625 0.6368517796875001 0.4227941171875 0.6322561921875 0.4153766765625 0.6279024765625 0.4060242515625 0.625 0.39602683125000004 0.625 0.3853844171875 0.6194369187500001 0.38280443750000004 0.62427438125 0.3747420015625 0.6361261609375 0.3779669765625 0.6375774 0.3721620234375 0.63201431875 0.3637770890625 0.633223684375 0.35700464374999996 0.6373355265625 0.35216718281250003 0.6358842874999999 0.3463622296875 0.6295955875 0.3541021671875 0.62572561875 0.35377966875 0.6235487609375 0.3453947375 0.633949303125 0.3286248703125 0.6383030187500001 0.3131449953125 0.6334655578125 0.3025025796875 0.62814435 0.30089009375 0.6252418734375 0.2941176484375 0.6133900921875 0.2815402484375 0.605166409375 0.27896026875 0.5986358359375 0.2731553140625 0.5889609140625 0.2660603703125 0.5877515484375 0.2605779140625 0.5959752328125 0.2544504640625 0.5974264703125 0.23768059843749997 0.6015383125 0.21188080468749998 0.6020220593750001 0.2005933953125 0.5879934203125 0.20156088749999998 0.5889423078125 0.18640350781249998 0.58103491875 0.17712550625 0.5712297578125 0.17122132343750002 0.5645875499999999 0.1589912265625 0.5702808703125 0.1387483125 0.5652201421874999 0.12525303593749998 0.5740764171875 0.11007085000000001 0.575025303125 0.0940452078125 0.559526821875 0.088141025 0.554149796875 0.0700067484375 0.5430794531250001 0.0615722 0.53485576875 0.0497638328125 0.5316928140625 0.03205128125 0.5193572875 0.0350033734375 0.511133603125 0.0371120109375 0.5003795546875 0.0350033734375 0.49563512187500003 0.0278340078125 0.5051239875 0.0172908234375 0.5092358296875 0.0016869109375 0.0002418734375 0 0.000483746875 0.9971620234374999 0.9984375 0.9979166671874999 0.9984375 0.9833333328125 0.9926470593750001 0.9807146546875 0.9793440406249999 0.9736197109375 0.9827302625 0.9658797734375