1 0.6082349781249999 0.0263769671875 0.622652896875 0.01117668125 0.6122585843749999 0.011623748437500001 0.6095761796875 0.0004470671875 0.60018776875 0.0008941359374999999 0.5995171671875 0.01117668125 0.588452253125 0.017882689062500002 0.5797344421874999 0.0304005734375 0.5730284328125 0.0482832625 0.5750402359375 0.0675071515625 0.587781653125 0.06661301875 0.5954935625 0.059907010937500005 0.603540771875 0.043812589062500004 0.6082349781249999 0.0263769671875
1 0.6186292921875001 0.2467811171875 0.602870171875 0.23828683750000001 0.592811159375 0.2230865515625 0.5753755359375 0.2159334765625 0.5596164156250001 0.2150393421875 0.5482162015625 0.2230865515625 0.56129291875 0.2432045765625 0.58543455 0.2543812578125 0.5995171671875 0.25661659531250003 0.605887875 0.2651108734375 0.6139350859375 0.2673462078125 0.6142703859374999 0.25661659531250003 0.6186292921875001 0.2467811171875
1 0.554586909375 0.44304363281250003 0.5485515015625 0.43410228906250004 0.5502280046875 0.42069027031250006 0.53212178125 0.43097281875000004 0.5207215671875 0.42560801093749995 0.5046271453125 0.4296316171875 0.49657993593749994 0.43991416250000004 0.49322693125 0.45109084375 0.5012741421875 0.45734978593750003 0.5179850265625 0.4535590265625 0.5260863734375001 0.45466738125 0.5384924890625 0.44796137343750003 0.554586909375 0.44304363281250003
1 0.28768776875 0.38850143125000003 0.2799758578125 0.3952074390625 0.275616953125 0.4054899859375 0.261199034375 0.41040772499999995 0.2692462453125 0.4153254640625 0.2695815453125 0.4269492125 0.27829935625 0.4197961375 0.2890289703125 0.42069027031250006 0.3021056859375 0.41756080156250003 0.315517703125 0.40280758125 0.3037821890625 0.39028969999999996 0.28768776875 0.38850143125000003
1 0.159267703125 0.6782010015625 0.158932403125 0.6652360515625 0.1599383046875 0.6522711015625 0.148873390625 0.6576359078125 0.1408261796875 0.6545064375 0.129761265625 0.6554005734375 0.11836105156250001 0.66210658125 0.109307940625 0.67507153125 0.104949034375 0.6853540765624999 0.1072961375 0.6956366234375 0.119031653125 0.6938483546875001 0.129425965625 0.6938483546875001 0.139149678125 0.6862482125 0.1528969953125 0.6764127328125 0.159267703125 0.6782010015625
1 0.05431866875 0.6509299000000001 0.041241953125 0.6522711015625 0.031182940625 0.65271816875 0.019447424999999997 0.645118025 0.02447693125 0.6558476390625 0.0157591203125 0.6661301859375001 0.026488734375 0.66568311875 0.039230150000000005 0.6741773953125 0.05431866875 0.6768598 0.06840128749999999 0.6706008578125 0.06404238125 0.6589771109375 0.05431866875 0.6509299000000001
1 0.8278567593749999 0.0639306140625 0.8315450640625001 0.07376609375 0.8449570812499999 0.0809191703125 0.8640692062499999 0.0804721015625 0.8888814375 0.071977825 0.8986051500000001 0.0764484984375 0.9069876609374999 0.0755543625 0.900281653125 0.060801143749999995 0.9076582625 0.05007153125 0.905311159375 0.0447067234375 0.8949168453125 0.0496244625 0.881504828125 0.054095135937500004 0.8657457078125 0.0473891265625 0.8483100859375 0.04425965625 0.8322156656249999 0.048730329687500004 0.8278567593749999 0.0639306140625
1 0.739337446875 0.10863733906249999 0.7356491421875 0.1135550796875 0.7430257515625 0.12920243125 0.7624731765625 0.14261445 0.7685085843749999 0.1528969953125 0.7775616953125 0.1359084421875 0.7695144843749999 0.1345672390625 0.7658261796875 0.1202610875 0.7544259656250001 0.110872675 0.739337446875 0.10863733906249999
1 0.7939914156250001 0.34066523593750003 0.7805793984375 0.345582975 0.761802575 0.3598891265625 0.7651555796875 0.36838340468749997 0.77689109375 0.3835836921875 0.7852736046875 0.3804542203125 0.7980150218750001 0.3795600859375 0.8017033265625001 0.3674892703125 0.8090799359374999 0.358547925 0.8171271453125 0.34379470625 0.80505633125 0.3388769671875 0.7939914156250001 0.34066523593750003
1 0.9197290765625 0.1202610875 0.9079935625 0.1113197421875 0.8945815453125 0.1095314734375 0.8845225328125 0.11623748125 0.89357564375 0.1345672390625 0.9036346562500001 0.1435085828125 0.9260997859375 0.15513233125 0.9237526828125 0.16630901250000002 0.9381706015625 0.16809728125 0.93247049375 0.1533440625 0.9307939921875 0.1390379109375 0.9197290765625 0.1202610875
1 0.8657457078125 0.1712267515625 0.8597103 0.16094420625 0.846633584375 0.16630901250000002 0.8348980687499999 0.17569742500000002 0.827521459375 0.1949213171875 0.8416040765625 0.2011802578125 0.8513277890625 0.2025214578125 0.8694340125 0.19134477968750002 0.879157725 0.1792739625 0.8821754296875 0.1631795421875 0.8707752140625 0.1676502140625 0.8630633046874999 0.1582618015625 0.8657457078125 0.1712267515625
1 0.8188036484375001 0.5279864078125 0.8114270390625 0.5109978546875 0.803379828125 0.51010371875 0.798685621875 0.5025035765625 0.788626609375 0.49937410625 0.7869501078125001 0.5109978546875 0.7936561156249999 0.5284334765625001 0.8097505359375001 0.5373748203125001 0.8218213515624999 0.5606223171875 0.8245037546875 0.55481044375 0.8204801500000001 0.54184549375 0.827186159375 0.53603361875 0.8268508578124999 0.5302217453125 0.8188036484375001 0.5279864078125
1 0.700777896875 0.5306688125 0.6796539703125 0.5275393421875 0.6642301500000001 0.5284334765625001 0.6555123390625 0.5396101578125 0.6374061156249999 0.5396101578125 0.6454533265625 0.5498927046875 0.6384120171875 0.56419885625 0.6588653437499999 0.5552575109375 0.6726126609375 0.5539163078125 0.6907188843750001 0.55481044375 0.70848980625 0.5539163078125 0.7155311156249999 0.5405042921875001 0.700777896875 0.5306688125
1 0.7417805984375 0.7470703125 0.751953125 0.7318793390625 0.76416015625 0.7123480890625 0.7609049484375 0.7042100687499999 0.7474772140625 0.7042100687499999 0.7316080734375 0.7096354171875 0.7206217453125 0.7156032984375 0.709228515625 0.7302517359375 0.7002766921875 0.751953125 0.6888834640625 0.7655164937500001 0.701904296875 0.7660590265625 0.70556640625 0.7769097234375 0.71044921875 0.7644314234375 0.72509765625 0.7552083328125 0.7417805984375 0.7470703125
1 0.689697265625 0.6548394109375 0.6876627609375 0.6618923609375 0.6913248703125 0.6711154515625 0.701904296875 0.6830512140625 0.7149251296875 0.6966145828125 0.7271321609375 0.7074652765625 0.7373046875 0.7069227437500001 0.7421875 0.6955295140625 0.73486328125 0.6808810765625 0.7198079421875 0.6651475687499999 0.6990559890625 0.6553819437499999 0.689697265625 0.6548394109375
1 0.9073893234374999 0.6673177078125 0.902099609375 0.6678602437500001 0.899658203125 0.6776258687500001 0.9029134109375001 0.7047526046875 0.8980305984375001 0.7134331609375 0.9073893234374999 0.7145182296875 0.9269205734374999 0.7112630203125 0.9281412765624999 0.6998697921875 0.9183756515624999 0.6841362859375 0.9073893234374999 0.6673177078125
1 0.7963053390625 0.8479817703125001 0.799560546875 0.8246527765625 0.8003743484375001 0.7872178812499999 0.7963053390625 0.7557508687500001 0.7853190109375 0.7367621515625 0.7792154953125 0.7416449640625 0.780029296875 0.76171875 0.7828776046875 0.7807074640625 0.7869466140625 0.8024088546874999 0.789794921875 0.8284505203125001 0.7763671875 0.8360460062499999 0.7853190109375 0.8409288187499999 0.7906087234375 0.8566623265625 0.7963053390625 0.8479817703125001
1 0.8085123703124999 0.8995225687499999 0.8199055984375001 0.8734809015625 0.8369954421875001 0.859375 0.8365885421874999 0.8474392359375 0.8243815109374999 0.8501519109375 0.8223470046875001 0.8262803812499999 0.8154296875 0.8371310765625 0.8113606765625001 0.8479817703125001 0.7967122390625 0.8550347234375 0.7853190109375 0.8637152765625 0.7743326828125 0.8751085062499999 0.7731119796875 0.9022352437500001 0.782470703125 0.908203125 0.7999674484375 0.9098307296874999 0.8085123703124999 0.8995225687499999
1 0.8463541671874999 0.8430989578125001 0.838623046875 0.8224826390625 0.8203125 0.8094618062500001 0.8028157546875001 0.8110894109375 0.80322265625 0.8175998265625 0.8162434890625001 0.8306206609375 0.82275390625 0.8246527765625 0.826416015625 0.8463541671874999 0.8369954421875001 0.8463541671874999 0.8390299484374999 0.8761935765625 0.845947265625 0.8669704859375 0.8561197921874999 0.8713107640625 0.8463541671874999 0.8430989578125001
1 0.9078125 0.9979166671874999 0.9025065109374999 0.9803602437500001 0.8894856765625001 0.9657118062500001 0.8683268234374999 0.9624565984375 0.8394368484375001 0.9369574640625 0.841064453125 0.9478081609375 0.855712890625 0.9657118062500001 0.8426920578124999 0.9695095484375 0.8443196609375001 0.9803602437500001 0.8626302078125001 0.9776475687499999 0.863037109375 0.9868706609375 0.8723958328125001 0.9944661453125001 0.86875 0.9979166671874999 0.9078125 0.9979166671874999
1 0.8915201828124999 0.7790798609375 0.8833821609375001 0.7969835062499999 0.8919270828125001 0.7980685765625 0.8980305984375001 0.7861328125 0.9090169265625001 0.7861328125 0.9244791671874999 0.7790798609375 0.9342447921874999 0.7758246515625 0.941162109375 0.7698567703125 0.9395345046875001 0.7568359375 0.9334309890625001 0.7476128484375 0.9195963546874999 0.7421875 0.9110514328124999 0.7427300359375 0.9033203125 0.7497829859375 0.8980305984375001 0.7649739578125 0.8882649734375001 0.7671440984375 0.8740234375 0.7687717015625 0.8829752609374999 0.7769097234375 0.8915201828124999 0.7790798609375
1 0.9224446609375001 0.7872178812499999 0.92529296875 0.80078125 0.931396484375 0.810546875 0.9358723953125001 0.80078125 0.9513346359374999 0.8013237859375 0.9635416671874999 0.7991536453125 0.9724934890625001 0.7937282984375 0.9700520828125001 0.7817925359375 0.9554036453125001 0.7725694437499999 0.9415690109374999 0.7709418390625 0.9346516921875001 0.7769097234375 0.9343597406249999 0.7668709109375 0.6531981890624999 0.6081046171875 0.3563133453125 0.3902730859375 0.3523543078125 0.4001266890625 0.3449641046875 0.3902730859375 0.344172296875 0.3923845734375 0.3375739015625 0.41596283749999996 0.33203125 0.42476069843750003 0.3359902875 0.4289836703125 0.3431995578125 0.4330546015625 0.3489231421875 0.4325028140625 0.350408828125 0.4371255328125 0.64598891875 0.6040336859375001 0.9224446609375001 0.7872178812499999
1 0.4231770828125 0.7465277765625 0.4231770828125 0.76171875 0.4276529953125 0.7703993062500001 0.4366048171875 0.7698567703125 0.4366048171875 0.76171875 0.452880859375 0.7535807296875 0.472412109375 0.7378472234375 0.4866536453125 0.7242838546875 0.4866536453125 0.7123480890625 0.4768880203125 0.7074652765625 0.455322265625 0.7101779515625 0.440673828125 0.7210286453125 0.4296875 0.7378472234375 0.4231770828125 0.7465277765625
1 0.4520670578125 0.5609809015625 0.4390462234375 0.5539279515625 0.4329427078125 0.5571831609375 0.4276529953125 0.56640625 0.4378255203125 0.5794270828125 0.4549153640625 0.5848524312500001 0.462646484375 0.5984157984375 0.4638671875 0.5875651046875 0.4720052078125 0.5843098953125 0.4683430984375 0.5750868062500001 0.4606119796875 0.5756293390625 0.4520670578125 0.5609809015625
1 0.47119140625 0.6282552078125 0.462646484375 0.6141493062500001 0.4508463546875 0.6000434015625 0.4337565109375 0.6000434015625 0.4276529953125 0.6070963546875 0.433349609375 0.6190321187500001 0.4471842453125 0.6309678812499999 0.4634602859375 0.6353081609375 0.469970703125 0.6369357640625 0.4732259109375 0.6488715265625 0.4768880203125 0.6369357640625 0.48583984375 0.6320529515625 0.47119140625 0.6282552078125
1 0.7120253171875001 0.28744725781249997 0.697389240625 0.3022151890625 0.6958069625000001 0.3143459921875 0.7053006328125 0.3185654 0.7262658234375 0.3117088609375 0.7321993671875 0.30379746875 0.7373417718749999 0.3006329109375 0.7310126578125 0.2805907171875 0.7254746828124999 0.2879746828125 0.7120253171875001 0.28744725781249997
1 0.71875 0.3343881859375 0.7037183546875 0.3312236296875 0.7041139234375 0.3407173 0.7108386078125 0.3502109703125 0.713212025 0.3612869203125 0.7207278484375 0.3544303796875 0.7389240499999999 0.3470464125 0.751186709375 0.34335443125 0.759889240625 0.33227848125000004 0.7590981015625 0.3138185640625 0.7523734171875 0.3064346 0.7389240499999999 0.3132911390625 0.7266613921875 0.3259493671875 0.71875 0.3343881859375
1 0.6372626578125 0.42932489374999994 0.6471518984375 0.44831223593749997 0.660601265625 0.46624472499999997 0.6681170890625 0.4672995765625 0.663370253125 0.4509493671875 0.65625 0.43459915625 0.6455696203125 0.42141350156249996 0.6372626578125 0.4224683546875 0.6372626578125 0.42932489374999994
1 0.8872626578125 0.2821729953125 0.8987341765625001 0.283755275 0.90031645625 0.2705696203125 0.8797468359374999 0.2663502109375 0.86629746875 0.2478902953125 0.850870253125 0.2436708859375 0.83781645625 0.25 0.8465189875 0.2663502109375 0.859177215625 0.2747890296875 0.876582278125 0.2805907171875 0.8884493671874999 0.2974683546875 0.8967563296875 0.2974683546875 0.8872626578125 0.2821729953125
1 0.8868670890624999 0.25316455625 0.873813290625 0.2283755265625 0.85799050625 0.2236286921875 0.84058544375 0.23048523125 0.845332278125 0.2436708859375 0.8520569625000001 0.24208860781250002 0.8670886078125 0.2463080171875 0.8813291140624999 0.2637130796875 0.89477848125 0.2674050625 0.9070411390625001 0.25896624375 0.8868670890624999 0.25316455625
1 0.632120253125 0.13765822656249999 0.615110759375 0.1318565390625 0.600870253125 0.136603375 0.5965189875 0.14451476875 0.6012658234375 0.1545358640625 0.6222310125 0.1592827 0.63924050625 0.1656118140625 0.6360759500000001 0.1518987328125 0.6400316453125 0.14451476875 0.632120253125 0.13765822656249999
1 0.60245253125 0.1782700421875 0.5890031640625 0.1682489453125 0.5775316453125 0.1666666671875 0.5660601265625 0.17194092968750002 0.568037975 0.1803797453125 0.5735759500000001 0.18459915625 0.5846518984375 0.1861814359375 0.5941455703125 0.1946202546875 0.6087816453125 0.1993670890625 0.6127373421875 0.18776371249999999 0.60245253125 0.1782700421875
1 0.6048259500000001 0.1091772140625 0.600870253125 0.1033755265625 0.5957278484375 0.11603375625000001 0.5886075953125001 0.12921940781250002 0.5874208859375 0.1460970453125 0.592563290625 0.15295358750000002 0.595332278125 0.1471518984375 0.6004746828124999 0.1371308015625 0.60522151875 0.1202531640625 0.6127373421875 0.1075949375 0.6048259500000001 0.1091772140625
1 0.697389240625 0.031645568750000005 0.6942246828124999 0.0184599140625 0.683148734375 0.0221518984375 0.6756329109375 0.029008439062500002 0.6728639234375 0.0379746828125 0.6681170890625 0.0411392390625 0.6752373421875 0.0437763703125 0.6740506328125 0.05537974531249999 0.6835443031249999 0.051687764062499995 0.693037975 0.043248945312499995 0.697389240625 0.031645568750000005
1 0.640427215625 0.13343881875000002 0.6479430374999999 0.1329113921875 0.643196203125 0.1207805921875 0.6329113921875 0.1176160328125 0.6289556968750001 0.13396624375 0.6226265828125 0.12236286874999999 0.6170886078125 0.1297468359375 0.55670606875 0.26424050625 0.5597310125 0.26951476875 0.552680565625 0.27320675156249996 0.5486550640625001 0.2821729953125 0.547072784375 0.30696202499999997 0.53995253125 0.3132911390625 0.547072784375 0.32700421875 0.55656645625 0.3201476796875 0.568037975 0.3027426171875 0.5704113921875 0.283755275 0.5688291140625 0.2679324890625 0.640427215625 0.13343881875000002
1 0.410205696875 0.4878691984375 0.40427215156249996 0.47995780625 0.4113924046875 0.4709915609375 0.39794303750000004 0.47362869218750003 0.384889240625 0.46782700468750005 0.3714398734375 0.46782700468750005 0.3627373421875 0.47468354375 0.3575949359375 0.48312236249999996 0.3599683546875 0.4920886078125 0.370648734375 0.49683544375000005 0.3829113921875 0.4941983125 0.39675632968749996 0.4905063296875 0.410205696875 0.4878691984375
1 0.36906645625 0.5559071734375001 0.359572784375 0.5622362875 0.34770569687499997 0.5543248937499999 0.333465190625 0.5548523203125 0.3204113921875 0.55959915625 0.3125 0.5738396625 0.3125 0.58227848125 0.3318829109375 0.5886075953125001 0.34968354375 0.5864978890625 0.3627373421875 0.5828059062500001 0.3726265828125 0.5849156125 0.367879746875 0.57120253125 0.36906645625 0.5559071734375001
1 0.3583860765625 0.7579113921875 0.342563290625 0.74156118125 0.3318829109375 0.7347046421875 0.31724683593749997 0.7320675109375 0.305379746875 0.73048523125 0.31724683593749997 0.7542194078125 0.33425632968749996 0.7658227859375 0.34849683593749997 0.7716244734375 0.3599683546875 0.7874472578125 0.36352848125000004 0.7747890296875 0.3753955703125 0.7668776375 0.36867088593749997 0.7626582265625 0.3583860765625 0.7579113921875
1 0.25593354375 0.8560126578125 0.24723101249999999 0.8280590703125 0.237341771875 0.80959915625 0.22428797500000003 0.8001054859375 0.222705696875 0.818037975 0.23101265781250002 0.8349156125 0.23694620312499998 0.8465189875 0.246044303125 0.8644514765625001 0.26147151874999996 0.8786919828125 0.263053796875 0.8691983125 0.25870253125 0.8512658234374999 0.25593354375 0.8560126578125
1 0.407832278125 0.8612869203125 0.4157436703125 0.83808016875 0.4090189875 0.8370253171875 0.4026898734375 0.82647679375 0.40071202499999997 0.84968354375 0.3868670890625 0.8591772140625 0.3726265828125 0.8697257374999999 0.373813290625 0.8850210984375 0.3825158234375 0.8844936703125 0.393591771875 0.87816455625 0.407832278125 0.8612869203125
1 0.3729496609375 0.8309766203125 0.36305147031249996 0.8300339375 0.35350678750000003 0.8356900453125 0.345022625 0.8470022625 0.33759898125 0.8526583703125 0.34113405 0.8550150828125 0.3383059953125 0.8672699859374999 0.347497171875 0.8583144796875001 0.359516403125 0.8573717953125 0.3687075796875 0.8550150828125 0.3782522625 0.8441742078125 0.3814338234375 0.83427601875 0.3729496609375 0.8309766203125
1 0.2011453625 0.96955128125 0.189612203125 0.9598887625 0.183116515625 0.9667232265625 0.178520928125 0.9601244359375001 0.18267463281250002 0.9530542984375 0.183116515625 0.9478695328125 0.1757370609375 0.9462198328125 0.17869768125000002 0.9384426859375001 0.174278846875 0.9290158375 0.168799490625 0.93938536875 0.1629666296875 0.9459841625 0.1618619203125 0.9325509046875 0.1555429859375 0.9370286578125 0.15492435 0.9257164390625 0.16402715 0.9172322765625 0.150240384375 0.9111048265624999 0.147986778125 0.918881975 0.14104920781250002 0.9120475109375 0.1353931 0.89460784375 0.12337386875 0.9068627453125 0.14811934375 0.9280731515625 0.1721578046875 0.9601244359375001 0.17145079218749998 0.9794494734375 0.162259615625 0.9978318249999999 0.1890625 0.9979166671874999 0.19761029375 0.9836915546875 0.2011453625 0.96955128125
1 0.0696408375 0.9620098046875001 0.0519654984375 0.96578054375 0.0371182125 0.9855769234375 0.0296945703125 0.9978318249999999 0.065625 0.9979166671874999 0.0664592765625 0.9865196078125 0.0774179859375 0.9775641015625001 0.07706447968749999 0.9653091999999999 0.0696408375 0.9620098046875001
1 0.31285350625 0.5015082953125 0.29977375624999997 0.5010369546875 0.2891685515625 0.50857843125 0.2767958140625 0.5260181 0.26300905 0.53026018125 0.2760888015625 0.53261689375 0.2739677609375 0.5453431375 0.2824519234375 0.5354449484375 0.2930571265625 0.5288461546875001 0.3071973984375 0.5236613875 0.31214649375 0.5156485671875 0.31285350625 0.5015082953125
1 0.8200485640625 0.1513231984375 0.8113386828125 0.15976914375 0.8034206078125001 0.1706784921875 0.80183699375 0.17736486406250002 0.8086993250000001 0.1798282671875 0.8200485640625 0.17806869375 0.8313978046875 0.1717342328125 0.8335092906250001 0.16188063125000002 0.8298141890625 0.1509712828125 0.8200485640625 0.1513231984375
1 0.1346860859375 0.5345022625 0.1368071265625 0.5189479640625 0.129736990625 0.5175339375 0.1166572390625 0.521304675 0.113122171875 0.5312028671875 0.121252828125 0.5345022625 0.1346860859375 0.5345022625
1 0.293764140625 0.6655354453125 0.2810378953125 0.6716628953125 0.2725537328125 0.67024886875 0.25947398125 0.6735482640625 0.25028280468749997 0.6801470578125001 0.244626696875 0.69428733125 0.24992929843749997 0.6994720953125 0.25947398125 0.7008861234375 0.277502828125 0.6985294125 0.2888150453125 0.6909879328125 0.3015412890625 0.6815610859375 0.2888150453125 0.67637631875 0.293764140625 0.6655354453125
1 0.3156815609375 0.6264140265625 0.30472285 0.6344268484375 0.2930571265625 0.6457390640625 0.29800622187500003 0.6485671187500001 0.29553167343750003 0.65705128125 0.30472285 0.6542232265625 0.3135605203125 0.6495098046875001 0.32770079218750003 0.6438536953125 0.33335689999999996 0.6287707390625 0.32840780468749997 0.6235859734375 0.3156815609375 0.6264140265625
1 0.22659785000000002 0.9365573140624999 0.2209417421875 0.9290158375 0.21387160624999998 0.9323152328125 0.211750565625 0.9440987937499999 0.21210407187500002 0.9591817499999999 0.219527715625 0.9704939671874999 0.21351810000000002 0.9799208140625 0.22447680937499997 0.9865196078125 0.22659785000000002 0.9747360484375 0.2258908375 0.9568250375 0.22659785000000002 0.9365573140624999
1 0.3280542984375 0.8078808437499999 0.3153280546875 0.81872171875 0.3195701359375 0.8243778265625 0.30507635781250003 0.8309766203125 0.3125 0.8333333328125001 0.30896493281250004 0.8437028671875 0.32381221718750003 0.8347473609374999 0.33335689999999996 0.82343514375 0.3425480765625 0.82343514375 0.34290158437499996 0.8140082953125001 0.3383059953125 0.8074095015625 0.3280542984375 0.8078808437499999
1 0.347497171875 0.6876885374999999 0.3591628953125 0.6966440421875 0.3729496609375 0.70277149375 0.3817873296875 0.7032428359375 0.3817873296875 0.6924019609375 0.37401018124999996 0.6858031671875 0.3644654984375 0.6792043750000001 0.355627828125 0.6810897437500001 0.347497171875 0.6876885374999999
1 0.3860294125 0.6782616890625001 0.376484728125 0.685331825 0.3835548640625 0.6886312203125 0.384261878125 0.7041855203125 0.390625 0.6928733046875 0.405118778125 0.6881598796875 0.40830033906249996 0.6721342375 0.40052319062499997 0.6612933625 0.39097850625 0.6650641015625001 0.3860294125 0.6782616890625001
1 0.34537613125 0.38178733125000003 0.337245475 0.3959276015625 0.32911481875000004 0.3973416296875 0.318863121875 0.4025263953125 0.31037895937500004 0.4143099546875 0.3135605203125 0.43174962343749995 0.3301753390625 0.42326546093750006 0.33689196875 0.4143099546875 0.339720021875 0.4034690796875 0.3510322390625 0.4001696828125 0.3425480765625 0.3949849171875 0.34537613125 0.38178733125000003
1 0.3938065609375 0.43740573125 0.3920390265625 0.4246794875 0.386736425 0.43363499218749996 0.3687075796875 0.43363499218749996 0.36163744375 0.43646304531249996 0.3545673078125 0.45107466093750004 0.3626979640625 0.4666289578125 0.368354071875 0.4595588234375 0.376484728125 0.46097285 0.3782522625 0.45484540000000007 0.3877969453125 0.4487179484375 0.40052319062499997 0.44353318281250004 0.3938065609375 0.43740573125
1 0.062288851562500004 0.9125140765624999 0.059649493750000004 0.9255349109375001 0.046452703125 0.91814470625 0.039590371875 0.9371480859375 0.0393264359375 0.9508727484374999 0.059649493750000004 0.9526323203124999 0.06730363125 0.9540399765625001 0.07548564218750001 0.946649775 0.071790540625 0.9424268015624999 0.082611909375 0.9269425671875 0.08525126718750001 0.9044200453125001 0.0744298984375 0.9044200453125001 0.062288851562500004 0.9125140765624999
1 0.014516470312499998 0.7252956078125 0.0110853046875 0.7347972984375 0.0002639359375 0.7358530390625 0 0.7520833328125 0.01953125 0.7576717328125 0.0324641046875 0.7555602484375 0.0461887671875 0.7467623875 0.04988386875 0.7333896390625 0.0461887671875 0.7242398640625 0.026921453125 0.7288147515625 0.0237542234375 0.7182573203125 0.014516470312499998 0.7252956078125
1 0.15440245 0.7552083328125 0.1554581921875 0.7467623875 0.1427892734375 0.7446509 0.14542863125 0.7376126125 0.159681165625 0.7326858109375001 0.156777871875 0.7214245499999999 0.145956503125 0.7003096859375 0.1301203546875 0.7013654265625 0.1129645265625 0.7038288296874999 0.10003167187499999 0.7129786046875 0.0997677359375 0.7277590078125 0.10504645312500001 0.7298704953125 0.127480996875 0.7355011265625 0.1319679046875 0.7421875 0.117715371875 0.7555602484375 0.11375633437499999 0.769636825 0.11929898593749999 0.7837134 0.13962204375 0.7819538296874999 0.1385663 0.7650619375 0.15440245 0.7552083328125
1 0.1496516046875 0.5232967328125 0.1388302359375 0.5197775890624999 0.13698268593750001 0.535261825 0.138302365625 0.53878096875 0.1512352203125 0.5423001125 0.1604729734375 0.5546171171875 0.1707664703125 0.57115709375 0.1749894421875 0.5683417796875 0.17604518593750001 0.5419481984375001 0.17182221250000002 0.52716779375 0.16020903749999998 0.519425675 0.1496516046875 0.5232967328125
1 0.29191300625 0.6383727484375 0.284786740625 0.6232404265625 0.27528505000000003 0.6348536046875 0.2628800671875 0.6404842328125 0.258393159375 0.6345016890624999 0.2673669765625 0.6302787171875 0.26314400312499997 0.6105715078125 0.26419974687500003 0.6014217328125 0.275021115625 0.6098676796875 0.2921769421875 0.6105715078125 0.300358953125 0.6162021390625 0.31065244999999997 0.60529279375 0.3093327703125 0.59403153125 0.30458192500000003 0.5905123875 0.301150759375 0.5739724109375001 0.2882179046875 0.5736204953125 0.2858424828125 0.5817145265625 0.27238175625 0.5757319812499999 0.26076858125 0.5820664421874999 0.24889147031249997 0.5813626125 0.250475084375 0.5936796171875 0.23727829374999998 0.6045889640625 0.2322635140625 0.61233108125 0.2375422296875 0.6183136265625 0.24783572656250002 0.6176097984375 0.24809966249999998 0.6292229734375 0.23833403749999998 0.6239442562499999 0.2322635140625 0.6323902015625 0.23147170625000002 0.6425957203125 0.24519636875 0.6517454953125 0.25443412187500003 0.6580799546875 0.26076858125 0.6594876125 0.25417018593749996 0.6686373875 0.2589210296875 0.6718046171875 0.2755489859375 0.6682854734375 0.283203125 0.65596846875 0.29191300625 0.6383727484375
1 0.1868665546875 0.47015765781249996 0.19135346250000002 0.4856418921875 0.2037584453125 0.5007742125 0.2312077703125 0.5141469609375 0.23727829374999998 0.5092201578125 0.2312077703125 0.4919763515625 0.2156355578125 0.4828265765625 0.20138302343749998 0.47965934531250004 0.1979518578125 0.46523085625 0.1868665546875 0.47015765781249996
1 0.2908572640625 0.46769425625 0.2818834453125 0.4705095734375 0.2795080234375 0.47684403125 0.28346706093749996 0.4937359234375 0.29244087812499997 0.50429335625 0.29983108125 0.4990146390625 0.3111803203125 0.5007742125 0.30379011875 0.48810529375 0.3069573484375 0.48001126093749996 0.29481630000000003 0.4757882875 0.2908572640625 0.46769425625
1 0.3146114859375 0.4874014640625 0.3278082765625 0.5039414421874999 0.3367820953125 0.4891610359375 0.338365709375 0.47015765781249996 0.32411317500000003 0.45608108124999996 0.3164590375 0.4715653140625 0.3146114859375 0.4874014640625
1 0.3571051515625 0.49690315468749996 0.3576330234375 0.48845720625 0.3586887671875 0.4705095734375 0.3489231421875 0.47226914375 0.3425886828125 0.49408783749999996 0.34470016875 0.5243524765625 0.3483952703125 0.5327984234375001 0.361328125 0.5211852484375 0.36819045625 0.5313907671875 0.376372465625 0.5335022515625 0.375580659375 0.5155546171875 0.3571051515625 0.49690315468749996
1 0.4127956078125 0.3255208328125 0.396959459375 0.3237612609375 0.3945840375 0.30440596875 0.3848184125 0.30299831093749996 0.3816511828125 0.31848254531250003 0.3879856421875 0.33431869375 0.3953758453125 0.3519144140625 0.4093644421875 0.3578969609375 0.40698902031250006 0.36951013593750004 0.41596283749999996 0.3751407671875 0.43153505000000003 0.35965653125 0.43549408749999996 0.34557995468749997 0.4288956921875 0.33361486406249996 0.41886613125 0.3385416671875 0.4127956078125 0.3255208328125
1 0.4500105578125 0.4036458328125 0.43153505000000003 0.40259008906249993 0.4299514359375 0.3909769140625 0.4196579390625 0.3980152015625 0.41886613125 0.4064611484375 0.41121199375 0.43531813125 0.41886613125 0.45221002343750005 0.4310071796875 0.44763513593750004 0.46294341250000004 0.44059684531250004 0.47191722968749994 0.41842623906250004 0.47640413906249995 0.39625563124999996 0.459512246875 0.3800675671875 0.4500105578125 0.4036458328125
1 0.358952703125 0.2512668921875 0.36080025312499997 0.2762528140625 0.3652871625 0.29807150781249997 0.3742609796875 0.30651745468749997 0.3758445953125 0.29138513593750004 0.37214949375 0.2685106984375 0.37082981406250004 0.2463400890625 0.36238386875 0.2484515765625 0.358952703125 0.2512668921875
1 0.521009290625 0.28575450468749997 0.5138830234375 0.2885698203125 0.505437078125 0.2864583328125 0.49118454375000004 0.29420045 0.498574746875 0.3132038296875 0.5125633453125 0.3311514640625 0.517578125 0.34241272500000003 0.5281355578125 0.34241272500000003 0.5421241546875 0.3395974109375 0.5455553203125 0.3283361484375 0.538956925 0.31355574375 0.5315667234375 0.30686936875000004 0.53024704375 0.29455236406249996 0.521009290625 0.28575450468749997
1 0.367662584375 0.3188344609375 0.3502428203125 0.3125 0.3494510140625 0.3293918921875 0.3634396109375 0.34346846875 0.3679265203125 0.3329110359375 0.367662584375 0.3188344609375
1 0.5714210296875 0.3730292796875 0.5788112328125 0.3835867125 0.5846178203125 0.38112331093749996 0.5854096281250001 0.36317567500000003 0.5658783781250001 0.3364301796875 0.5553209453125 0.3427646390625 0.5363175671875 0.3448761265625 0.5363175671875 0.3561373875 0.5421241546875 0.36106418906250004 0.5516258453125 0.3670467328125 0.5545291390625 0.3744369375 0.5437077703125001 0.3769003375 0.540540540625 0.38956925625 0.549250421875 0.39449605781249997 0.5605996625 0.3909769140625 0.5714210296875 0.3730292796875
1 0.45317778750000004 0.46065596875 0.47350084531250003 0.46065596875 0.494615709375 0.4691019140625 0.49989442500000003 0.4659346859375 0.4988386828125 0.45608108124999996 0.4782516890625 0.44235641875000004 0.46637457812500005 0.44869087968750004 0.454497465625 0.44693130625000005 0.45317778750000004 0.46065596875
1 0.6970544765625 0.1960163296875 0.681218328125 0.1974239875 0.669341215625 0.1946086703125 0.6764674828125 0.222761825 0.6843855578125 0.2266328828125 0.6965266046874999 0.21466779374999997 0.7091955234375 0.2174831078125 0.71579391875 0.2164273640625 0.7142103046875 0.1995354734375 0.7018053203125 0.1995354734375 0.6970544765625 0.1960163296875
1 0.7844172296874999 0.2037584453125 0.78125 0.1727899765625 0.7815139359375001 0.14393299531249998 0.7746516046874999 0.1456925671875 0.7672614015625 0.1541385125 0.765149915625 0.1639921171875 0.7472022796875 0.1632882875 0.7498416390625 0.17736486406250002 0.75485641875 0.1928491 0.7598712 0.21114864843749998 0.7722761828125 0.22522522500000003 0.7904877531250001 0.2347269140625 0.8055320953124999 0.2495073203125 0.812130490625 0.24000563125 0.80949113125 0.2174831078125 0.799197634375 0.2104448203125 0.7920713687500001 0.21607545 0.7844172296874999 0.2037584453125
1 0.6255278718749999 0.03096846875 0.637141046875 0.02428209375 0.646906671875 0.0190033796875 0.6463788 0.0017595734375000002 0.625 0 0.622624578125 0.0165399765625 0.6255278718749999 0.03096846875
1 0.6788429046875 0.14745213906250002 0.6746199328125 0.1330236484375 0.6630067562499999 0.1347832203125 0.6593116546875 0.15730574375 0.6463788 0.1580095734375 0.6413640203125001 0.1639921171875 0.6440033781250001 0.17103040625000002 0.6529771953125 0.17630912031249998 0.6643264359375001 0.1738457203125 0.6733002531250001 0.1629363734375 0.6788429046875 0.14745213906250002
1 0.27634079375 0.7098113734375 0.2879539703125 0.7214245499999999 0.30379011875 0.7052364875 0.3077491546875 0.67884290625 0.30167863125 0.6830658796875 0.29006545625 0.6932713953125 0.2773965375 0.7006616 0.27238175625 0.7010135125 0.27634079375 0.7098113734375
1 0.21364795937499997 0.6829294203125 0.20886479531250002 0.6967474499999999 0.1809630109375 0.70099915 0.17498405625 0.7142857140625 0.192123725 0.7190688765625 0.215242346875 0.7110969390624999 0.21324936249999998 0.699936225 0.21245216875 0.6935586734375 0.22161989843750002 0.6994047625 0.22759885156249998 0.708439625 0.23836096874999999 0.703125 0.22759885156249998 0.6813350328125 0.21364795937499997 0.6829294203125
1 0.0413183890625 0.8276342453125001 0.0199468078125 0.8339665640625 0.0042743156249999996 0.8497973671875 0.0004749234375 0.8548632234375001 0.0009161125000000001 0.8795697859375 0.024221125 0.8637284703124999 0.040843465625000006 0.8383991890625 0.0413183890625 0.8276342453125001
1 0.5810128515625 0.4355365171875 0.5735541609375 0.4408914734375 0.5766141375 0.44675642499999996 0.581586596875 0.4500714 0.587897796875 0.4510913921875 0.5966952265625001 0.4510913921875 0.6049189109374999 0.44905140781249997 0.61008261875 0.4452264375 0.613716340625 0.4345165234375 0.602815178125 0.42737658125 0.5900015296875 0.4301815578125 0.5810128515625 0.4355365171875
1 0.499475990625 0.5551321140625001 0.5140053359375 0.5589430890625 0.5180544968749999 0.55227388125 0.5268673781250001 0.54782774375 0.5247237046875 0.5367123984375 0.5163871953125 0.5376651421875 0.50304878125 0.5338541671875 0.49852324687499994 0.5392530484375 0.499475990625 0.5551321140625001
3 0.6609799484375001 0.4686826203125 0.6470326656250001 0.4511642953125 0.636723803125 0.43337645625 0.6266170765625 0.44065329843749995 0.624393596875 0.42583010000000004 0.6191380984375 0.40858128593750004 0.6124676578125 0.4066946953125 0.60660575625 0.40130444218749994 0.601350259375 0.3988788265625 0.5997331828125 0.3905239328125 0.593669146875 0.3975312625 0.589828590625 0.4066946953125 0.58619016875 0.411545925 0.578711190625 0.4137020265625 0.5688065984375 0.4250215609375 0.5690087328125 0.43337645625 0.5742642296875 0.4368801203125 0.5880093796875 0.4298727890625 0.60236093125 0.42583010000000004 0.6146911390625001 0.43364596874999994 0.609637775 0.44846916875 0.5964990296875 0.4527813703125 0.5803282671875001 0.4530508828125 0.57163648125 0.4433484265625 0.561125484375 0.4414618375 0.5558699875 0.44981673125 0.5435397796875 0.47353385000000003 0.5378800125 0.487279 0.533837321875 0.48134971875000004 0.5235284609375 0.4727253125 0.509985446875 0.4665265203125 0.5004851234375 0.46544846875 0.4976552390625 0.4724558 0.487346378125 0.4716472625 0.4814844765625 0.48108020625 0.4790588609375 0.49805950781249997 0.47117561406249997 0.49752048281250005 0.46389877031250004 0.4921302296875 0.45298350625 0.4905131515625 0.442068240625 0.49805950781249997 0.4168014234375 0.5039887875 0.399822121875 0.5136912453125 0.3996199875 0.5225851671874999 0.3905239328125 0.5298620109375001 0.3838534921875 0.5347132375 0.377991590625 0.5336351875 0.3713211515625 0.5349827515625 0.37435316875 0.5425291078125001 0.3842577625 0.5506144890625 0.3866833765625 0.563012075 0.38122574375 0.5764877109375 0.38951325937500003 0.5886157828125 0.38445989687500004 0.6080206984375 0.395577296875 0.61691461875 0.41093952187499994 0.6152975421875 0.4060882921875 0.6371280734375 0.3986093140625 0.6438658890625 0.3941623546875 0.6357805078125 0.38991752968750004 0.6435963765625 0.3773851875 0.64817809375 0.3674805953125 0.66407934375 0.357980271875 0.6697391125000001 0.3531290421875 0.6597671421875 0.34807567968750003 0.6764769296875001 0.3420116421875 0.6851013375 0.3365540109375 0.6880659765625 0.3254366109375 0.685909875 0.312702134375 0.6888745140625 0.3072445015625 0.6950733078125 0.3072445015625 0.7039672265625 0.30340394531250003 0.7150172484375 0.29794631250000003 0.72445019375 0.2957228328125 0.7516709796875001 0.2882438546875 0.7478978 0.285818240625 0.7371172921875 0.2791478 0.7336136265625 0.2763179171875 0.7492453640625001 0.2607535578125 0.7470892625000001 0.258530078125 0.73819534375 0.270456015625 0.7282233734375 0.267019728125 0.7142087109374999 0.26580692031250003 0.7088184562500001 0.2581258078125 0.7101660203125 0.2500404265625 0.7010025875 0.24438065937500003 0.6961513578125 0.24438065937500003 0.6886050015625 0.2421571796875 0.6829452359375 0.23892302656250003 0.6832147484375 0.236699546875 0.6958818453125 0.2385187578125 0.7039672265625 0.22679495468750002 0.70935748125 0.22153945625000002 0.7010025875 0.21345407500000002 0.6956123328125 0.2156775546875 0.7117830953125 0.2112305953125 0.7209465296875 0.20536869375000003 0.72337214375 0.2039537515625 0.7301099609375 0.1920278140625 0.7268758078124999 0.1877829890625 0.72283311875 0.18677231562500002 0.7179818890624999 0.18151681718749998 0.7179818890624999 0.179091203125 0.7274148328125001 0.1651439203125 0.7349611890625 0.1623140359375 0.7465502374999999 0.156856403125 0.747358775 0.15584573125 0.7559831828125 0.1427069859375 0.7651466140625 0.14472833125 0.7772746875000001 0.1416963125 0.7956015515625 0.1348237390625 0.80072229375 0.12309993593749999 0.8079991375000001 0.110365459375 0.8069210874999999 0.1085462484375 0.7991052187500001 0.09419469531249999 0.7999137562499999 0.088130659375 0.8131198796874999 0.075800453125 0.8282125921875 0.067715071875 0.8117723171875 0.068119340625 0.80072229375 0.059629689062500005 0.8031479078125001 0.0475016171875 0.80018326875 0.0408311765625 0.7999137562499999 0.038809831249999996 0.7920978875 0.0359799484375 0.7799698140625 0.0321393921875 0.7756576109375 0.027490296874999997 0.7815868921875 0.022436934375000002 0.7756576109375 0.0179899734375 0.7778137125 0.019202781250000002 0.7829344546875 0.0145536875 0.7829344546875 0.0092981890625 0.7791612765625 0.0010106734375000001 0.7815868921875 0.000606403125 0.8513906859375 0.019809184375 0.8327943078125 0.04184185 0.8260564890625 0.04224611875 0.8384540749999999 0.0246604140625 0.8648663203125 0.0012128078125 0.8831931875000001 0 0.9979166671874999 0.0265625 0.9979166671874999 0.035171409375000004 0.9866860703125001 0.0521507109375 0.9635079765624999 0.06993855156249999 0.9594652874999999 0.0782260671875 0.9643165171874999 0.07863033593749999 0.9775226390625 0.0671086671875 0.9874946109374999 0.0671875 0.9979166671874999 0.1609375 0.9979166671874999 0.17120795625000002 0.9788702015625 0.183336028125 0.9645860296875 0.19687904218750002 0.9648555421875 0.20274094374999999 0.96862871875 0.199102521875 0.9845299703125001 0.190625 0.9979166671874999 0.865625 0.9979166671874999 0.8709977359375 0.9945019390625 0.862103815625 0.9883031484375 0.86109314375 0.9788702015625 0.8435074390624999 0.9818348421875 0.8408796890625 0.96862871875 0.8534120312500001 0.9643165171874999 0.8394647484375 0.9465286765625001 0.8376455375 0.9325140140625001 0.86877425625 0.9613518750000001 0.8899983828125 0.9629689515625 0.9033392625 0.9802177671875001 0.910818240625 0.9961190171875 0.9984375 0.9979166671874999 0.9984375 0.0979166671875 0.9882357703125001 0.1005282453125 0.9704479296875 0.09891116875 0.9651924328125 0.1078050875 0.9569049156249999 0.10915265156250001 0.94983020625 0.121280725 0.937702134375 0.1083441140625 0.926584734375 0.11103924218750001 0.9217335062500001 0.11858559843750001 0.930627425 0.1363734375 0.933457309375 0.15146615000000002 0.9397234796875 0.1687149625 0.9322445015625 0.1700625265625 0.9350743859374999 0.1873113421875 0.9275954078125 0.2037516171875 0.9154673343749999 0.19809185 0.9057648765625 0.18299913750000002 0.9041478 0.1638637328125 0.910009703125 0.14877102343749998 0.892423996875 0.1363734375 0.8893919796875001 0.14391979375 0.8849450187500001 0.1654808109375 0.8802959250000001 0.1805735234375 0.8703913328124999 0.1932406203125 0.8519970890625 0.2037516171875 0.8437095734375 0.2032125921875 0.8325921734374999 0.20024795156250003 0.83036869375 0.214532125 0.8243046578125 0.23043337656250001 0.8265281375000001 0.2385187578125 0.838251940625 0.2476821890625 0.84532665 0.24471755 0.8398690171875 0.22854678750000001 0.8580611250000001 0.22207848125 0.8742318890625 0.2269297109375 0.887370634375 0.25253341875 0.9087968953125 0.2587322125 0.8966688234375001 0.2684346703125 0.9011157828125 0.27059077343750004 0.900105109375 0.2854139703125 0.8895941140625 0.2835273828125 0.8984880343749999 0.29888960781249996 0.8885834406249999 0.3002371703125 0.8756468312499999 0.28164079375 0.8606888749999999 0.2767895640625 0.8473479953125 0.2697822328125 0.835219921875 0.2484907296875 0.8281452140625 0.25064683125 0.8245067921875 0.25900172499999996 0.81500646875 0.2598102625 0.8061125484374999 0.2652005171875 0.8022719921875 0.2724773609375 0.7953994171875001 0.275442 0.789537515625 0.2697822328125 0.7747816953125 0.27059077343750004 0.774579559375 0.28244933125 0.7654835062500001 0.2835273828125 0.7592173343749999 0.2792151796875 0.7491106078125 0.2767895640625 0.7454721859375 0.2878395859375 0.732535575 0.28083225624999997 0.738397478125 0.3010457078125 0.731929171875 0.304549375 0.7258651359375 0.31371280625 0.70484314375 0.3196420875 0.6945342812499999 0.3150603703125 0.69797056875 0.29754204375 0.6919065328125 0.2996981453125 0.68260834375 0.3172164734375 0.6809912671875 0.3355433375 0.6751293656249999 0.3395860296875 0.6727037515625 0.34740189843749997 0.674725096875 0.36572876249999997 0.6577457953125 0.36572876249999997 0.6462241265625 0.37785683593749997 0.6494582796875 0.38890685625 0.6450113203125001 0.3975312625 0.6446070500000001 0.4155886171875 0.6571393921875 0.4320288921875 0.6646183703124999 0.45035575625 0.67068240625 0.4686826203125 0.6609799484375001 0.4686826203125
1 0.3523205046875 0.64817809375 0.346862871875 0.6527598109375 0.3403945671875 0.6543768875 0.3335219921875 0.6600366546875 0.33089424375 0.6656964203125 0.33028783906250003 0.6713561875 0.324628071875 0.6573415265625 0.3262451484375 0.6732427765625 0.32119178593750003 0.6810586453125 0.32705368749999997 0.6840232859375 0.33695827968750003 0.6872574390625 0.342213778125 0.6845623109375001 0.347469275 0.6762074171875 0.35211837031250004 0.6592281140625 0.3523205046875 0.64817809375