1 0.5625 0.589 0.568 0.5860000000000001 0.5730000000000001 0.5796666671875 0.5765 0.581 0.57975 0.5883333328125 0.583 0.5923333328125 0.58125 0.6006666671875001 0.5860000000000001 0.5943333328125 0.59325 0.5900000000000001 0.59675 0.5926666671875 0.6025 0.588 0.608 0.5766666671875 0.6125 0.5623333328125 0.6155 0.5483333328125 0.61125 0.5343333328125001 0.61125 0.524 0.6115 0.5143333328125 0.60675 0.507 0.60175 0.49800000000000005 0.595 0.49366666718749996 0.5902499999999999 0.501 0.5860000000000001 0.5116666671875 0.5815 0.5183333328125 0.5755 0.5286666671875 0.5715 0.5373333328125 0.5715 0.5493333328125 0.5645 0.55 0.5605 0.5523333328125 0.5565 0.5556666671875 0.557 0.562 0.5595 0.5763333328125 0.56025 0.5846666671875 0.5625 0.589
1 0.4625 0.5203333328124999 0.4615 0.5286666671875 0.46799999999999997 0.541 0.47375 0.546 0.477 0.548 0.48025 0.5443333328125 0.484 0.5493333328125 0.48324999999999996 0.553 0.47975 0.5616666671874999 0.47725 0.5703333328125 0.4845 0.563 0.488 0.5593333328125001 0.4915 0.5636666671875 0.495 0.5673333328125 0.49800000000000005 0.5646666671875 0.499 0.554 0.49775 0.5483333328125 0.49725 0.5446666671875 0.5025000000000001 0.5416666671875 0.5035000000000001 0.5416666671875 0.508 0.5406666671875 0.5145 0.5406666671875 0.5165 0.5373333328125 0.515 0.5263333328125 0.5095 0.5233333328125 0.51 0.5033333328125 0.508 0.49466666718749996 0.5025000000000001 0.4883333328125 0.4965 0.485 0.4875 0.4883333328125 0.48324999999999996 0.5013333328125 0.48224999999999996 0.5043333328124999 0.47874999999999995 0.5083333328124999 0.47575 0.5126666671875 0.46975 0.5176666671875 0.46624999999999994 0.52 0.4625 0.5203333328124999
1 0.5519999999999999 0.5650000000000001 0.5465 0.563 0.5387500000000001 0.5660000000000001 0.5385 0.562 0.54525 0.5523333328125 0.5505 0.541 0.54625 0.5393333328125001 0.54425 0.5366666671875 0.5505 0.5353333328125001 0.5549999999999999 0.532 0.5605 0.5286666671875 0.563 0.5246666671875 0.55425 0.521 0.553 0.512 0.55575 0.5003333328124999 0.5509999999999999 0.511 0.54325 0.5133333328125 0.533 0.518 0.5275000000000001 0.5226666671875 0.524 0.5263333328125 0.515 0.5413333328125 0.50975 0.5456666671875 0.508 0.5546666671875 0.5077499999999999 0.5626666671875 0.5095 0.5723333328125 0.50675 0.5813333328125 0.51 0.5906666671874999 0.5135 0.5900000000000001 0.5197499999999999 0.5900000000000001 0.5237499999999999 0.5913333328125 0.53075 0.5816666671874999 0.5349999999999999 0.576 0.54075 0.571 0.5519999999999999 0.5650000000000001
1 0.10024999999999999 0.3763333328125 0.09975 0.36833333281249997 0.101 0.3603333328125 0.09875 0.3506666671875 0.09 0.359 0.09275 0.3723333328125 0.09475 0.38166666718750003 0.10024999999999999 0.3763333328125
1 0.2935 0.323 0.29775 0.3266666671875 0.2985 0.335 0.30025 0.3423333328125 0.304 0.3436666671875 0.3055 0.3363333328125 0.308 0.32599999999999996 0.3095 0.311 0.306 0.3003333328125 0.302 0.2916666671875 0.29175 0.296 0.29325 0.3083333328125 0.2935 0.323
1 0.35475 0.5083333328124999 0.3485 0.5093333328125 0.34550000000000003 0.511 0.3465 0.5143333328125 0.34825 0.521 0.348 0.5306666671875 0.34475 0.5366666671875 0.34425 0.5429999999999999 0.34775 0.5533333328125 0.3525 0.5593333328125001 0.35125 0.5643333328125 0.35975 0.5606666671875 0.362 0.554 0.36625 0.5483333328125 0.36825 0.5356666671875 0.3655 0.5286666671875 0.361 0.52 0.358 0.5146666671875 0.35475 0.5083333328124999
1 0.3515625 0.6646189453125 0.341546475 0.66951566875 0.33119658125 0.6668447296875 0.315170940625 0.6779736453125 0.30315170937499997 0.6899928765625 0.29881143125 0.70601851875 0.29580662343749997 0.7180377499999999 0.30815972187499996 0.7198183765625 0.3205128203125 0.7158119671875001 0.33186431562499996 0.7033475796875 0.34288194375000003 0.6926638171875 0.3498931625 0.6850961546875001 0.3485576921875 0.6779736453125 0.3515625 0.6646189453125
1 0.153579059375 0.6588319078125 0.1455662390625 0.65705128125 0.14222756406249998 0.66283831875 0.143563034375 0.6690705125 0.1432291671875 0.6735220796875 0.15157585468749998 0.6788639609375 0.159588675 0.66862535625 0.165598290625 0.6557158125 0.153579059375 0.6588319078125
1 0.33720619687500003 0.8934294875000001 0.34221420937499997 0.9099002859375 0.3532318375 0.9192485749999999 0.3732638890625 0.93082265 0.392962071875 0.9268162390624999 0.3996394234375 0.92459045625 0.4096554484375 0.8943198000000001 0.41266025624999997 0.8351139609375 0.39630074843749996 0.8328881765625 0.3876201921875 0.8324430203125001 0.37393162343749997 0.8351139609375 0.3605769234375 0.8351139609375 0.35256410312500003 0.8484686609375001 0.34588675156250004 0.862713675 0.3315304484375 0.8823005703125 0.33720619687500003 0.8934294875000001
1 0.7929353625 0.08680555625 0.791266025 0.0796830484375 0.7862580125 0.0836894578125 0.7762419875 0.0885861828125 0.7695646375 0.0952635328125 0.7648904921875 0.10060541249999999 0.7568776703125 0.10238603906249999 0.760216346875 0.11351495625000001 0.7625534187499999 0.10950854843749999 0.771233975 0.1130698 0.776909721875 0.10995370468750001 0.7815838671875001 0.10594729375 0.787259615625 0.10238603906249999 0.7899305562500001 0.09392806249999999 0.7929353625 0.08680555625
1 0.972222221875 0.4896723640625 0.984241453125 0.48165954375000003 0.9875801281250001 0.47542735 0.9819043796875 0.4709757828125 0.968883546875 0.4656339046875 0.9608707265625 0.4709757828125 0.9501869656249999 0.47765313281250005 0.940170940625 0.4861111109375 0.9505208328125001 0.4918981484375 0.9605368593750001 0.49145299218750005 0.972222221875 0.4896723640625
1 0.8480235046875 0.5876068375 0.84234775625 0.5925035609375 0.8430154921874999 0.6027421640624999 0.856704059375 0.6227742171874999 0.863715278125 0.6263354703124999 0.8754006406249999 0.6374643875 0.895098825 0.6530448703125 0.9031116453125 0.6543803421875001 0.9114583328125001 0.6508190875000001 0.9201388890625 0.6508190875000001 0.92715010625 0.6468126765625 0.9324919875000001 0.6307870375 0.9258146375 0.5978454421875 0.907785790625 0.58137464375 0.8954326921875 0.57514245 0.8754006406249999 0.5640135328125 0.8667200859375 0.5617877499999999 0.8623798078125 0.5671296296875 0.858373396875 0.57514245 0.8540331203125 0.57514245 0.8466880343750001 0.5577813390624999 0.839676815625 0.5511039890625 0.8350026703125 0.5519943015625 0.8316639953125 0.5657941609375 0.8370058765625 0.5795940171875 0.8480235046875 0.5876068375
1 0.9635416671874999 0.75097934375 0.977564103125 0.7527599703125001 0.979233440625 0.75008903125 0.9658787390624999 0.7349537046875 0.9371661328125 0.7211538453124999 0.9234775640624999 0.7122507125 0.9261485046875 0.6948896015625 0.9151308765625 0.7042378921875 0.9091212609375001 0.7140313390624999 0.9124599359375001 0.72426994375 0.9174679484375 0.7278311953125 0.92047275625 0.7318376062499999 0.9304887828125 0.7380698 0.9381677343750001 0.7411858984374999 0.9458466874999999 0.7465277765625 0.9565304484375 0.7483084046874999 0.9635416671874999 0.75097934375
3 0.38658038125 0.9514078109374999 0.3827486375 0.9633287921875 0.37934264375 0.9644641234375 0.3759366484375 0.9610581296875 0.3759366484375 0.9480018171875001 0.3704019078125 0.9480018171875001 0.3665701640625 0.9445958234375 0.3606096734375 0.9451634875 0.35507493125 0.9457311546874999 0.3512431875 0.93324250625 0.34400545 0.9423251578125 0.33251021875000003 0.9502724796875001 0.326123978125 0.9633287921875 0.3214407359375 0.9627611265624999 0.31548024531249996 0.9695731140625 0.3137772484375 0.9797910999999999 0.30824250625 0.9911444140624999 0.301092075 0.9961917765624999 0.94140625 0.9956597234375 0.93359375 0.9826388890625 0.947265625 0.9774305562500001 0.9615885421874999 0.9670138890625 0.9544270828125001 0.9314236109375 0.9264322921874999 0.9461805562500001 0.9453125 0.9262152765625 0.9453125 0.9053819437499999 0.9375 0.8932291671874999 0.9290364578125001 0.8923611109375 0.87890625 0.9279513890625 0.8854166671874999 0.9088541671874999 0.8997395828125001 0.8967013890625 0.8984375 0.8793402765625 0.8873697921874999 0.8645833328125001 0.873046875 0.8741319437499999 0.873046875 0.8611111109375 0.865234375 0.8394097234375 0.869140625 0.8211805562500001 0.8854166671874999 0.8107638890625 0.8880208328125001 0.7890625 0.8932291671874999 0.7821180562500001 0.8912760421874999 0.7647569437499999 0.869140625 0.7673611109375 0.8821614578125001 0.7534722234375 0.8912760421874999 0.7465277765625 0.8815104171874999 0.7317708328125 0.8619791671874999 0.734375 0.8717447921874999 0.7274305562500001 0.86328125 0.7083333328125 0.857421875 0.7013888890625 0.849609375 0.6918402765625 0.8424479171874999 0.6857638890625 0.83203125 0.6796875 0.8196614578125001 0.6840277765625 0.8248697921874999 0.6692708328125 0.82421875 0.6536458328125 0.8046875 0.6501736109375 0.8059895828125001 0.6440972234375 0.7978542234375 0.6295413265625001 0.7918937328125 0.6295413265625001 0.7842302453125 0.6267029984375 0.7740122609375 0.6244323328125 0.767200271875 0.6215940062499999 0.7603882828125 0.6147820171875 0.7599625343749999 0.609673025 0.7527247953125 0.59548138125 0.74591280625 0.60002270625 0.7408038140625 0.59434605 0.7454870578125 0.5773160765625 0.7373978203125 0.5744777484375 0.733991825 0.5744777484375 0.7271798359375 0.5750454125 0.720367846875 0.5795867390625 0.720367846875 0.57163941875 0.7224965937500001 0.5625567671875 0.7122786109375 0.56085376875 0.7041893734375 0.5665304265625 0.69908038125 0.5665304265625 0.6952486375 0.5688010890624999 0.6897138968750001 0.5756130796875001 0.6799216625 0.5750454125 0.6786444140625 0.5858310624999999 0.671406675 0.5898047234375 0.662040190625 0.5915077203125 0.65267370625 0.5841280640625001 0.6458617171875 0.59434605 0.6356437328125 0.58696639375 0.6279802453125 0.5886693921874999 0.6198910078125001 0.58696639375 0.6169107625 0.5983197078125 0.6105245234375001 0.5994550421875 0.60498978125 0.6028610359375 0.6037125343749999 0.5983197078125 0.59775204375 0.6034287015625 0.58966280625 0.6068346953125 0.5790190734375 0.6034287015625 0.5734843328125 0.6170526796875 0.5675238421875 0.61080835625 0.5658208453125 0.6215940062499999 0.55858310625 0.6232970015625 0.552622615625 0.6244323328125 0.544959128125 0.6255676671875 0.5453848781249999 0.6374886453124999 0.5385728890625 0.6295413265625001 0.536869890625 0.63919164375 0.5364441421875 0.66303360625 0.5279291546875 0.6601952765625 0.5240974109375001 0.6749545875 0.5185626703125 0.6789282484375 0.521117165625 0.6908492265625 0.5245231609375 0.7010672125 0.515156675 0.6999318796875 0.5126021796875 0.7061762046875 0.513879428125 0.7101498640624999 0.5202656671875 0.72831516875 0.5147309265625 0.7294505 0.5087704359375 0.733991825 0.5053644421875 0.7322888296875 0.501958446875 0.7311534953125001 0.4998297 0.7311534953125001 0.49216621250000003 0.7368301546875 0.4917404625 0.7430744765624999 0.493869209375 0.7578337875 0.48961171718749996 0.7584014546875 0.4810967296875 0.7498864671875001 0.47556198906249997 0.74364214375 0.4700272484375 0.7532924609375 0.459383515625 0.7561307890625 0.45129427812499995 0.7487511359375 0.44022479531250003 0.76123978125 0.43724455000000007 0.7839464125 0.4362374328125 0.7927706796875 0.427878065625 0.7890554046875 0.424046321875 0.7975703890625 0.41255109062499995 0.8304950046874999 0.408293596875 0.8952089000000001 0.408293596875 0.9184831984375 0.4095708453125 0.9360808359374999 0.40701634843749995 0.94175749375 0.3933923703125 0.9343778374999999 0.390412125 0.9531108078124999 0.38658038125 0.9514078109374999
0 0.7274690359375 0.5630704046874999 0.7329693609375 0.5660582359374999 0.7400994140625 0.5744784875 0.7455997390625 0.5744784875 0.751507496875 0.568502825 0.7572115390625 0.56470013125 0.76373044375 0.5617123 0.7724902218749999 0.5570947421875 0.78165743125 0.5532920484375 0.7853243156249999 0.5505758375 0.781046284375 0.5386245109375001 0.7716753578125 0.5345501953125 0.7659713171875 0.5323772265625 0.7584338328125 0.5258583234375 0.7517112125 0.5234137328124999 0.7455997390625 0.5206975234375 0.7419328546874999 0.5182529328125 0.735210234375 0.5139069984375 0.7286913296875001 0.51417861875 0.72726531875 0.5090178187500001 0.721968709375 0.5065732296875 0.7244132984375 0.5220556265625 0.7205426984375001 0.5147218609374999 0.7199315515625 0.5027705359375 0.7150423734375 0.5163515859375 0.714431225 0.5016840499999999 0.71320893125 0.4981529765625 0.7123940671875 0.5057583671875 0.7111717734375 0.5111907875 0.709542046875 0.5139069984375 0.7097457625 0.5044002609375 0.710356909375 0.49951108125 0.7077086046875001 0.5011408078125 0.7077086046875001 0.5122772703125 0.705264015625 0.513635375 0.7020045625 0.5144502390625 0.6981339640625001 0.5158083437500001 0.6944670796875 0.5179813125 0.684281290625 0.52178400625 0.687337028125 0.5280312921875 0.688966753125 0.53292046875 0.6934484999999999 0.53889613125 0.6991525421875 0.5437853109375 0.7032268578124999 0.5489461109375 0.7097457625 0.5554650140625 0.7156535203125001 0.5587244671875 0.7274690359375 0.5630704046874999
0 0.7873614734375 0.5467731421875001 0.7908246421875 0.54840286875 0.79876955625 0.5473163828125001 0.802843871875 0.5465015203125 0.8105850718750001 0.5451434171875 0.8181225546875 0.5454150375 0.8230117343750001 0.5465015203125 0.8329938078125 0.54840286875 0.83992014375 0.54758800625 0.8466427640624999 0.5473163828125001 0.8515319421875001 0.5462298999999999 0.8539765312500001 0.5426988265625 0.8511245109375001 0.5304758796875 0.8509207953125 0.52178400625 0.8507170796875 0.5144502390625 0.8494947843749999 0.49869621875 0.8490873531249999 0.48593003125 0.8427721640625 0.4715341140625 0.8411424375 0.4642003484375 0.8411424375 0.45931116875000005 0.83992014375 0.45224902343749995 0.837068121875 0.4476314640625 0.8323826593750001 0.4408409390625 0.8260674703124999 0.4359517609375 0.8226043031250001 0.4337787921875 0.8158816812499999 0.43323555 0.8038624515624999 0.42916123281249996 0.8095664921875001 0.43812472968750005 0.8166965453125 0.445186875 0.8213820078125 0.45224902343749995 0.82749348125 0.460669275 0.8313640812499999 0.46583007343749994 0.835845828125 0.4766949140625 0.8397164281249999 0.48946110468750004 0.8397164281249999 0.49733811406250006 0.840938721875 0.5041286390625 0.8419573015624999 0.5130921328125 0.8433833109375 0.5196110390625 0.8382904171875 0.5160799640625 0.83604954375 0.5117340296874999 0.8317715124999999 0.50467188125 0.82749348125 0.5016840499999999 0.8169002609374999 0.500054325 0.8171039765625 0.5052151234375 0.8191411343749999 0.5114624078125 0.8221968703125 0.5193394171875 0.8215857234374999 0.5269448062500001 0.814863103125 0.5228704921875 0.814455671875 0.5155367234375 0.8140482406249999 0.5041286390625 0.8122147984374999 0.5003259453125 0.81160365 0.5163515859375 0.8091590609375 0.500054325 0.8083441984374999 0.5144502390625 0.8050847453125 0.49951108125 0.8038624515624999 0.51417861875 0.7995844203125 0.4984245984375 0.79876955625 0.4881029984375 0.7975472625 0.4796827453125 0.793880378125 0.4785962625 0.785731746875 0.4701760109375 0.7804351375 0.4671881796875 0.7753422421875 0.4661016953125 0.7735088 0.4682746625 0.7678047593749999 0.46094089531250004 0.763526728125 0.4530638859375 0.7582301171875 0.4476314640625 0.7547669484374999 0.4487179484375 0.748044328125 0.4476314640625 0.7423402875 0.4470882234375 0.748044328125 0.45252064374999995 0.74315515 0.4546936125 0.7415254234375 0.45550847499999997 0.7362288140625 0.46583007343749994 0.742544003125 0.46094089531250004 0.747636896875 0.4603976546875 0.752322359375 0.4666449375 0.7451923078125 0.46202737968749996 0.7423402875 0.46528683125 0.7411179921875 0.4715341140625 0.7570078234375 0.48158409375 0.7625081484375 0.49054758749999994 0.7706567796875 0.5014124296875 0.7745273796875 0.5079313328125 0.777990546875 0.5174380703125 0.781453715625 0.52612994375 0.7843057359375 0.5364515437499999 0.7873614734375 0.5467731421875001
0 0.8674217734375 0.5166232078124999 0.8725146671875 0.5166232078124999 0.8802558671874999 0.5166232078124999 0.8839227515625 0.5166232078124999 0.8882007828124999 0.5166232078124999 0.8910528031249999 0.5206975234375 0.8882007828124999 0.5258583234375 0.88351531875 0.5340069546875 0.8837190359375 0.52531508125 0.8802558671874999 0.52096914375 0.87882985625 0.5302042578124999 0.8759778359375 0.53129074375 0.8759778359375 0.5212407640625 0.8725146671875 0.5236853546875 0.8676254890624999 0.5198826609375 0.8637548890625 0.5193394171875 0.8631437421875001 0.5225988703125 0.8751629718749999 0.5391677546875 0.8729220984375001 0.5394393749999999 0.861514015625 0.5242285953125 0.8639586046875 0.53210560625 0.8729220984375001 0.5456866578125 0.8714960890624999 0.5481312484374999 0.8590694265625001 0.53210560625 0.86090286875 0.5386245109375001 0.8678292046875 0.5494893515625 0.8541802484375 0.5345501953125 0.857643415625 0.5443285515625 0.8633474578125 0.5508474578125 0.8670143421875001 0.5549217734375 0.874551825 0.5557366359375 0.8790335718750001 0.5549217734375 0.8851450453125 0.55437853125 0.8888119296875001 0.55437853125 0.8947196875 0.5546501515625 0.8961456968749999 0.5573663625 0.8904416562499999 0.5608974359375 0.877811278125 0.5592677109374999 0.870884940625 0.5570947421875 0.866606909375 0.5608974359375 0.8776075625 0.5633420250000001 0.8932936765624999 0.5698609296875 0.8985902875 0.5728487609374999 0.9097946546875001 0.5790960453125 0.912850390625 0.5801825296875001 0.9167209906249999 0.5828987390625 0.9212027375 0.5809973921875 0.9230361796875 0.5769230765625 0.9256844843750001 0.57665145625 0.9319996734375 0.5750217296875 0.9383148625000001 0.5731203828125 0.9401483046875001 0.5712190359375 0.938518578125 0.56714471875 0.9354628421875001 0.5630704046874999 0.9289439375 0.5614406765625 0.9250733375 0.5549217734375 0.9262956328125 0.5522055625 0.9279253578125 0.5511190796875 0.919776728125 0.5451434171875 0.9185544328124999 0.5416123421875 0.920387875 0.5375380265625 0.9232398953125 0.5326488484375 0.9234436109375 0.5234137328124999 0.9246659062499999 0.5152651015624999 0.9230361796875 0.5076597125 0.9224250328125001 0.5044002609375 0.9199804437499999 0.5019556703125 0.9175358546875 0.49869621875 0.9148875484375001 0.4946219046875 0.9120355281249999 0.48728813593750003 0.9093872234375 0.4829422 0.9069426343749999 0.48402868281250006 0.9016460234375 0.48212733593749996 0.898794003125 0.4766949140625 0.8973679921875 0.4728922203125 0.8941085390625 0.4663733171875 0.8930899609375 0.4612125171875 0.8896267921875 0.4538787484375 0.8869784875000001 0.4500760546875 0.883311603125 0.44491525468750004 0.8772001296875 0.44247066406249996 0.8759778359375 0.4438287703125 0.878218709375 0.4530638859375 0.877811278125 0.45632333750000004 0.877403846875 0.46202737968749996 0.8759778359375 0.46583007343749994 0.870681225 0.4661016953125 0.8684403515625 0.46583007343749994 0.86558833125 0.46936114843750004 0.8651809 0.47615167343750003 0.8631437421875001 0.48076923125000004 0.861514015625 0.4851151671875 0.86090286875 0.49353541874999995 0.8596805734374999 0.5019556703125 0.861514015625 0.5063016078125 0.861921446875 0.5109191640625 0.8674217734375 0.5166232078124999
0 0.920999021875 0.4981529765625 0.92385104375 0.5022272921875001 0.9258882015625 0.5060299875000001 0.9275179265625001 0.51499348125 0.9267030640625 0.5231421125 0.9250733375 0.5323772265625 0.9232398953125 0.53889613125 0.93403683125 0.5359083 0.9360739890625001 0.5350934374999999 0.9434077578125001 0.54242720625 0.945444915625 0.5451434171875 0.9487043671875 0.5465015203125 0.9509452406250001 0.5405258578125001 0.9497229468749999 0.5334637109375 0.945444915625 0.5293893953125 0.945444915625 0.5245002171875 0.9509452406250001 0.5155367234375 0.95114895625 0.5133637546875 0.9509452406250001 0.50684485 0.950741525 0.49923946093750005 0.9493155156249999 0.4916340734375 0.9389260109374999 0.4832138203125 0.9493155156249999 0.47913950468750005 0.946870925 0.47234897968749995 0.9438151890625001 0.4655584515625 0.940759453125 0.4574098203125 0.9389260109374999 0.45224902343749995 0.9354628421875001 0.44654498125000003 0.929555084375 0.44219904374999996 0.9246659062499999 0.440026075 0.9167209906249999 0.4367666234375 0.9099983703125 0.4373098640625 0.911220665625 0.4506192953125 0.911220665625 0.45578009531249997 0.911220665625 0.4663733171875 0.9108132328125 0.4728922203125 0.9108132328125 0.4785962625 0.9134615390624999 0.48783137656250003 0.9175358546875 0.4946219046875 0.920999021875 0.4981529765625