1 0.5463942312500001 0.1100427359375 0.556810896875 0.099358975 0.5672275640625 0.0961538453125 0.5512019234375 0.0876068375 0.5391826921875 0.0886752140625 0.537580128125 0.08226495625 0.52796474375 0.0673076921875 0.5175480765625 0.0587606828125 0.5079326921875 0.0544871796875 0.49110576874999995 0.057692307812499996 0.4903044875 0.0790598296875 0.49751602500000003 0.10042735 0.5023237171875 0.1079059828125 0.5103365390625 0.11431623906249999 0.5183493593749999 0.11752136718749999 0.5295673078124999 0.1217948703125 0.537580128125 0.11752136718749999 0.5463942312500001 0.1100427359375
1 0.40056089687499996 0.9551282046875 0.4221955125 0.9551282046875 0.4334134609375 0.9551282046875 0.462259615625 0.96901709375 0.443830128125 0.9444444437499999 0.46065705156250003 0.9380341874999999 0.440625 0.9273504265625 0.4237980765625 0.9220085484375 0.41338141093749997 0.9134615374999999 0.40697115312500004 0.90705128125 0.39575320468749997 0.9017094015625 0.383733975 0.8963675203125 0.368509615625 0.8920940171874999 0.3572916671875 0.8910256421874999 0.3476762828125 0.900641025 0.33645833281250004 0.9113247859375001 0.33084935937500004 0.9220085484375 0.33485576875 0.9348290609375001 0.3460737171875 0.9487179484375 0.37491987187500003 0.9572649562500001 0.40056089687499996 0.9551282046875
1 0.696233975 0.4027777765625 0.7058493593749999 0.3952991453125 0.724278846875 0.3920940171875 0.730689103125 0.3824786328125 0.7451121796875 0.3856837609375 0.7338942312500001 0.3653846140625 0.7322916671875 0.3333333328125 0.7266826921875 0.33653846249999997 0.7210737171875 0.3482905984375 0.70985576875 0.3514957265625 0.7026442312500001 0.34615384531250004 0.6834134609375 0.349358975 0.6721955125 0.3514957265625 0.662580128125 0.3579059828125 0.656169871875 0.37286324843749996 0.65296474375 0.3878205125 0.650560896875 0.40598290625000005 0.6601762828125 0.4081196578125 0.6721955125 0.4081196578125 0.6834134609375 0.4081196578125 0.696233975 0.4027777765625
1 0.690625 0.50534188125 0.699439103125 0.49786324843749996 0.7106570515625 0.5085470078125 0.7090544875 0.4903846140625 0.7082532046875001 0.4647435890625 0.693028846875 0.48076923125000004 0.6810096156250001 0.474358975 0.6705929484375 0.4668803421875 0.656971153125 0.46901709374999995 0.6513621796875 0.4647435890625 0.6417467953125 0.474358975 0.6353365390625 0.4893162390625 0.6385416671875 0.49893162343749997 0.6457532046875001 0.5106837609375 0.659375 0.5138888890625 0.6737980765625 0.5096153859375 0.6866185890625001 0.5106837609375 0.690625 0.50534188125
1 0.61610576875 0.5833333328125 0.61610576875 0.5737179484375 0.6112980765625 0.55662393125 0.6120993593749999 0.5363247859375 0.60328525625 0.5405982890625001 0.5952724359375 0.5459401703125 0.588060896875 0.5352564109375 0.5784455125 0.5277777765625 0.563221153125 0.53098290625 0.5528044875 0.5480769234375 0.5528044875 0.5619658125 0.5640224359375 0.5694444437499999 0.581650640625 0.574786325 0.5960737171875 0.574786325 0.6048878203125 0.5779914515625 0.61610576875 0.5833333328125
1 0.43421474375 0.5395299140625001 0.4518429484375 0.5395299140625001 0.46546474375 0.5341880328124999 0.4702724359375 0.52457265 0.49110576874999995 0.5341880328124999 0.4790865390625 0.5085470078125 0.4790865390625 0.49358974375000003 0.4702724359375 0.5 0.46626602500000003 0.5021367515625 0.45024038437499997 0.49465811875 0.437419871875 0.4882478625 0.4221955125 0.48504273593749997 0.418189103125 0.4903846140625 0.4085737171875 0.49679487031249997 0.40056089687499996 0.50534188125 0.39495192343749996 0.5202991453125 0.39895833281250004 0.5288461546875001 0.41338141093749997 0.5288461546875001 0.4221955125 0.5373931625 0.43421474375 0.5395299140625001
1 0.4678685890625 0.45299145156250004 0.4846955125 0.44444444375 0.4959134609375 0.4273504265625 0.49671474375 0.4091880328125 0.4862980765625 0.40598290625000005 0.4798878203125 0.4038461546875 0.46626602500000003 0.3974358984375 0.45424679531249995 0.39957265 0.4486378203125 0.40705128124999995 0.4398237171875 0.4145299140625 0.43261217968750004 0.43055555625 0.42620192343749996 0.44230769218750005 0.4205929484375 0.45512820468750004 0.4237980765625 0.46153846249999997 0.4334134609375 0.45299145156250004 0.44543269218750003 0.45619658125000007 0.4678685890625 0.45299145156250004
1 0.5359775640625 0.4626068375 0.5552083328124999 0.46153846249999997 0.5672275640625 0.4476495734375 0.5672275640625 0.43162393125 0.565625 0.41880341874999993 0.556810896875 0.4123931625 0.5479967953125 0.4027777765625 0.536778846875 0.4049145296875 0.5295673078124999 0.3888888890625 0.52796474375 0.4017094015625 0.5239583328124999 0.4123931625 0.5199519234375 0.43162393125 0.5199519234375 0.44444444375 0.5239583328124999 0.4594017109375 0.5359775640625 0.4626068375
1 0.3460737171875 0.4583333328125 0.3612980765625 0.4476495734375 0.35889423125 0.43482906093749996 0.352483975 0.4273504265625 0.3420673078125 0.4166666671875 0.3284455125 0.41987179531249996 0.3148237171875 0.42200854843749996 0.306009615625 0.42841880468750004 0.300400640625 0.44017093906250004 0.27556089687499996 0.4508547 0.2803685890625 0.4668803421875 0.2795673078125 0.4786324796875 0.2971955125 0.46901709374999995 0.30921474375 0.4732905984375 0.3268429484375 0.4658119671875 0.3460737171875 0.4583333328125
1 0.39495192343749996 0.4262820515625 0.40456730781249994 0.4155982890625 0.4221955125 0.41346153750000003 0.4077724359375 0.39957265 0.40697115312500004 0.37393162343749997 0.39495192343749996 0.39316239375 0.383733975 0.3952991453125 0.36770833281250004 0.3985042734375 0.3548878203125 0.4049145296875 0.349278846875 0.41346153750000003 0.3580929484375 0.4262820515625 0.36370192343749996 0.44123931718750004 0.36370192343749996 0.45299145156250004 0.37251602500000003 0.45619658125000007 0.383733975 0.44444444375 0.39014423125 0.43162393125 0.39495192343749996 0.4262820515625
1 0.1737980765625 0.5202991453125 0.181009615625 0.5459401703125 0.1866185890625 0.5170940171875 0.1898237171875 0.49679487031249997 0.18020833281249998 0.5010683765625 0.1770032046875 0.4797008546875 0.1858173078125 0.4540598296875 0.1778044875 0.45726495624999997 0.175400640625 0.449786325 0.17139423125 0.44230769218750005 0.161778846875 0.4380341875 0.156169871875 0.44337606875 0.1521634609375 0.45299145156250004 0.1521634609375 0.46901709374999995 0.144150640625 0.474358975 0.13453525625 0.4797008546875 0.1481570515625 0.49145299218750005 0.1577724359375 0.49145299218750005 0.16578525625 0.49893162343749997 0.1705929484375 0.5106837609375 0.1737980765625 0.5202991453125
1 0.12331730781250001 0.5918803421875001 0.12331730781250001 0.574786325 0.128125 0.5555555562500001 0.1353365390625 0.5459401703125 0.14014423125 0.5331196578124999 0.14014423125 0.5202991453125 0.14014423125 0.50534188125 0.1321314109375 0.49358974375000003 0.12411858906249999 0.4861111109375 0.11129807656249999 0.49465811875 0.11129807656249999 0.5064102562499999 0.11129807656249999 0.5213675203125 0.1104967953125 0.53205128125 0.1104967953125 0.5491453 0.112099359375 0.5619658125 0.10729166718750001 0.574786325 0.1153044875 0.6014957265625 0.12331730781250001 0.5918803421875001
1 0.26514423125 0.61965811875 0.27235576875 0.6175213671875001 0.284375 0.60042735 0.284375 0.5876068375 0.286778846875 0.5715811953125 0.27556089687499996 0.5651709390625 0.2539262828125 0.5694444437499999 0.247516025 0.5854700859374999 0.2451121796875 0.60042735 0.2427083328125 0.6100427359375 0.23389423125 0.6111111109375 0.247516025 0.6356837609375 0.2539262828125 0.6634615375 0.2579326921875 0.6324786328124999 0.26514423125 0.61965811875
1 0.2539262828125 0.5673076921875 0.26514423125 0.5608974359375 0.27315705156250003 0.5630341875 0.2827724359375 0.5630341875 0.30120192343749996 0.5641025640625 0.2955929484375 0.5448717953125 0.2947916671875 0.5288461546875001 0.274759615625 0.54273504375 0.2643429484375 0.5395299140625001 0.250721153125 0.5416666671875 0.2427083328125 0.5448717953125 0.23149038437499997 0.5523504265625 0.22347756406250002 0.5534188046875 0.216266025 0.5619658125 0.2138621796875 0.5758547 0.21947115312499998 0.5886752140625 0.23389423125 0.5886752140625 0.2419070515625 0.5865384625 0.2483173078125 0.5769230765625 0.2539262828125 0.5673076921875
1 0.124919871875 0.7564102562499999 0.133733975 0.74465811875 0.15136217968750001 0.7318376062499999 0.1721955125 0.70726495625 0.17620192343750002 0.6976495734375 0.168189103125 0.6837606828125 0.1577724359375 0.6773504265625 0.144150640625 0.6623931625 0.13293269218749998 0.6794871796875 0.12411858906249999 0.6923076921875 0.11610576875 0.70726495625 0.112099359375 0.71794871875 0.112900640625 0.7425213671875001 0.1169070515625 0.7564102562499999 0.1153044875 0.77457265 0.1153044875 0.78098290625 0.124919871875 0.7564102562499999
1 0 0.6833333328125 0.0015224359374999999 0.6944444437499999 0.0135416671875 0.6965811953125 0.0167467953125 0.7083333328125 0.0327724359375 0.7211538453124999 0.0359775640625 0.6976495734375 0.05921474375 0.7051282046875 0.07443910312499999 0.7040598296875 0.0768429484375 0.6923076921875 0.081650640625 0.6869658125 0.0920673078125 0.6880341875 0.106490384375 0.6880341875 0.106490384375 0.6730769234375 0.0896634609375 0.6645299140625001 0.0920673078125 0.65598290625 0.09286858906249999 0.6452991453125 0.0800480765625 0.6474358984374999 0.0736378203125 0.6591880328124999 0.0664262828125 0.6623931625 0.056009615624999995 0.6452991453125 0.0455929484375 0.6452991453125 0.034375 0.6474358984374999 0.0207532046875 0.6452991453125 0.012740384375 0.6420940171875 0 0.64375 0 0.6833333328125
1 0 0.5916666671875 0.005528846875 0.6100427359375 0 0.6333333328124999 0.0143429484375 0.6324786328124999 0.0271634609375 0.6356837609375 0.04078525625 0.6388888890625 0.056810896875 0.6388888890625 0.0672275640625 0.6239316234375 0.0760416671875 0.6143162390625 0.0736378203125 0.6036324796875 0.068028846875 0.5961538453124999 0.063221153125 0.5876068375 0.053605768750000005 0.5801282046875 0.0383814109375 0.5833333328125 0.0303685890625 0.5833333328125 0.024759615625000002 0.5886752140625 0.018349359375 0.5961538453124999 0.0079326921875 0.5886752140625 0 0.575 0 0.5916666671875
1 0 0.9458333328125 0.0023237171875000002 0.9572649562500001 0.011137820312500001 0.9465811953125 0.0175480765625 0.9262820515625 0.025560896875 0.9145299140625 0.034375 0.9102564109375001 0.04078525625 0.9166666671874999 0.0576121796875 0.9091880328125 0.071233975 0.8963675203125 0.08485576875 0.8888888890625 0.0952724359375 0.9134615374999999 0.10248397499999999 0.8846153859375001 0.11610576875 0.8653846140624999 0.12331730781250001 0.85576923125 0.1273237171875 0.8461538453124999 0.12892628281250001 0.8311965812500001 0.1265224359375 0.8205128203125 0.1177083328125 0.8130341874999999 0.10568910312499999 0.8119658125000001 0.09286858906249999 0.8183760687499999 0.080849359375 0.8226495734375 0.0664262828125 0.8344017109375 0.031971153125 0.86858974375 0.022355768749999998 0.8782051296875 0 0.8625 0 0.8833333328125 0.0079326921875 0.9017094015625 0 0.9291666671875 0 0.9458333328125
1 0.8268429484375 0.6271367515625 0.844471153125 0.6239316234375 0.8516826921874999 0.6207264953125 0.8653044875000001 0.6239316234375 0.8741185890625 0.6121794875 0.86610576875 0.6025641015625001 0.8629006406249999 0.58226495625 0.8516826921874999 0.5961538453124999 0.843669871875 0.5865384625 0.8316506406249999 0.5865384625 0.8196314109375 0.5811965812500001 0.8084134609375001 0.5769230765625 0.8028044875000001 0.5811965812500001 0.7915865390625 0.5865384625 0.7851762828125 0.59294871875 0.7803685890625001 0.6079059828125 0.781169871875 0.6282051296875 0.7947916671875 0.6292735046875 0.8116185890625 0.6292735046875 0.8268429484375 0.6271367515625
1 0.1729967953125 0.5961538453124999 0.185016025 0.5865384625 0.19142628281250001 0.5651709390625 0.17860576875 0.55662393125 0.16578525625 0.54273504375 0.1585737171875 0.5448717953125 0.15136217968750001 0.5576923078125 0.14495192343750002 0.5651709390625 0.1353365390625 0.5769230765625 0.128125 0.5737179484375 0.12892628281250001 0.5961538453124999 0.1209134609375 0.6068376062499999 0.1425480765625 0.6047008546875 0.1521634609375 0.6014957265625 0.1729967953125 0.5961538453124999
3 0.7058493593749999 0.6613247859375 0.7138621796875 0.66773504375 0.7202724359375 0.6858974359375 0.7298878203125 0.6987179484375 0.744310896875 0.7083333328125 0.758733975 0.7286324796875 0.775560896875 0.7318376062499999 0.7883814109375 0.724358975 0.8012019234375 0.724358975 0.8020032046875001 0.7083333328125 0.8044070515625 0.6923076921875 0.8044070515625 0.6773504265625 0.806009615625 0.6602564109375 0.812419871875 0.6474358984374999 0.813221153125 0.6346153859375 0.8076121796875 0.6324786328124999 0.7947916671875 0.6314102562499999 0.7835737171875 0.6292735046875 0.7795673078124999 0.6217948703125 0.7795673078124999 0.6089743578125 0.781169871875 0.5982905984375 0.7883814109375 0.5854700859374999 0.7955929484375 0.5769230765625 0.7955929484375 0.5705128203125 0.787580128125 0.5619658125 0.77796474375 0.550213675 0.775560896875 0.5438034187499999 0.761939103125 0.5331196578124999 0.75953525625 0.5213675203125 0.74671474375 0.5021367515625 0.7387019234375 0.4903846140625 0.725080128125 0.4893162390625 0.7138621796875 0.49252136718750006 0.7114583328124999 0.5096153859375 0.6986378203125 0.49679487031249997 0.68421474375 0.5149572640625 0.6745993593749999 0.5149572640625 0.661778846875 0.5235042734375 0.656169871875 0.5459401703125 0.653766025 0.5769230765625 0.6545673078124999 0.599358975 0.6697916671875 0.6068376062499999 0.68421474375 0.6292735046875 0.6898237171875 0.6474358984374999 0.7058493593749999 0.6613247859375
1 0.7346955125 0.44017093906250004 0.7354967953125 0.42948717968750005 0.7346955125 0.4027777765625 0.724278846875 0.4145299140625 0.7202724359375 0.4123931625 0.7122596156250001 0.4102564109375 0.696233975 0.4166666671875 0.6922275640625 0.41987179531249996 0.690625 0.43162393125 0.6890224359375 0.44230769218750005 0.696233975 0.449786325 0.7042467953125 0.4487179484375 0.716266025 0.44444444375 0.7234775640625 0.4369658125 0.7346955125 0.44017093906250004
3 0.725080128125 0.4487179484375 0.7234775640625 0.4636752140625 0.7226762828125 0.474358975 0.724278846875 0.4861111109375 0.7298878203125 0.48504273593749997 0.7338942312500001 0.4882478625 0.7435096156250001 0.49679487031249997 0.755528846875 0.5106837609375 0.762740384375 0.5181623937500001 0.7651442312500001 0.53205128125 0.7739583328124999 0.5384615375 0.7803685890625001 0.5480769234375 0.786778846875 0.5470085484375 0.7955929484375 0.55662393125 0.80360576875 0.56837606875 0.815625 0.5715811953125 0.8324519234375 0.5726495734375 0.8428685890625 0.5726495734375 0.8508814109375 0.5705128203125 0.855689103125 0.5673076921875 0.868509615625 0.5651709390625 0.872516025 0.55662393125 0.875721153125 0.5384615375 0.8773237171874999 0.5267094015625 0.8773237171874999 0.5106837609375 0.8709134609375001 0.5021367515625 0.8637019234375 0.49572649531249996 0.8580929484375 0.48076923125000004 0.8580929484375 0.4626068375 0.856490384375 0.4519230765625 0.8548878203125 0.44230769218750005 0.8484775640625 0.43055555625 0.8404647437499999 0.425213675 0.83485576875 0.4273504265625 0.821233975 0.4273504265625 0.8076121796875 0.4273504265625 0.793990384375 0.43376068281249996 0.786778846875 0.4155982890625 0.77235576875 0.4123931625 0.7603365390625 0.4241453 0.7515224359375 0.43376068281249996 0.7362980765625 0.42841880468750004 0.7346955125 0.44551282031249995 0.7290865390625 0.43910256406250003 0.725080128125 0.4487179484375
3 0.9366185890625 0.5908119671875001 0.931810896875 0.5694444437499999 0.9294070515625 0.5576923078125 0.9157852562500001 0.54273504375 0.9021634609375001 0.54273504375 0.886939103125 0.5470085484375 0.878125 0.5555555562500001 0.8709134609375001 0.5694444437499999 0.868509615625 0.5886752140625 0.875721153125 0.6068376062499999 0.886939103125 0.61965811875 0.912580128125 0.6217948703125 0.9294070515625 0.6132478625 0.9366185890625 0.5908119671875001
3 0.5143429484375 0.8386752140624999 0.5207532046875001 0.85042735 0.5207532046875001 0.8643162390624999 0.5183493593749999 0.8771367515625 0.5151442312500001 0.8888888890625 0.508733975 0.900641025 0.508733975 0.9188034187499999 0.508733975 0.9423076921875 0.5167467953125 0.9519230765625 0.539983975 0.9508547 0.5552083328124999 0.9444444437499999 0.563221153125 0.9401709390624999 0.5447916671875 0.9284188046875 0.5544070515625 0.9262820515625 0.575240384375 0.9294871796875 0.6120993593749999 0.9380341874999999 0.644150640625 0.9455128203125 0.6914262828125 0.9423076921875 0.6890224359375 0.9337606828125 0.6297275640625 0.9284188046875 0.5864583328124999 0.9177350437499999 0.54078525625 0.9155982890625 0.525560896875 0.9166666671874999 0.5247596156250001 0.9091880328125 0.528766025 0.8963675203125 0.5359775640625 0.8856837609375001 0.5640224359375 0.8675213671875 0.5824519234375 0.8579059828125001 0.6048878203125 0.88034188125 0.6409455125 0.8899572640625 0.6641826921875 0.8888888890625 0.6914262828125 0.88034188125 0.66578525625 0.8611111109375 0.644150640625 0.8472222234375 0.6185096156250001 0.8322649562500001 0.588060896875 0.8108974359375001 0.556810896875 0.7905982890625001 0.543189103125 0.7831196578124999 0.534375 0.7873931625 0.5415865390625 0.75 0.543990384375 0.7286324796875 0.565625 0.7083333328125 0.591266025 0.7019230765625 0.6040865390625 0.7104700859374999 0.622516025 0.724358975 0.636939103125 0.7585470078125 0.6465544875 0.7873931625 0.661778846875 0.8108974359375001 0.6697916671875 0.84294871875 0.675400640625 0.8408119671875 0.6713942312500001 0.7991453 0.6513621796875 0.7585470078125 0.6393429484375 0.71794871875 0.6096955125 0.6965811953125 0.5768429484375 0.6869658125 0.5447916671875 0.69337606875 0.528766025 0.6880341875 0.503125 0.6869658125 0.503125 0.7040598296875 0.508733975 0.71901709375 0.5151442312500001 0.7371794875 0.5183493593749999 0.7596153859375 0.5199519234375 0.7799145296875001 0.5175480765625 0.800213675 0.5159455125 0.8194444437499999 0.5143429484375 0.8386752140624999
3 0.47267628281249996 0.6901709390625 0.4550480765625 0.6805555562500001 0.45985576874999995 0.6666666671875 0.4646634609375 0.6549145296875001 0.4790865390625 0.6399572640625 0.49190705156250003 0.6292735046875 0.49671474375 0.6079059828125 0.47668269218750003 0.6217948703125 0.4614583328125 0.6399572640625 0.440625 0.6709401703125 0.42940705156250003 0.6730769234375 0.4398237171875 0.6623931625 0.42540064062500005 0.6591880328124999 0.4334134609375 0.6324786328124999 0.42860576874999995 0.6185897437500001 0.42860576874999995 0.60042735 0.440625 0.6047008546875 0.44543269218750003 0.5897435890625 0.45745192343749996 0.5737179484375 0.48149038437499997 0.5865384625 0.5207532046875001 0.59294871875 0.5079326921875 0.5811965812500001 0.49190705156250003 0.5705128203125 0.5151442312500001 0.5673076921875 0.536778846875 0.5555555562500001 0.5111378203125 0.55662393125 0.4862980765625 0.5598290609375 0.4734775640625 0.5598290609375 0.4582532046875 0.5555555562500001 0.446233975 0.550213675 0.43261217968750004 0.5448717953125 0.418189103125 0.5459401703125 0.409375 0.5544871796875 0.4021634609375 0.5641025640625 0.39575320468749997 0.5630341875 0.38774038437499997 0.55662393125 0.3797275640625 0.5576923078125 0.39495192343749996 0.5341880328124999 0.38453525625 0.53098290625 0.3733173078125 0.5341880328124999 0.362900640625 0.54273504375 0.3612980765625 0.5202991453125 0.350080128125 0.5448717953125 0.3396634609375 0.5448717953125 0.33245192343749996 0.55662393125 0.32524038437499997 0.5608974359375 0.3116185890625 0.5651709390625 0.29639423125 0.5726495734375 0.2891826921875 0.5790598296875 0.300400640625 0.5854700859374999 0.31963141093749997 0.5961538453124999 0.3260416671875 0.599358975 0.3300480765625 0.6143162390625 0.3236378203125 0.6185897437500001 0.306009615625 0.6143162390625 0.2955929484375 0.6132478625 0.274759615625 0.6207264953125 0.26514423125 0.6388888890625 0.26274038437499997 0.6538461546875001 0.25953525625 0.6709401703125 0.2635416671875 0.675213675 0.27315705156250003 0.6901709390625 0.2795673078125 0.6826923078125 0.284375 0.6987179484375 0.3084134609375 0.71794871875 0.315625 0.7211538453124999 0.321233975 0.7382478625 0.324439103125 0.7585470078125 0.3388621796875 0.775641025 0.344471153125 0.7841880328124999 0.3548878203125 0.7884615375 0.3612980765625 0.8012820515625 0.36770833281250004 0.8141025640624999 0.37171474375 0.8376068374999999 0.383733975 0.8418803421875 0.39014423125 0.8290598296875 0.40136217968750004 0.8151709390624999 0.41418269218750003 0.7980769234375 0.42860576874999995 0.8023504265625 0.41578525624999996 0.8226495734375 0.42139423125000003 0.8376068374999999 0.42940705156250003 0.8311965812500001 0.42940705156250003 0.8130341874999999 0.4398237171875 0.8087606828125 0.44703525624999996 0.8226495734375 0.45264423125000003 0.8076923078125 0.4590544875 0.8215811953125 0.46306089687499996 0.8450854703124999 0.46947115312500004 0.8333333328125001 0.474278846875 0.8183760687499999 0.46306089687499996 0.8034188046875 0.4614583328125 0.7895299140625001 0.4734775640625 0.78205128125 0.45985576874999995 0.775641025 0.4486378203125 0.78205128125 0.43421474375 0.7831196578124999 0.4085737171875 0.7831196578124999 0.3925480765625 0.7841880328124999 0.38774038437499997 0.7510683765625 0.39014423125 0.7222222234375 0.399759615625 0.7147435890625 0.409375 0.7104700859374999 0.424599359375 0.7104700859374999 0.4398237171875 0.7104700859374999 0.4478365390625 0.6987179484375 0.462259615625 0.6944444437499999 0.47267628281249996 0.6901709390625