1 0.20437378125 0.2984892796875 0.196150096875 0.3106725140625 0.2004142296875 0.31676413281250004 0.2144249515625 0.316358025 0.225999025 0.3118908375 0.23209064375000002 0.29930149375 0.22630360624999998 0.29483430781250003 0.21533869375 0.2932098765625 0.20437378125 0.2984892796875
1 0.6661184203125 0.50519818125 0.6731237812499999 0.5129142296875 0.670382553125 0.5202241703125 0.6700779734375 0.5263157890625 0.6731237812499999 0.5307829749999999 0.6786062375 0.5267218984375 0.6831749515625 0.52266081875 0.6831749515625 0.5088531515625 0.68957115 0.5068226124999999 0.697794834375 0.5169753078125 0.7005360625 0.5315951921875001 0.7063231 0.52915854375 0.713937621875 0.5238791421875 0.7151559453125 0.5121020140625 0.7102826515625 0.5035737499999999 0.7005360625 0.4857050046875 0.686829921875 0.46743015000000004 0.6752558484375 0.45930799218749996 0.6636817734375 0.45727745156250005 0.6575901562500001 0.45281026718749995 0.6572855750000001 0.4617446390625 0.6527168609375 0.4544346984375 0.65241228125 0.44387589375000003 0.643274853125 0.44265757031249997 0.6320053609375 0.45930799218749996 0.6310916171875001 0.46702404218750004 0.6377923984375 0.46905458125 0.6463206625 0.4727095515625 0.648757309375 0.48001949374999997 0.6511939578125 0.4995126703125 0.6563718328125 0.50397985625 0.6661184203125 0.50519818125
1 0.6054352484375001 0.27194110781249997 0.601951115625 0.26479416875 0.5947148375 0.2665809046875 0.5880145796875 0.25871926875 0.5799742703125 0.2558604921875 0.5713979421875 0.2583619203125 0.5606775296875 0.2672955984375 0.563089621875 0.2751572328125 0.572201971875 0.2794453984375 0.574614065625 0.2865923375 0.5799742703125 0.28909376875000004 0.5823863640625 0.2833762140625 0.5971269296874999 0.28301886875000004 0.6054352484375001 0.27194110781249997
1 0.309080028125 0.37163702656250003 0.29924760625 0.3630870953125 0.2900564296875 0.3605221171875 0.27958276406250004 0.3662220703125 0.2797965109375 0.3724920203125 0.28834644374999996 0.38189694531249996 0.29262140937500003 0.38047195624999997 0.2986063609375 0.38189694531249996 0.3065150484375 0.3807569546875 0.3056600546875 0.3756269953125 0.309080028125 0.37163702656250003
1 0.8260784828125001 0.5466042953125 0.8134095640625001 0.5383749124999999 0.8020400203125 0.5388080390625001 0.7948934515625 0.5548336796875 0.7922946984375 0.5626299375 0.7952182953125 0.5695599437500001 0.8017151765625 0.5786555796874999 0.8098362781249999 0.5712924453125 0.8244542625 0.56826056875 0.8322505203125001 0.5621968125000001 0.8260784828125001 0.5466042953125
1 0.5870144109375001 0.3336466171875 0.569783834375 0.32894736875 0.5533364656249999 0.3279030921875 0.5443295734375 0.3352130328125 0.5498120296875 0.342522975 0.5666510031249999 0.3440893890625 0.5842731828125001 0.3435672515625 0.5913220546875 0.342522975 0.59876253125 0.34565580625000003 0.5979793234375 0.3336466171875 0.5870144109375001 0.3336466171875
1 0.5620840265625 0.40626733125000003 0.5516846921874999 0.40314753124999997 0.541805325 0.4090404875 0.53042763125 0.4182330828125 0.5280262062500001 0.4225596234375 0.5407653906250001 0.4315723796875 0.553504575 0.43087908906249994 0.561564059375 0.42498613281250003 0.5667637265625001 0.41701331093749994 0.56650374375 0.4093871328125 0.5620840265625 0.40626733125000003
1 0.8975183828125 0.23284313750000002 0.9032628671875 0.2417279421875 0.9096966906249999 0.23988970625 0.9096966906249999 0.2261029421875 0.9080882359375 0.2107843140625 0.9030330875000001 0.19914215625 0.8970588234375001 0.19301470625 0.880055146875 0.1902573515625 0.8770680140625 0.19454656875 0.88120404375 0.20649509843749997 0.87890625 0.22120098124999998 0.8828125 0.2245710796875 0.8871783093750001 0.215686275 0.8975183828125 0.21875 0.8975183828125 0.23284313750000002
1 0.7805907171875 0.3771097046875 0.7878428265624999 0.36831926875 0.7779535859375 0.3661216609375 0.78289820625 0.3555731359375 0.768723628125 0.3582102671875 0.755537975 0.3564521796875 0.738726265625 0.3691983125 0.7298259500000001 0.38721870625 0.7308148734375 0.39337201093749996 0.74433016875 0.40172292499999995 0.7578454640625 0.4039205359375 0.77432753125 0.3929324890625 0.776635021875 0.3850210984375 0.7805907171875 0.3771097046875
1 0.1487116234375 0.5879934203125 0.16173245625 0.5925621359375 0.179207784375 0.5925621359375 0.19154331093750002 0.5829678359375 0.187088815625 0.57885599375 0.1877741234375 0.5752010234375 0.198053728125 0.5770285078125 0.1997669953125 0.5669773390625 0.1963404609375 0.5605811390625 0.18983004375 0.5605811390625 0.1833196265625 0.5642361109375 0.18126370625 0.5550986828125 0.17578125 0.5496162265625 0.16584429843749998 0.5473318703125 0.1521381578125 0.546875 0.1493969296875 0.5363669578125 0.14631304843749998 0.5240314328125 0.14220120625 0.546875 0.13980263125 0.5642361109375 0.1439144734375 0.5669773390625 0.1435718203125 0.5774853796875 0.1487116234375 0.5879934203125
1 0.2868009875 0.5217470750000001 0.2844024125 0.5075840640625 0.2802905703125 0.5089546796875 0.2806332234375 0.5212902046875 0.2751507671875 0.5158077484375 0.276178728125 0.5299707609375 0.27891995625 0.5345394734375 0.2802905703125 0.5464181296875 0.2919407890625 0.5500731 0.290227521875 0.5345394734375 0.2868009875 0.5217470750000001
3 0.5559375 0.6316666671875 0.5587500000000001 0.62625 0.5559375 0.619375 0.5528125 0.6179166671874999 0.54875 0.6224999999999999 0.54453125 0.618125 0.5409375 0.6174999999999999 0.54140625 0.6272916671875 0.5375 0.6222916671875 0.5354687499999999 0.615625 0.5314062500000001 0.6145833328125 0.528125 0.6191666671875 0.52890625 0.6079166671875 0.52578125 0.6072916671875 0.52296875 0.6133333328125 0.52171875 0.6064583328125 0.51515625 0.6027083328125 0.5120312499999999 0.5977083328125 0.5118750000000001 0.5920833328125 0.50859375 0.5854166671875001 0.504375 0.57875 0.5003124999999999 0.5802083328125 0.49890625 0.5885416671875 0.49453125 0.5825 0.49078125000000006 0.5725 0.488125 0.5666666671875 0.48546875 0.5675 0.47828125000000005 0.5702083328125 0.475 0.5797916671875 0.47906250000000006 0.5847916671875 0.47671875 0.5912499999999999 0.46968750000000004 0.586875 0.46343750000000006 0.5889583328125 0.44640625 0.5875 0.43796875 0.5864583328124999 0.43109374999999994 0.5908333328125 0.4409375 0.59375 0.45109374999999996 0.6002083328125 0.44984375 0.6056250000000001 0.445 0.6035416671875 0.43609375000000006 0.6012500000000001 0.42703125000000003 0.6018749999999999 0.42754483125 0.6109353015625001 0.4249077 0.6247802390625 0.4183148734375 0.62939521875 0.4127109703125 0.6322521109375 0.405294040625 0.6329113921875 0.40183280625 0.6384054140625001 0.3960640828125 0.6366473265625 0.3931007921875 0.63747065625 0.390625 0.6330692484375 0.384297975 0.6264671359375 0.37797095 0.629034625 0.3702684859375 0.63086854375 0.3644916375 0.6257335687500001 0.3587147890625 0.6198650234375 0.35486355625 0.6238996484375 0.353488115625 0.6371038734375001 0.3510123234375 0.63086854375 0.3449603875 0.6257335687500001 0.34000880312500004 0.6275674875 0.336982834375 0.6242664312499999 0.3325814265625 0.6261003515625 0.3314810734375 0.6327024640625 0.3281800171875 0.6327024640625 0.32900528125 0.6272007046875 0.32405369687499996 0.6238996484375 0.317176496875 0.62830105625 0.3127750875 0.6363703046875 0.311124559375 0.6481073937499999 0.3053477109375 0.6404049296875 0.29984595 0.6459066890625 0.29437695937499997 0.6400208984375 0.289478840625 0.6485109703124999 0.28017241406250004 0.6419801453125 0.2742946703125 0.6478578890625 0.26302899687500003 0.6543887140625 0.260090125 0.6661442 0.257641065625 0.6707157796875001 0.2488244515625 0.6635318703124999 0.2439263328125 0.6739811921875 0.23706896562500002 0.6752873562499999 0.23315047031249997 0.687695925 0.22825235156249998 0.6824712640625 0.2169866765625 0.6831243484375 0.21453761718750003 0.69422675 0.200333071875 0.6916144203125 0.195924765625 0.700757575 0.1978840125 0.7151253921875 0.2013126953125 0.7307993734375 0.20376175624999998 0.7549634265625 0.2013126953125 0.7680250796875 0.19690438906250002 0.7876175546875 0.200333071875 0.8006792062500001 0.21110893437499997 0.8065569484375 0.2228644203125 0.8078631140624999 0.2380485890625 0.8111285265625 0.241967084375 0.83202716875 0.23510971718749998 0.85161964375 0.2409874609375 0.8594566359375 0.23168103437499998 0.8718652046875001 0.24049764843750002 0.8810083609375001 0.247844828125 0.8810083609375001 0.2644984328125 0.8836206890625 0.2723354234375 0.895376175 0.2767437296875 0.91431556875 0.260090125 0.9280303015625 0.247844828125 0.9293364687500001 0.23951802500000002 0.9175809812500001 0.23266065781249998 0.9299895499999999 0.2199255484375 0.9456635312499999 0.200333071875 0.94892894375 0.1861285265625 0.9548066875 0.179271159375 0.9619905953125001 0.17241379375000002 0.9763584125 0.1729036046875 0.9966039703125 0.5578125 0.9979166671874999 0.5613425921874999 0.9915123453125 0.564959490625 0.98138503125 0.5714699078125001 0.9722222234375 0.577618634375 0.96402391875 0.5855758109375 0.9616126546875 0.5841290515625001 0.9563078703125001 0.5808738421874999 0.9437692890625 0.5906394671874999 0.9288194437499999 0.5993200234375 0.9206211421875 0.60546875 0.9211033953125 0.616681134375 0.9186921296874999 0.6192129625 0.9071180562500001 0.630425346875 0.9066358015624999 0.6358506937499999 0.9133873453125 0.64453125 0.9157986109375 0.6503182875 0.9225501546875 0.6521267359375 0.9138695984374999 0.6589988421874999 0.9239969140625 0.6618923609375 0.92496141875 0.6647858796875 0.90904706875 0.6702112265625 0.9182098765625 0.6803385421875 0.9215856484374999 0.686125578125 0.9312307109375 0.690827546875 0.9254436734375 0.69046585625 0.9042245375 0.6882957171874999 0.8868634249999999 0.69046585625 0.8733603390625 0.7013165515625001 0.8656442890625 0.711443865625 0.8695023140625 0.7190393515625 0.8810763890625 0.7316984953125 0.8777006171874999 0.740740740625 0.8709490750000001 0.7364004625 0.8617862640625 0.726996528125 0.8608217578125 0.7244646984374999 0.8531057109375 0.7230179390625 0.8381558640625 0.7194010421875 0.8275462953125 0.7331452546875 0.8270640437500001 0.7425491890625 0.8193479937499999 0.7483362265625 0.8121141984375001 0.7566550921874999 0.8058449078125 0.770037615625 0.8039158953125 0.778718171875 0.8024691359375 0.7765480328125001 0.7942708328125 0.783781828125 0.7966820984375 0.7986111109375 0.7981288578125 0.8083767359375 0.7995756171874999 0.8183787125 0.7889851484375 0.8257271046874999 0.78331270625 0.8257271046874999 0.77506188125 0.8365563125 0.77506188125 0.8446782171875 0.77093646875 0.8516398515624999 0.77093646875 0.8574412125 0.7678424078125 0.8500928218749999 0.7621699671875 0.8500928218749999 0.7528877890625 0.845064975 0.7497937296875 0.848159034375 0.7425742578125 0.8613087875 0.7456683171875 0.8802599015625001 0.7441212875 0.8957301984375 0.7415429046875001 0.9077196781250001 0.7332920796875 0.911974009375 0.7374174921875001 0.9216429453125 0.7482466999999999 0.9289913359374999 0.7472153453125 0.9375 0.7446369640625 0.9371132421875 0.7580445546875 0.94794245 0.7693894390625 0.9483292078125001 0.7889851484375 0.954904084375 0.8080651812499999 0.9607054453125 0.82044141875 0.9742419546875001 0.82869224375 0.9815903468749999 0.8431311875 0.9893254953125 0.8503506609375 0.9984375 0.8583333328125 0.9984375 0.6 0.99512685625 0.5976691421875 0.9823638609374999 0.5966377890625 0.9696008656249999 0.5992161703125001 0.9614789609375001 0.6043729375 0.9618657171875 0.6172648515625 0.9564511140624999 0.6177805265625 0.948715965625 0.6301567671875 0.9460086640625001 0.6440800328125 0.938660271875 0.64356435625 0.9351794546875001 0.6301567671875 0.9224164609375001 0.6265470296875 0.9193224015625001 0.61468646875 0.9131342828125 0.6069513203125 0.9092667078125001 0.61881188125 0.9038521046874999 0.6157178203125 0.8949566828125001 0.6090140265625 0.887221534375 0.6023102312499999 0.881033415625 0.5950907578125 0.8713644796875 0.5987004953125 0.8632425749999999 0.5925123765625 0.8528001234374999 0.5925123765625 0.8485457921874999 0.5883869640625 0.845064975 0.5827145203125 0.8392636140624999 0.58993399375 0.83887685625 0.5806518140625 0.8466120046875 0.56930693125 0.8446782171875 0.559509075 0.8330754953125 0.5564150171875 0.833462253125 0.56157178125 0.8241800749999999 0.5677599 0.80987005 0.5713696374999999 0.8021349015625001 0.5791047859375 0.795560025 0.5718853125 0.788598390625 0.5662128703125 0.7797029703125 0.5703382828125 0.7715810640625 0.5687912546875 0.768100246875 0.5847772265625 0.7630724015625 0.5827145203125 0.761912128125 0.5873556109375 0.7518564359375 0.5852929046875001 0.7506961640625 0.5925123765625 0.7441212875 0.5914810234375001 0.7441212875 0.6043729375 0.73406559375 0.6038572609374999 0.722849628125 0.6079826734375 0.71124690625 0.6054042890625 0.7015779703125 0.61468646875 0.6907487625 0.6162334984375 0.677599009375 0.61881188125 0.6717976484375 0.6301567671875 0.662902228125 0.6430486796875 0.6582611390625 0.6492367984375 0.6493657171875 0.6528465359375 0.640470296875 0.64356435625 0.634282178125 0.63531353125 0.6246132421875 0.6342821796875 0.618038365625 0.6306724421875 0.61494430625 0.64356435625 0.60643564375 0.6368605609375 0.5983137375 0.6409859734375 0.5894183171875 0.6451113859375 0.5840625 0.6433333328125 0.5782812500000001 0.6410416671875 0.5728125000000001 0.641875 0.5662499999999999 0.64375 0.5603125 0.6431250000000001 0.55640625 0.6366666671875 0.5559375 0.6316666671875
3 0.9532322656250001 0.8056826859375 0.94786899375 0.7880434796875 0.9464387875 0.7694508 0.936784896875 0.7589626234375 0.9375 0.7451373 0.9285612125 0.7479977124999999 0.920337528125 0.7484744484375 0.91211384375 0.7375095359375 0.9071081234375 0.7341723874999999 0.8949513734375 0.7413234171875 0.8806493140624999 0.74370709375 0.8613415328125 0.74656750625 0.8484696796875 0.7418001515625 0.84596681875 0.7489511828125 0.8513300921875 0.7503813874999999 0.8513300921875 0.7608695640625001 0.8584811218749999 0.7680205953125 0.8513300921875 0.7704042703125 0.8448941640625 0.7713577421875 0.8370280328125 0.7761250953125 0.825586384375 0.7756483609375 0.8266590390624999 0.7823226546875001 0.8184353546875001 0.7904271546875 0.8073512578125 0.80091533125 0.7966247140625 0.7990083890624999 0.7841104125 0.7980549203125 0.777316934375 0.7951945078125 0.77981979375 0.8052059500000001 0.7705234546875 0.8052059500000001 0.7572940499999999 0.8071128921874999 0.7487128140625 0.8128337140624999 0.7422768875 0.82141495 0.7333381 0.8276125109375 0.7204662468749999 0.8285659796875 0.7243993140625 0.8409610984375 0.7247568656250001 0.8524027453125 0.726544621875 0.8600305109375 0.735483409375 0.8609839812500001 0.7404891296875 0.8709954234374999 0.7311927921875 0.8786231875 0.717248284375 0.8824370703125 0.711527459375 0.8714721578125 0.7022311218749999 0.8652746 0.6915045765625 0.8748093062500001 0.6886441640625 0.8881578937500001 0.6915045765625 0.9043668953124999 0.691147025 0.9258199859375 0.68649885625 0.9344012203125001 0.6789902750000001 0.9248665140625001 0.6711241421875 0.92105263125 0.6650457671875001 0.9096109828125 0.6614702515625 0.9272501921874999 0.6532465671875001 0.9167620140625001 0.65038615625 0.92391304375 0.6450228828125 0.9167620140625001 0.6367991984375 0.9148550734375 0.6300057203125 0.9067505734375001 0.618921625 0.9072273078125 0.6164187640625001 0.919622425 0.6056922203124999 0.92105263125 0.59961384375 0.9200991609375 0.5906750578125 0.9296338671875001 0.580663615625 0.9444126625000001 0.586741990625 0.96205186875 0.577803203125 0.96491228125 0.5720823796875 0.9715865750000001 0.5652889015625 0.9815980171875 0.560998284375 0.9911327234374999 0.5578125 0.9979166671874999 0.5968081046875 0.9970693171875 0.7296875 0.9979166671874999 0.9984375 0.9979166671874999 0.9981842500000001 0.8632772687499999 0.9891055046874999 0.8518093796875 0.9807637296875 0.8428680390625001 0.9736127 0.8299961859374999 0.9603832953125 0.8204614796874999 0.9532322656250001 0.8056826859375
3 0 0.9979166671874999 0.1015625 0.9979166671874999 0.099625340625 0.9701407812499999 0.10606751875 0.9656326046875 0.1054972625 0.9770377124999999 0.11119981718750001 0.9823600984375 0.1248859484375 0.9808394171874999 0.13572080312499998 0.9892031625 0.1459854015625 0.9899635046874999 0.1613823 0.9724756687499999 0.17221715312500002 0.9656326046875 0.18419251875 0.9504257921875 0.1921760953125 0.94966545 0.20928375937500002 0.9466240875 0.222969890625 0.9405413625 0.22696167812499998 0.92685523125 0.232093978125 0.9078467140625 0.23893704375000002 0.9154501203125 0.2492016421875 0.9306569328125001 0.260036496875 0.9283759125 0.27543339375000003 0.9162104624999999 0.27087135 0.8949209249999999 0.2634580296875 0.8850364953125001 0.24806113125 0.8835158140624999 0.24007755468749997 0.8819951328125001 0.23095346718749998 0.8713503640625 0.23779653281250002 0.85994525625 0.234375 0.8515815078125 0.24178832187500002 0.8310523109375 0.2383667890625 0.8105231140625 0.222969890625 0.8074817515625 0.21074591250000002 0.8072207078125 0.2001021796875 0.8009763859374999 0.1966961859375 0.7879200734375 0.2005279296875 0.7669164390625001 0.20180517656250002 0.7538601265625 0.20180517656250002 0.7311534953125001 0.197121934375 0.7163941875 0.1954189375 0.7004995453125 0.2005279296875 0.68914623125 0.213300409375 0.6908492265625 0.21628065468750002 0.6823342421875 0.22820163437500002 0.6811989109375001 0.232033378125 0.6868755671875 0.236290871875 0.67381925625 0.24395435937499999 0.67381925625 0.24863760156249998 0.661898275 0.2567268390625 0.6704132609375 0.259281334375 0.6647366015625 0.26226157968749997 0.6539509546875 0.2737568125 0.6465712984375 0.279291553125 0.6408946421875 0.28908378749999997 0.6482742953125 0.2937670296875 0.6380563125000001 0.298450271875 0.6460036328125 0.303133515625 0.6397593109375 0.3039850140625 0.6306766578125 0.30057901875000004 0.6170526796875 0.28908378749999997 0.6215940062499999 0.2814203 0.6255676671875 0.2720538140625 0.6193233421875 0.2682220703125 0.61534968125 0.267796321875 0.6056993640624999 0.275459809375 0.59434605 0.2763113078125 0.5801544046875 0.2703508171875 0.5659627609375 0.26183583125 0.5676657578125 0.256301090625 0.5614214359374999 0.2580040875 0.5546094453125 0.26992506875 0.55631244375 0.2669448234375 0.5449591265625 0.2648160765625 0.5341734796875001 0.27162806562499997 0.5296321515625 0.275034059375 0.5228201625 0.27418256093750004 0.5154405078125001 0.28014305156249997 0.51941416875 0.2784400546875 0.5080608546875001 0.28482629375 0.5080608546875001 0.28780653906250003 0.52168483125 0.290786784375 0.5336058125 0.2941927796875 0.5483651234375 0.30100476875000004 0.5534741140625 0.31292575 0.5580154390625001 0.31633174375 0.5460944609375 0.31548024531249996 0.5341734796875001 0.3073910078125 0.5239554953125001 0.299301771875 0.5080608546875001 0.30143051718749997 0.50181653125 0.31207425 0.5114668484375 0.3205892375 0.5245231609375 0.3286784734375 0.53133515 0.3350647140625 0.5284968203125 0.3295299734375 0.51487284375 0.322292234375 0.5035195265625 0.3137772484375 0.4864895546875 0.3035592640625 0.47797456875 0.29163828281250004 0.4603769296875 0.28354904687500004 0.45470027343749997 0.2758855578125 0.45470027343749997 0.26949931875 0.4575386015625 0.26949931875 0.452997275 0.27162806562499997 0.4444822890625 0.265667575 0.4348319703125 0.256301090625 0.4336966390625 0.251617846875 0.4336966390625 0.248211853125 0.44277929218749995 0.24352861093749997 0.4444822890625 0.2388453671875 0.45186194375 0.22862738437500002 0.45640326875000004 0.2141519078125 0.4524296109375 0.21968664843750002 0.4444822890625 0.21585490468750002 0.43539963750000005 0.22479564062500001 0.42801998125 0.21968664843750002 0.4143960046875 0.2120231609375 0.41269300624999994 0.19882493125 0.42007266093749995 0.1954189375 0.41042234375 0.193715940625 0.3826067203125 0.18775545 0.3746594 0.18009196249999998 0.3780653953125 0.1745572203125 0.3928247046875 0.177537465625 0.41269300624999994 0.16774523125000002 0.4092870125 0.1651907359375 0.39736603125 0.157952996875 0.3905540421875 0.1494380109375 0.3979336953125 0.14475476874999998 0.40815168125 0.1494380109375 0.4183696640625 0.1498637609375 0.4314259765625 0.15582425 0.44959128125000003 0.15582425 0.4643505890625 0.1456062671875 0.4700272484375 0.13922002656250002 0.46491825625 0.1375170296875 0.4512942765625 0.1328337875 0.4319936421875 0.1251703 0.416099 0.11963555781249999 0.41269300624999994 0.1102690734375 0.4178019984375 0.10175408749999999 0.42688465000000003 0.1026055859375 0.44107629375 0.1064373296875 0.4603769296875 0.099199590625 0.4643505890625 0.09111035468749999 0.4688919171875 0.087704359375 0.4774069015625 0.08216961874999999 0.4870572203125 0.078337875 0.4762715703125 0.076634878125 0.4677565859375 0.08387261562500001 0.4615122625 0.076209128125 0.45583560468749995 0.06301089843749999 0.45640326875000004 0.051941417187500005 0.45526793750000005 0.046406674999999994 0.463782925 0.052367165625 0.4819482296875 0.046406674999999994 0.48876021875 0.0536444140625 0.49841053593750007 0.064713896875 0.5012488640625 0.0540701640625 0.5057901921875 0.042574931249999996 0.5069255234375001 0.04300068125 0.52792915625 0.046406674999999994 0.5341734796875001 0.040871934375 0.5375794734375 0.0417234328125 0.54779745625 0.0455551765625 0.5546094453125 0.0493869203125 0.5642597640625 0.046832425 0.5688010890624999 0.04300068125 0.5835604 0.034485695312499995 0.5790190734375 0.029376703124999997 0.58469573125 0.01915871875 0.6011580375000001 0.0268222078125 0.6034287015625 0.0298024515625 0.6113760203124999 0.02001021875 0.6227293375 0.0183072203125 0.6323796546875 0.012346729687499999 0.6397593109375 0.010217984375 0.65224795625 0 0.6533832875 0 0.9979166671874999
3 0.389291809375 0.4465301484375 0.39275810624999996 0.43835324218749994 0.3863587890625 0.4355091015625 0.3828924921875 0.4308873734375 0.3764931734375 0.4308873734375 0.37436006875 0.43693117031249995 0.3738267921875 0.4251990890625 0.3692939421875 0.42199943125 0.3650277296875 0.42306598281249996 0.3623613484375 0.4323094421875 0.36342790156250004 0.444041525 0.362094709375 0.4550625703125 0.355162115625 0.45399601875 0.35276237187500004 0.44759669999999996 0.3487627984375 0.4443970421875 0.3444965875 0.4294653015625 0.34369667187499997 0.41488907968750005 0.3383639078125 0.4127559734375 0.33516424843750003 0.41702218281250003 0.3300981234375 0.41808873750000003 0.325298634375 0.42342150156249997 0.32716510312499997 0.4333759953125 0.3290315703125 0.44795221874999996 0.32396544375 0.43764220624999994 0.320499146875 0.42982081875 0.31729948750000003 0.42448805468749995 0.3109001703125 0.42839874843750003 0.3130332765625 0.4355091015625 0.30583404375 0.43373151249999997 0.3005012796875 0.42804323125000004 0.2957017921875 0.42982081875 0.292768771875 0.43835324218749994 0.2935686859375 0.4443970421875 0.2879692828125 0.4429749703125 0.28503626249999997 0.44688566406249997 0.288502559375 0.4564846421875 0.3037009390625 0.47746018125 0.313833190625 0.48563708749999995 0.32209897656250003 0.5027019328125 0.329564846875 0.5123009109375001 0.3362308015625 0.5290102390625 0.32849829375 0.5339874859375 0.320499146875 0.5261660984375001 0.3119667234375 0.5126564265625 0.30103455625 0.5027019328125 0.299701365625 0.5091012515625 0.306633959375 0.5222554046875 0.3167662109375 0.5339874859375 0.31729948750000003 0.5460750859375 0.313833190625 0.55958475625 0.3002346421875 0.5546075078125 0.2933020484375 0.5503412984375 0.29223549531250004 0.5506968140625 0.2773037546875 0.5467861203125 0.27223762812499996 0.5378981796875 0.26557167187499997 0.5361205921875001 0.26797141562500004 0.54536405 0.2709044375 0.5567406140625 0.2578391640625 0.55531854375 0.25703924843750003 0.56136234375 0.26183873750000003 0.5659840734375 0.2706377984375 0.5642064859375 0.276770478125 0.57949374375 0.2751706484375 0.5940699671874999 0.2682380546875 0.6061575640625 0.2685046921875 0.61504550625 0.2727709046875 0.6182451640625 0.28130332812500003 0.6242889640625 0.2887691984375 0.6203782703125 0.299968003125 0.6161120578125 0.304500853125 0.6278441421875 0.30556740625 0.6377986359375 0.309300340625 0.64099829375 0.3117000859375 0.6377986359375 0.318099403125 0.6253555171875 0.3244987203125 0.62286689375 0.32849829375 0.6253555171875 0.33303114375 0.6253555171875 0.3370307171875 0.6235779296875 0.3418302046875 0.6257110359375 0.34582977812500004 0.6253555171875 0.35276237187500004 0.6328213875 0.3535622859375 0.6235779296875 0.35782849843750003 0.6178896484374999 0.363961178125 0.6257110359375 0.3695605796875 0.6296217296875 0.37755972656250003 0.6274886234375 0.3844923203125 0.6264220703125 0.394091296875 0.6335324234375 0.40049061406249997 0.6356655296875 0.40422355000000004 0.6313993171875001 0.41142278125000004 0.63068828125 0.41782209843749996 0.6285551765624999 0.42368814062500004 0.6242889640625 0.4268877984375 0.6100682609375 0.4266211609375 0.60118031875 0.436486775 0.60118031875 0.4442192828125 0.603313425 0.44955204843749996 0.6043799765625 0.4503519625 0.59940273125 0.440219709375 0.5926478953125 0.430620734375 0.5898037546875 0.437819965625 0.5858930609375 0.44635238906249997 0.5876706484375 0.46288395937500004 0.58909271875 0.4692832765625 0.5855375421875 0.4764825078125 0.59087030625 0.479148890625 0.5848265078125 0.47461604062499996 0.5787827078125 0.47514931718750003 0.5738054609375001 0.46875 0.5713168375000001 0.46021757656249995 0.57522753125 0.45221842968750003 0.57522753125 0.44955204843749996 0.5684726953125 0.458351109375 0.5638509671875 0.465550340625 0.5585182015625 0.4738161265625 0.55745165 0.477015784375 0.5528299203125 0.472216296875 0.5474971562500001 0.46581697968749997 0.5435864625 0.46688353281249995 0.5393202500000001 0.47301621093749996 0.5346985203125 0.48128199687500006 0.53363196875 0.49408063125 0.5307878265625 0.5058127140625001 0.5247440265625001 0.5087457343749999 0.5194112625 0.5052794375 0.5130119453125 0.5004799484375 0.5133674625 0.49408063125 0.5151450515625 0.4866147609375 0.5204778171875 0.4759492328125 0.5218998859374999 0.48074872031250004 0.51976678125 0.49194752499999994 0.5091012515625 0.497280290625 0.5098122875 0.499680034375 0.50341296875 0.501013225 0.4970136515625 0.49754692812499995 0.4920364046875 0.4908809734375 0.4927474390625 0.483415103125 0.4945250296875 0.4759492328125 0.4941695109375 0.4762158703125 0.47461604218750003 0.4738161265625 0.46537258281250005 0.467683446875 0.4667946515625 0.46688353281249995 0.4710608640625 0.4636838734375 0.46217292343749994 0.46049412968750003 0.45621330625 0.4562133078125 0.4590671875 0.45346135 0.4684442265625 0.44887475468750004 0.46232876718749993 0.44367661406250003 0.45988258281250005 0.43970156562499996 0.45580561093750005 0.4351149703125 0.4574364 0.4299168296875 0.4712981078125 0.4238013703125 0.48026745000000004 0.42013209375000005 0.4806751453125 0.42368814062500004 0.4671501703125 0.4188886515625 0.4593287828125 0.41382252499999994 0.4593287828125 0.4074232078125 0.46181740624999995 0.40209044374999997 0.4543515359375 0.396491040625 0.45150739375000004 0.389291809375 0.4465301484375
3 0.362756953125 0.3589782359375 0.3525544140625 0.3612454640625 0.3472642078125 0.3637646109375 0.3434854890625 0.3660318421875 0.3364948609375 0.3627569515625 0.32912636093750003 0.3620012078125 0.3183570140625 0.3622531234375 0.3153340390625 0.3713220484375 0.31476723125 0.3808948 0.3089102171875 0.3728335359375 0.3056983078125 0.3751007671875 0.306265115625 0.3813986296875 0.2985187421875 0.3829101171875 0.2941732171875 0.3811467140625 0.2896387546875 0.3829101171875 0.28642684375 0.38769649375 0.2796251515625 0.3947501 0.2767911125 0.40079605 0.2707451625 0.4018037078125 0.2677221890625 0.40659008593749996 0.26621070156250004 0.42094921406249997 0.26621070156250004 0.43455260000000007 0.2728234578125 0.44311769375 0.27886940781249997 0.44614066875 0.28491535625000003 0.4451330109375 0.290583434375 0.4421100359375 0.292094921875 0.43782748906249996 0.294928959375 0.42926239375 0.300219165625 0.4267432484375 0.3066429859375 0.4327891984375 0.31231106406250003 0.4348045140625 0.3104217046875 0.4269951625 0.3176012703125 0.42447601874999996 0.3198685 0.42926239375 0.3242140265625 0.4370717453125 0.32780380937500003 0.4428657796875 0.327048065625 0.43430068593750004 0.32496977031249996 0.4224607015625 0.3287484890625 0.41742241093750004 0.335172309375 0.41616283750000005 0.338195284375 0.411628375 0.3442412328125 0.41389560625 0.3449969765625 0.43027005156250003 0.3483978234375 0.44311769375 0.35274335 0.44614066875 0.3555773875 0.4531942765625 0.3610565296875 0.4539500203125 0.362001209375 0.4436215234375 0.36162333750000003 0.4312777109375 0.36521312031250003 0.42220878749999996 0.3695586453125 0.42069729999999994 0.3744709796875 0.42472793124999997 0.37579353125 0.4305219671875 0.3829730953125 0.42976622343750004 0.3863739421875 0.43404877031250005 0.3929866984375 0.437575575 0.389585853125 0.44639258281250005 0.396198609375 0.4511789609375 0.40167775156249996 0.4534461921875 0.40715689218750006 0.46150745625 0.413391778125 0.45848448125 0.420004534375 0.4587363953125 0.42435006093750005 0.46327085781250005 0.4247279328125 0.4700725515625 0.43096281718749996 0.4657900046875 0.4351194078125 0.4562172515625 0.43965386874999995 0.45470576406249996 0.44683343437499995 0.4594921390625 0.4528793828125 0.46503426093750005 0.45571342187499997 0.4587363953125 0.4608146921875 0.45470576406249996 0.46478234531249996 0.4607517125 0.467616384375 0.46453043125000004 0.4730955265625 0.46327085781250005 0.47687424375000004 0.46830914999999995 0.48632104062500003 0.46528617499999997 0.49501209218750003 0.4667976625 0.5012469765625001 0.4667976625 0.5012469765625001 0.4602478828125 0.49954655312499996 0.4516827890625 0.50521463125 0.45017130156249996 0.5074818624999999 0.4421100359375 0.5116384515625 0.43379685625000003 0.5148503625 0.4257355890625 0.5210852484374999 0.4186819828125 0.5210852484374999 0.4106207171875 0.5203295046874999 0.4018037078125 0.5157950421875 0.3995364765625 0.5139056828124999 0.39071946875 0.5103159015625 0.3859330921875 0.5027584640625 0.3866888359375 0.5020027203125 0.3942462703125 0.5003022968749999 0.4020556234375 0.49803506718749996 0.3859330921875 0.49652357968749994 0.376108425 0.492555925 0.3756045953125 0.48934401406249994 0.3788794828125 0.4849984890625 0.3751007671875 0.48046402656250004 0.3758565109375 0.47687424375000004 0.36930673125 0.4708282953125 0.370062475 0.46931680781249996 0.37988714218749997 0.4685610640625 0.36326078125 0.46402660156250003 0.3574667484375 0.4596810765625 0.3594820640625 0.45816958906250005 0.37031438906249997 0.4574138453125 0.38013905625 0.45571342187499997 0.3952539296875 0.45533555000000003 0.3796352265625 0.454201934375 0.3728335359375 0.45344619062499997 0.3572148328125 0.45042321718749995 0.3544437734375 0.44437726718750004 0.3531842 0.44116535625 0.3499093109375 0.43228536875 0.350161225 0.4313406890625 0.356207175 0.4256726125 0.3587263203125 0.4186819828125 0.3612454640625 0.41376965 0.3607416359375 0.4024334953125 0.36099355 0.4018666875 0.3710701328125 0.399977328125 0.3766122515625 0.3963875453125 0.3740931078125 0.39185308281250003 0.3710701328125 0.3871296859375 0.36981056093750003 0.387318621875 0.3620012078125 0.3818394796875 0.3587263203125 0.3733373640625 0.3579705765625 0.362756953125 0.3589782359375
3 0.0012993765625 0.6527200265624999 0.0081211015625 0.6505544000000001 0.01201923125 0.6392931390625 0.0175415796875 0.6336625078125 0.020790020312499997 0.6228343734374999 0.028586278124999996 0.6102737359375 0.0263123703125 0.6042099796875 0.0191658 0.600744975 0.028911123437500002 0.5851524609375 0.0354080046875 0.5782224546875 0.0425545734375 0.58038808125 0.0484017671875 0.5630630625 0.0451533265625 0.5556999312500001 0.040605509375 0.5479036734375 0.039955821875000005 0.5375086625 0.045478170312499996 0.5340436578125 0.041904885937500004 0.5275467765624999 0.0415800421875 0.5054573812500001 0.053274428124999995 0.5041580046874999 0.0610706859375 0.5024255015625 0.0522998953125 0.49809424843750005 0.045478170312499996 0.48726611249999996 0.050675674999999996 0.48033610624999995 0.0458030140625 0.46127858593750004 0.051325364062500003 0.45391545468750005 0.06301975 0.4547817046875 0.0760135140625 0.45434857968750003 0.08380977187500001 0.4617117125 0.078287421875 0.46864171875 0.0795867984375 0.47817047968750004 0.0828352390625 0.48380110781249996 0.0860836796875 0.475571725 0.09095634062499999 0.46820859375 0.09972713125 0.46344421249999995 0.10492463593750001 0.45954608593749996 0.10167619531250001 0.4413548171875 0.10070166250000001 0.425329175 0.11077182968749999 0.4166666671875 0.1185680875 0.4114691625 0.1260395015625 0.41580041718749994 0.134485446875 0.43139293125 0.140007796875 0.46387733906250006 0.14617983437499998 0.46994109531249995 0.1568996875 0.46387733906250006 0.1500779625 0.4344248109375 0.1478040546875 0.41926541874999995 0.1432562375 0.4075710328125 0.146504678125 0.39977477499999997 0.15657484375 0.38937976406249997 0.165020790625 0.3954435203125 0.168594075 0.4075710328125 0.177364865625 0.41190228749999996 0.17476611250000001 0.3889466390625 0.16826923124999998 0.3867810125 0.1607978171875 0.39024601406250004 0.14975311875 0.36945599375 0.1370842 0.3534303546875 0.12051715156250001 0.3508316 0.09972713125 0.3525641015625 0.0929054046875 0.35559598124999997 0.0747141375 0.34996535 0.057497401562499995 0.34433471875 0.033783784375 0.34606722031250003 0.02436330625 0.34953222500000003 0.0204651765625 0.3586278578125 0.009095634375 0.3599272359375 0 0.3646916140625 0.0012993765625 0.6527200265624999
3 0.83984375 0.5785778984375 0.83984375 0.5870697453125 0.84578804375 0.5814085140625 0.85343070625 0.5904664859375 0.8644701093749999 0.5915987312500001 0.8725373640624999 0.5961277171875 0.879755434375 0.5932971015625 0.8852751359375001 0.59952445625 0.8941915765624999 0.60745018125 0.9039572015624999 0.6136775359375 0.9086277171875 0.6187726453125 0.9124490484375001 0.60745018125 0.918817934375 0.6148097828125 0.9226392656250001 0.6255661234375001 0.9359529703125 0.62843784375 0.9380156765625 0.64218921875 0.9442037953125 0.6428767875 0.9472978546874999 0.627750275 0.9545173265625 0.616749175 0.961221121875 0.61468646875 0.9607054453125 0.6029978 0.9694719468749999 0.59749725 0.981848184375 0.5961221125 0.99731848125 0.59749725 0.994224421875 0.5885588562499999 0.985973596875 0.58580858125 0.9772070953125 0.589246425 0.977722771875 0.5816831687499999 0.9684405937499999 0.5775577562499999 0.9663778875 0.5672442249999999 0.9555486796875 0.55349285 0.9467821781250001 0.55349285 0.9395627062499999 0.5631188125000001 0.9380156765625 0.5486798687500001 0.9194513203125 0.54042904375 0.9055280531250001 0.5418041812500001 0.8929177984375001 0.5429121375 0.8865489125 0.5514039859375 0.8776324734375001 0.5615942015625001 0.8721127718749999 0.57235054375 0.8619225546875 0.5661231875 0.8470618203125 0.56838768125 0.83984375 0.5785778984375
3 0.7302517359375 0.39351851875 0.728081596875 0.386766975 0.737847221875 0.3684413578125 0.7501446765625001 0.35831404375 0.754484953125 0.35252700625 0.73929398125 0.35300925781250003 0.7266348375 0.3520447515625 0.7139756937499999 0.35445601875 0.7020399312500001 0.347704475 0.6929976859375 0.347704475 0.6922743062500001 0.3660300921875 0.69046585625 0.386766975 0.690827546875 0.4050925921875 0.68999191875 0.4207076140625 0.69975754375 0.435524425 0.710196659375 0.44495330468749994 0.7179418109375 0.4548311796875 0.7293911640624999 0.4548311796875 0.7431977375 0.451239225 0.7489224140624999 0.45168821875000004 0.7452182109375001 0.4651580453125 0.7495959046875 0.4714439640625 0.7442079734375 0.47413793125000003 0.7320851296875001 0.4777298859375 0.720972521875 0.47952586249999996 0.712217134375 0.4867097703125 0.710196659375 0.4988326140625 0.7149110984375 0.5109554609375 0.7142376078125 0.5235272984375 0.7152478453125 0.5338541671875 0.7159213359375001 0.5486709765625 0.7213092671875 0.5652837640625 0.7263604531250001 0.57561063125 0.734105603125 0.5733656609375 0.741514009375 0.5679777296874999 0.74757543125 0.564385775 0.751953125 0.5729166671875 0.7586880390624999 0.57965158125 0.7667699359375 0.5823455453124999 0.7694639015625 0.568426725 0.7657596984375 0.5612428171875 0.7684536640624999 0.55316091875 0.77687230625 0.5491199703125 0.783943965625 0.5607938203125 0.7920569171875 0.5631604234375 0.7943083578125 0.55235350625 0.8010626796875 0.5367435171875 0.8141210375 0.5373439 0.8258285296875 0.5457492796875 0.8312319890625 0.5541546578125 0.844740634375 0.5589577328125 0.8474423625 0.5661623437500001 0.861851584375 0.5667627296875 0.871757925 0.5715658015625 0.8771613828125 0.5601585015625 0.8866174359375 0.5493515859375 0.8915706046875 0.5403458203125 0.9055295390625 0.5403458203125 0.9046289625 0.5325408265625 0.9019272328125 0.5187319875 0.89247118125 0.5079250734375 0.886167146875 0.49471661874999995 0.8798631125 0.47970701250000003 0.885716859375 0.47850624374999995 0.8812139765625 0.46229586874999995 0.8686059078125 0.4502881859375 0.857348703125 0.4376801140625 0.85104466875 0.4268731984375 0.8460914984375 0.41126320781250003 0.8361851578125 0.40225744375000005 0.822226225 0.39925552343750004 0.807817003125 0.39565321875000004 0.7979106625 0.3800432265625 0.789568865625 0.37808641875000004 0.7816116890625 0.3766396609375 0.7772714125 0.3843557109375 0.77437789375 0.3940007703125 0.7570167828125001 0.4041280859375 0.744719328125 0.40219907499999996 0.7302517359375 0.39351851875
3 0.59108721875 0.3436495171875 0.5850582796875 0.3459941046875 0.5830486328125 0.3530278671875 0.5850582796875 0.3640809203125 0.582295015625 0.35905680625 0.579280546875 0.3617363359375 0.5802853703124999 0.371449625 0.5694835203124999 0.36977491875 0.5649618171874999 0.38015809218749996 0.5662178453125 0.393890675 0.5632033765625 0.4012593796875 0.567473875 0.41030278750000004 0.5664690515624999 0.41934619531250006 0.562449759375 0.42504019375 0.5559184078125 0.43173901406250004 0.5485983453125 0.43198529375000005 0.5399816171875 0.4312193625 0.5264820765625 0.4231770828125 0.5290670953125 0.41819852968750004 0.5399816171875 0.40709252500000004 0.5221737125 0.4086243875 0.5224609375 0.4151348046875 0.5158547796875 0.42432598125 0.5056772515625 0.45116559531249995 0.501155546875 0.45217041875 0.502411575 0.45987406249999996 0.501406753125 0.46757770625 0.4931169609375 0.4672427640625 0.4855807875 0.4672427640625 0.4780446140625 0.46958735156250003 0.4767885859375 0.47394158593749997 0.4757837625 0.4933681671875 0.48306872968750003 0.4933681671875 0.490856109375 0.4913585203125 0.4981410765625 0.4906886390625 0.501406753125 0.49604769531250004 0.501155546875 0.5027465171875 0.49738745937499995 0.5094453375 0.4916097265625 0.5107851015625 0.480807878125 0.5204983921874999 0.48633440468750005 0.5191586265625 0.4933681671875 0.5151393359374999 0.500653134375 0.5131296890625 0.5054260453125 0.5131296890625 0.5099477484375 0.5188236875000001 0.5069332796875 0.5248526250000001 0.493870578125 0.5325562703125 0.48206390624999995 0.5349008578125 0.473522909375 0.5355707390625 0.46900120625 0.5385852078125 0.46674035312499995 0.5422695609375 0.473522909375 0.5459539125 0.477039790625 0.552987675 0.47377411562500005 0.5573419078125 0.465484325 0.5586816734375 0.457194534375 0.5647106109375 0.450160771875 0.5693997859375 0.4519192125 0.5740889609375001 0.458952975 0.5744239015625 0.46925241093750003 0.57006966875 0.4757837625 0.57140943125 0.481059084375 0.5680600203124999 0.48809284531249997 0.56672025625 0.4918609328125 0.5730841375 0.49839228281250003 0.5844721328125 0.4996483125 0.5791130765625 0.5049236328125 0.5777733125 0.5117061890625 0.5894962484375 0.514218246875 0.597869775 0.5204983921874999 0.6028938921875 0.525020096875 0.6055734187499999 0.5290393890625 0.6075830640625 0.53029541875 0.6122722390625001 0.5360731515625 0.61495176875 0.5411495265624999 0.6156422375 0.5503841609375 0.6176122937499999 0.5566637109375 0.6171197796875 0.5599881796874999 0.6274625687500001 0.5577718671875 0.6343577625 0.5607269500000001 0.6407604421875 0.5681146578125 0.6412529546875 0.578457446875 0.6397754140624999 0.5888002359375 0.64174546875 0.5980348703125 0.6387903859375 0.607269503125 0.634850275 0.6135490546875 0.6402679265625 0.6176122937499999 0.6274625687500001 0.623522459375 0.6309101640625 0.6349734046875 0.6333727359375 0.641622340625 0.64174546875 0.6493794328125 0.6525807734375 0.6575059109375 0.649133175 0.6623079203125 0.6407604421875 0.6711731671875001 0.6279550828125 0.67745271875 0.6176122937499999 0.6900118203125001 0.615149725 0.7003546093749999 0.6136721828125 0.7106974 0.606284475 0.721409575 0.6067769890625 0.7343380609375 0.6018518515625 0.743203309375 0.5993892828125 0.733599290625 0.5934791171875 0.723995271875 0.5875689515625 0.7210401890625 0.57476359375 0.7184544921875 0.5639282890625 0.7118055562500001 0.5540780140625 0.7066341609375 0.5481678484375 0.6996158390625 0.5476753359375001 0.6874261234375 0.5471828203125 0.6829934984375 0.5338849484375 0.678560875 0.5289598109375 0.672650709375 0.53191489375 0.6682180843750001 0.5260047296875 0.669326240625 0.5191095359375 0.6719119390625 0.5136918828125 0.6645242312499999 0.5053191484374999 0.6556589828125 0.5048266359375 0.650118203125 0.4994089828125 0.6486406625 0.4811859734375 0.64642435 0.472320725 0.6386672578125 0.4703506703125 0.6305407796875 0.46690307343750004 0.6312795515625 0.458037825 0.6423611109375 0.4417848703125 0.6530732859375 0.4432624109375 0.6538120562499999 0.4545902296875 0.6571365250000001 0.4609929078125 0.65824468125 0.45212766093749995 0.6637854609375 0.4560677703125 0.6767139484375 0.458037825 0.6866873515624999 0.4678881 0.7003546093749999 0.48512608281249997 0.7092198578125 0.49448384531249995 0.7114361703125 0.4708431828125 0.7077423171875 0.46148542031249995 0.7022015359375 0.44621749375 0.6996158390625 0.4373522453125 0.689642434375 0.4215918046875 0.6900118203125001 0.40435382343750004 0.689642434375 0.386623325 0.6911199765625 0.3634751765625 0.6914893609375 0.3486997640625 0.6948138296875 0.3442671390625 0.691858746875 0.32899921249999997 0.68373226875 0.3206264765625 0.6759751765625001 0.3176713953125 0.6708037828125 0.3245665875 0.671542553125 0.3117612296875 0.664154846875 0.3068360921875 0.6567671390625 0.3161938546875 0.6556589828125 0.300925925 0.6442080375 0.2999408984375 0.6397754140624999 0.30782111875 0.6375591015625 0.29255319218750003 0.62832446875 0.2945232453125 0.6242612296875001 0.2999408984375 0.6176122937499999 0.2999408984375 0.6165041375 0.30535855 0.602098109375 0.3112687140625 0.6033963015625 0.33494104999999996 0.6054059484375001 0.34934351406249997 0.6089228296875 0.36609056875 0.6049035375 0.3577170421875 0.6003818328125 0.3583869234375 0.59812098125 0.3459941046875 0.59108721875 0.3436495171875