1 0.609717153125 0.2296228703125 0.6206660578125 0.2323600984375 0.6288777375 0.2311435515625 0.622718978125 0.21776155625000002 0.612226278125 0.2131995125 0.5978558390625001 0.21563260468749998 0.5916970796875 0.2131995125 0.5923813874999999 0.2214111921875 0.5887317515625 0.2290145984375 0.5964872265625 0.22506082656249998 0.601961678125 0.22658150781250003 0.601505475 0.23023114374999998 0.609717153125 0.2296228703125
1 0.5611879765625 0.22821246875 0.549260496875 0.22821246875 0.540911259375 0.22821246875 0.533158396875 0.2242366421875 0.5376312015625 0.2309955484375 0.5376312015625 0.2413326984375 0.5429985687500001 0.2377544515625 0.5522423671875 0.2425254453125 0.5623807249999999 0.245308525 0.5766937015625 0.2413326984375 0.5713263359375 0.23338104375 0.5611879765625 0.22821246875
1 0.6497495234375 0.25365776093750003 0.638418415625 0.2528625953125 0.6342437984375 0.2492843515625 0.6342437984375 0.2552480921875 0.6327528625000001 0.2588263359375 0.6375238546875 0.2588263359375 0.6414002859375 0.2655852421875 0.6452767171875 0.2687659046875 0.654222328125 0.2707538171875 0.6554150765625 0.2604166671875 0.6497495234375 0.25365776093750003
1 0.6106870234375 0.24491094218749998 0.6062142171875 0.24570610624999997 0.6023377859375 0.24053753125 0.599654103125 0.24848918593749997 0.603530534375 0.2492843515625 0.6041269078125 0.25405534375 0.6118797703125 0.26121183124999997 0.61694895 0.2576335875 0.6258945609375 0.2576335875 0.617545325 0.25087468125 0.6106870234375 0.24491094218749998
1 0.5611879765625 0.2679707375 0.552838740625 0.2628021625 0.5424021953125 0.2620069984375 0.53882395 0.2580311703125 0.5340529578125001 0.2635973296875 0.5260019078125 0.2651876578125 0.5274928437499999 0.2759223921875 0.5346493328124999 0.2731393125 0.5424021953125 0.2759223921875 0.5441913171875 0.2834764625 0.546875 0.29023536875 0.5555224234375 0.28109096718750004 0.5623807249999999 0.2751272265625 0.5611879765625 0.2679707375
1 0.3974833015625 0.19402035625 0.392115934375 0.18964694531249998 0.38287213750000004 0.1848759546875 0.377206584375 0.1832856234375 0.36915553437500004 0.1848759546875 0.3757156484375 0.1956106875 0.3837666984375 0.20038167968749998 0.393010496875 0.2019720109375 0.39837786249999996 0.2007792625 0.3974833015625 0.19402035625
1 0.3676646 0.2166825703125 0.3667700375 0.2091284984375 0.3587189890625 0.2019720109375 0.349773378125 0.2051526703125 0.34291507656250003 0.2107188296875 0.336056775 0.2119115765625 0.342020515625 0.21986323125 0.3470896953125 0.2162849875 0.35961355 0.2166825703125 0.3676646 0.2166825703125
1 0.3778029578125 0.21469465625 0.3778029578125 0.20316475781249999 0.3748210875 0.1948155203125 0.36915553437500004 0.18726145 0.3622972328125 0.1852735375 0.349773378125 0.1761291359375 0.3470896953125 0.1864662859375 0.3512643125 0.1999840953125 0.36020992343749997 0.20038167968749998 0.367068225 0.2071405859375 0.3700500953125 0.2135019078125 0.3778029578125 0.21469465625
1 0.28178673593750003 0.21270674375 0.275524809375 0.2071405859375 0.26807013281250003 0.20316475781249999 0.26121183281250004 0.20594783749999998 0.25435353125 0.2138994921875 0.2504771 0.22026081406250003 0.24570610624999997 0.2226463109375 0.2507752859375 0.2321882953125 0.25644083906250004 0.22304389375000003 0.26538645 0.2218511453125 0.27701574375 0.21747773593750003 0.28178673593750003 0.21270674375
1 0.271946565625 0.23338104375 0.2641937015625 0.2317907125 0.2576335875 0.23417620781249998 0.25196803437500004 0.24212786249999999 0.2474952296875 0.24371819375 0.2486879765625 0.25365776093750003 0.2528625953125 0.2496819328125 0.2641937015625 0.2468988546875 0.2683683203125 0.2468988546875 0.271648378125 0.2417302796875 0.271946565625 0.23338104375
1 0.2731393125 0.2317907125 0.27403387343749996 0.23616412343749998 0.28119036249999996 0.2377544515625 0.288943225 0.23576653906249997 0.2943105921875 0.23536895625 0.298485209375 0.23139312968749998 0.3077290078125 0.2262245546875 0.313990934375 0.2194656484375 0.3217437984375 0.21747773593750003 0.325918415625 0.2091284984375 0.31667461874999997 0.20992366406250001 0.30713263281250003 0.21270674375 0.2978888359375 0.21827290000000002 0.302958015625 0.20236959375 0.29937977031249996 0.1995865140625 0.2886450375 0.2007792625 0.2785066796875 0.2071405859375 0.28327767187499997 0.2138994921875 0.2782084921875 0.21867048281249998 0.26479007656250003 0.22662213750000001 0.260019084375 0.2309955484375 0.26538645 0.2305979640625 0.2731393125 0.2317907125
1 0.135078721875 0.5701335875 0.130904103125 0.568145675 0.132693225 0.5641698484375001 0.1374642171875 0.56138676875 0.1335877859375 0.5554230265625 0.12851860625 0.5434955484375 0.1282204203125 0.5570133578124999 0.115398378125 0.5729166671875 0.1100310109375 0.5832538171875 0.11211832031249999 0.5935909671874999 0.12076574375 0.5920006359375 0.1261331109375 0.5848441484375 0.1264312984375 0.5741094140625 0.1320968515625 0.5749045796875001 0.135078721875 0.5701335875
1 0.9911736640625 0.7677321874999999 0.9804389312499999 0.7581902046875 0.974475190625 0.7482506359375 0.9700023859375 0.7371183203125 0.9685114499999999 0.75182888125 0.9616531484375 0.7562022890625 0.9682132640625 0.7593829515625 0.9753697515624999 0.77449109375 0.990577290625 0.7895992374999999 0.9984375 0.7979166671875 0.9984375 0.7708333328125 0.9911736640625 0.7677321874999999
1 0.9768606875 0.9255725187499999 0.9717915078124999 0.921994275 0.9655295796875001 0.9315362609375001 0.974773378125 0.9331265890625 0.9855081109375 0.9426685750000001 0.9984375 0.9458333328125 0.9984375 0.9291666671875 0.9911736640625 0.9231870234375 0.982824428125 0.9231870234375 0.9768606875 0.9255725187499999
1 0.55820610625 0.984017175 0.541209446875 0.98878816875 0.521529103125 0.9895833328125001 0.521875 0.9979166671874999 0.5609375 0.9979166671874999 0.57430820625 0.9939567437499999 0.5808683203125 0.9828244265625001 0.5674499046875 0.9800413484374999 0.55820610625 0.984017175
1 0.23020038125000003 0.3029580140625 0.2212547703125 0.2997773546875 0.216781965625 0.2950063609375 0.21439646875 0.30136768593749996 0.22095658437500001 0.3041507625 0.22692032499999998 0.3113072515625 0.23079675625 0.31568066250000004 0.23914599218750002 0.3188613234375 0.2448115453125 0.31409033124999997 0.23944417968749998 0.3077290078125 0.23020038125000003 0.3029580140625
1 0.9838235296875 0.49509803906250005 0.9783088234375 0.4852941171875 0.9702205875000001 0.48137255 0.9654411765625 0.49460784375 0.9610294125 0.4764705875 0.9514705875 0.47205882343749994 0.9408088234375 0.46960784375 0.9349264703125 0.45735294218749994 0.9375 0.47254901875 0.9334558828124999 0.48137255 0.9404411765624999 0.4784313734375 0.95073529375 0.4887254890625 0.956617646875 0.4916666671875 0.9669117640625 0.49705882343749996 0.975 0.49950980468750006 0.9838235296875 0.49509803906250005
1 0.8248197109375001 0.3355368578125 0.8140524843750001 0.33486912343749997 0.8110476765625 0.33620459375 0.8040364578125001 0.34288194375000003 0.810296475 0.34588675156250004 0.8170572921874999 0.3465544875 0.8248197109375001 0.3485576921875 0.8313301281250001 0.34188034218749996 0.8248197109375001 0.3355368578125
1 0.8045372593750001 0.3325320515625 0.7957732375 0.3308627140625 0.7915164265625 0.3385416671875 0.7915164265625 0.34722222343750003 0.79296875 0.3535416671875 0.786875 0.3564583328125 0.7970312500000001 0.3591666671875 0.8057892624999999 0.3622462609375 0.810546875 0.35423343906250004 0.809545271875 0.34722222343750003 0.80328525625 0.34221421093750004 0.8110476765625 0.3352029921875 0.8045372593750001 0.3325320515625
1 0.83296875 0.3752083328125 0.8260937500000001 0.3604166671875 0.82515625 0.3689583328125 0.8221875000000001 0.3754166671875 0.8184374999999999 0.380625 0.8260937500000001 0.3820833328125 0.83078125 0.381875 0.829375 0.3847916671875 0.83140625 0.3872916671875 0.8371875 0.3945833328125 0.8417187500000001 0.40041666718749996 0.84796875 0.401875 0.8501562500000001 0.395 0.84890625 0.38395833281249997 0.8451562499999999 0.3775 0.838125 0.3777083328125 0.83296875 0.3752083328125
1 0.85078125 0.36875 0.85078125 0.3608333328125 0.84796875 0.3547916671875 0.83984375 0.348125 0.83515625 0.3452083328125 0.8345312500000001 0.3377083328125 0.8321875000000001 0.3458333328125 0.8276562500000001 0.3479166671875 0.83375 0.35291666718750003 0.8357812499999999 0.3583333328125 0.84140625 0.3647916671875 0.8456250000000001 0.36770833281250004 0.85078125 0.36875
1 0.8379687499999999 0.399375 0.834375 0.3954166671875 0.8334374999999999 0.41041666718750003 0.83765625 0.4141666671875 0.84546875 0.4179166671875 0.8526562500000001 0.418125 0.8528125 0.4102083328125 0.84828125 0.403125 0.8415625 0.4014583328125 0.8379687499999999 0.399375
1 0.8790625000000001 0.4204166671875 0.8739062499999999 0.41645833281250005 0.8676562499999999 0.415625 0.8603125 0.41375 0.85625 0.40708333281250003 0.8556250000000001 0.4102083328125 0.85609375 0.418125 0.85078125 0.4204166671875 0.8559374999999999 0.42437500000000006 0.86015625 0.4270833328125 0.8692187499999999 0.43041666718749994 0.8787499999999999 0.43583333281250003 0.8807812500000001 0.4270833328125 0.8790625000000001 0.4204166671875
1 0.16130780312499998 0.37018304375 0.1544436421875 0.37162813125 0.16239161875000002 0.3805395 0.1638367046875 0.3752408484375 0.1737716765625 0.3706647390625 0.1795520234375 0.366811175 0.1799132953125 0.36030828593750003 0.174313584375 0.35934489375 0.16690751406249998 0.3622350671875 0.16130780312499998 0.37018304375
3 0.1091452203125 0.4376750703125 0.09913340312499999 0.4413953078125 0.0925682765625 0.44664740781249995 0.0837053578125 0.4551820734375 0.078125 0.46546743749999997 0.07517069374999999 0.47947303906250005 0.07845325625 0.49172794218749993 0.0864955359375 0.49654236718749994 0.09683560937499999 0.49019607968749995 0.1042213765625 0.4930409671875 0.1084887078125 0.4976365546875 0.10061055625 0.50332633125 0.099461659375 0.5118609937499999 0.1091452203125 0.5158000703125001 0.10799632343750001 0.5238970578125001 0.11472557812499999 0.5317752109375 0.11948529375000001 0.5365896359375 0.1125919125 0.5488445375000001 0.1120995265625 0.5575980390625 0.1120995265625 0.5630689765625 0.1061909140625 0.5711659671875 0.098805146875 0.5744485296875 0.0919117640625 0.5726978296875 0.079841040625 0.5698458578125 0.07135115625 0.5746628125 0.067919075 0.5705684 0.06304190781249999 0.56864161875 0.0637644515625 0.5756262046875 0.0585260109375 0.5770712921875 0.0514812140625 0.5833333328125 0.041726878125 0.58212909375 0.027637282812500004 0.5871868984375 0.01968930625 0.5934489390625 0.009573700000000001 0.6042870890625001 0.0014450859375 0.6129576109375 0 0.9978323703124999 0.4265625 0.9979166671874999 0.5046875 0.9979166671874999 0.5214956640625 0.9978323703124999 0.5211343937499999 0.98988439375 0.5408237 0.9872350671874999 0.5574421968750001 0.9831406546875 0.567919075 0.9783237 0.5823699421875 0.9819364171875 0.5747832374999999 0.9947013484375 0.5646676296875001 0.9978323703124999 0.9766979765625001 0.9971098265625 0.9757947984375 0.9860308296875001 0.9700144515625 0.9812138734375001 0.9770592484374999 0.9792870890625001 0.9779624281249999 0.97350674375 0.9801300578125 0.96531791875 0.9855491328125 0.9643545265625001 0.9907875718750001 0.964595375 0.9944002890625001 0.9684489390625 0.9949421968750001 0.9732658953125 0.9909682078125 0.9809730249999999 0.98916185 0.9978323703124999 0.9984375 0.9979166671874999 0.9984375 0.9479166671874999 0.9851878609375 0.9450867046875 0.9745303468750001 0.9356936421875 0.9635115609374999 0.9318400765625 0.968388728125 0.9222061671875 0.9573699421875 0.9017341046875 0.9490606937500001 0.8899325625 0.9519508671875 0.8723506750000001 0.9589956640624999 0.8853564546875001 0.9626083812499999 0.8870423890625 0.9768786125 0.8983622359375 0.98916185 0.8957129109374999 0.9855491328125 0.9082369937499999 0.9920520234374999 0.9207610796875001 0.9983742781249999 0.9253371874999999 0.9984375 0.8 0.9913294796875001 0.79287090625 0.9754335265625 0.7760115609375 0.9671242781249999 0.7603564546875 0.9584537578125 0.7550578046875 0.9671242781249999 0.75 0.9698338156249999 0.7304913296875 0.9738078031249999 0.7463872828125 0.9804913296875 0.7552986515625 0.9913294796875001 0.7661368015625001 0.9980130062500001 0.7692678234375 0.9984375 0.4875 0.9904263 0.4804913296875 0.983381503125 0.4780828515625 0.9781430640625001 0.4795279375 0.984645953125 0.49590558749999997 0.975252890625 0.5 0.966401734375 0.49710982656249997 0.9571893062499999 0.49590558749999997 0.9519508671875 0.4968689796875 0.950686415625 0.4913294796875 0.940570809375 0.4795279375 0.9322615609374999 0.48265896093749994 0.9360549140625001 0.47350674374999996 0.9338872828125 0.4629094421875 0.92322976875 0.4583333328125 0.9102239890625 0.46146435468749997 0.9006502890625001 0.47350674374999996 0.890354046875 0.48916185 0.881502890625 0.4812138734375 0.88782514375 0.4756743734375 0.8865606937500001 0.4588150296875 0.8838511562500001 0.45279383281249996 0.8777095375 0.45231213906249995 0.8766257218750001 0.4419556828125 0.8710260109375 0.43810211875 0.8643424859375 0.4405105984375 0.8616329484374999 0.43713872968749995 0.8636199421875 0.43039498906249996 0.856936415625 0.4270231203125 0.8466401734375 0.4197976875 0.8386921968750001 0.41546242656250004 0.8321893062499999 0.4101637765625 0.8345375718750001 0.39137765 0.8285765890624999 0.38607899843750004 0.8285765890624999 0.3827071296875 0.8161127171875 0.3822254328125 0.823699421875 0.3699421953125 0.8249638734375001 0.36006743750000003 0.8206286125 0.35645472031250003 0.8112355484375 0.35525048125 0.8054552015625 0.36392100156249996 0.796604046875 0.3598265890625 0.785404625 0.35645472031250003 0.7913656062500001 0.3518786125 0.79010115625 0.3367052015625 0.7951589593749999 0.33092485625 0.79552023125 0.31743737968749997 0.79281069375 0.3049132953125 0.7875722546875 0.2863680140625 0.781611271875 0.27914258125 0.78323699375 0.2658959546875 0.778901734375 0.2605973015625 0.7779985546875 0.2536127171875 0.7691473984375 0.25337186875 0.7682442203125001 0.2478323703125 0.7630057796874999 0.24807321875000002 0.761199421875 0.2372350671875 0.761199421875 0.2300096328125 0.7570447984374999 0.22591522031250003 0.7424132953125 0.2285645484375 0.7301300578125 0.21531791875 0.71947254375 0.21917148281249998 0.703757225 0.2078516375 0.6958092484375 0.21676300624999997 0.6735910406250001 0.2184489390625 0.6683526015625 0.2278420046875 0.6600433531250001 0.23892100156249998 0.6529985546875 0.25337186875 0.6571531796875 0.25987475781249997 0.6548049140625001 0.2716763 0.6439667625000001 0.2692678234375 0.6380057796874999 0.26011560624999996 0.6264450859374999 0.26011560624999996 0.6174132953125 0.25891136875 0.6119942203125001 0.26372832343749997 0.60657514375 0.2591522171875 0.6007947984374999 0.2591522171875 0.59844653125 0.26469171406249997 0.592666184375 0.2774566484375 0.59844653125 0.2909441234375 0.5995303468750001 0.2993737953125 0.585260115625 0.3087668578125 0.5762283234375001 0.3121387296875 0.56864161875 0.3005780359375 0.5731575140625 0.30105973124999996 0.580563584375 0.307080925 0.58092485625 0.2786608859375 0.5765895953125 0.2680635828125 0.566654625 0.26493256249999997 0.5619580921875 0.26637765 0.56322254375 0.27504816875000004 0.546242775 0.2916666671875 0.541726878125 0.2760115609375 0.5348627171875 0.27384393125 0.5272760109375 0.27649325625 0.5249277453125 0.26493256249999997 0.5345014453125 0.26131984531249997 0.53865606875 0.2555395 0.54281069375 0.26011560624999996 0.5451589593749999 0.2591522171875 0.5415462421874999 0.24253371875 0.5368497109375 0.24277456718749998 0.5363078031249999 0.2341040453125 0.5287210984375 0.2326589609375 0.5178829484375 0.2186897875 0.5211343937499999 0.19942196406249998 0.515895953125 0.1859344890625 0.50740606875 0.18545279374999998 0.501083815625 0.1941233140625 0.49367774531249997 0.192919075 0.486091040625 0.1864161859375 0.47471098281249996 0.18617533749999998 0.47182080937500004 0.1842485546875 0.473085259375 0.17461464375 0.4647760109375 0.1729287078125 0.463330925 0.16305395 0.45917630000000004 0.1594412328125 0.45899566406250003 0.15221579999999998 0.4535765890625 0.1502890171875 0.450686415625 0.1411368015625 0.44490606875000005 0.1428227359375 0.4420158953125 0.13391136875 0.42973265937500005 0.1307803453125 0.42449422031250006 0.1281310203125 0.4187138734375 0.1305395 0.40335982656249997 0.13367052031249999 0.394328034375 0.13824662968749998 0.389631503125 0.15173410468749998 0.3777095375 0.1599229296875 0.375 0.1681117546875 0.3701228328125 0.17316955625 0.370664740625 0.1815992296875 0.381502890625 0.1835260125 0.397760115625 0.1926782265625 0.3986632953125 0.2013487484375 0.3937861265625 0.2023121390625 0.38583815 0.20158959531249998 0.37572254374999997 0.1967726390625 0.3786127171875 0.20399807343749998 0.379154625 0.2162813109375 0.36867774531249997 0.21555876718750003 0.3674132953125 0.2184489390625 0.3533237 0.21917148281249998 0.3470014453125 0.2170038546875 0.3419436421875 0.2223025046875 0.3381502890625 0.2186897875 0.3334537578125 0.2088150296875 0.32749277499999996 0.2090558765625 0.32333815 0.2189306359375 0.31502890156249996 0.220134875 0.30093930625 0.2321772640625 0.29407514375 0.2367533703125 0.2830563578125 0.2394026984375 0.27492774531249997 0.2386801546875 0.2695086703125 0.24831406406249998 0.2633670515625 0.24831406406249998 0.26083815 0.25264932500000004 0.25144508593750003 0.25385356406250004 0.24963872812500001 0.2603564546875 0.24169075156250003 0.2620423890625 0.2378973984375 0.2699903671875 0.23229768750000002 0.269026975 0.23049132968750002 0.2752890171875 0.2297687859375 0.2866088625 0.22164017343750003 0.29720616718750004 0.23988439375 0.3056358375 0.246206646875 0.3143063578125 0.2389812140625 0.32032755156250003 0.23067196562499998 0.3176782265625 0.22182080937499998 0.3094894015625 0.2062861265625 0.31599229375000004 0.20429913281249998 0.3236994234375 0.1903901734375 0.3415221578125 0.1865968203125 0.3523603078125 0.181719653125 0.3523603078125 0.179732659375 0.36849711093750004 0.1679913296875 0.37596339218749997 0.162752890625 0.38126204218750004 0.157875721875 0.3834296734375 0.1466763 0.3921001921875 0.13782514375 0.3978805390625 0.1373752625 0.40878851406249994 0.13360031562500002 0.41250875468750003 0.1290047265625 0.42651435624999995 0.1242450109375 0.43504901875 0.120634190625 0.43176645625 0.11653098749999999 0.43132878124999996 0.1091452203125 0.4376750703125
1 0.870585371875 0.32628846875 0.8613737484374999 0.3216536890625 0.8516407125000001 0.3177141265625 0.8471218015625 0.3096032625 0.8464265843750001 0.31354282499999997 0.8469479984375001 0.3209584734375 0.8401696328125 0.3288375984375 0.8485122359374999 0.32814238125 0.8585928812500001 0.3364849828125 0.8643284203125001 0.34413236875000003 0.8751042828125 0.3436688921875 0.874930478125 0.33208194375 0.870585371875 0.32628846875
1 0.851293103125 0.33671672343750003 0.84677419375 0.34181497968749996 0.8490336484375 0.34320541250000003 0.851814515625 0.35293845 0.8573762515625001 0.35989061875 0.864154615625 0.3642936609375 0.8770161296874999 0.3661475703125 0.874930478125 0.3545606234375 0.8645022250000001 0.3455228015625 0.8570286421875 0.34204671875 0.851814515625 0.3394975890625 0.851293103125 0.33671672343750003
1 0.9362833703125 0.3777345203125 0.93159065625 0.3689284390625 0.9232480531249999 0.3642936609375 0.9138626249999999 0.3631349640625 0.9093437156249999 0.3524749734375 0.90847469375 0.3633667046875 0.903434371875 0.3675380046875 0.911429365625 0.3686967 0.9157744718749999 0.3751853921875 0.9253337046875 0.3842232109375 0.932459678125 0.3860771234375 0.9369785875 0.38491842656249997 0.9362833703125 0.3777345203125
1 0.8978726359375001 0.40531145625000004 0.8964822031249999 0.3921023359375 0.8942227468749999 0.39720059375 0.8933537265625 0.40114015625 0.8898776421875001 0.3999814609375 0.8844897109375 0.3988227671875 0.8919632921874999 0.4073971078125 0.8917894890625 0.41898405624999996 0.8930061171875 0.43358361093750003 0.8982202453125 0.4423896921875 0.9032605671875 0.43984056406249994 0.9051724140624999 0.4261679640625 0.9036081749999999 0.4136540609375 0.8978726359375001 0.40531145625000004
1 0.8697163515625 0.3682332234375 0.86554505 0.37078235 0.8718020015624999 0.3751853921875 0.8754518906250001 0.38283277656250003 0.8803184093749999 0.3872358171875 0.8900514453125 0.39326103125 0.8914418796874999 0.38445494999999996 0.8844897109375 0.3714775671875 0.8747566734375001 0.36939191718750003 0.8731924359375001 0.3668427875 0.8697163515625 0.36545235468750004 0.8697163515625 0.3682332234375
1 0.7883759734375 0.2880515390625 0.7942853171875 0.30543196093749997 0.8087110671875 0.30450500625 0.8080158515625 0.297784575 0.8005422687499999 0.2866611046875 0.7934162953125 0.28619762656250003 0.7883759734375 0.2880515390625
1 0.9625278093749999 0.4648683734375 0.9620063953125 0.4757601046875 0.9663515015625 0.49198183125000006 0.9691323687500001 0.4827122734375 0.9691323687500001 0.4748331484375 0.96756813125 0.46556358906249995 0.96652530625 0.4569892484375 0.9625278093749999 0.4648683734375
1 0.8893562296875 0.35965888125 0.8830992765625 0.3547923625 0.8789279750000001 0.3571097515625 0.8789279750000001 0.3642936609375 0.8829254734375 0.36962365625000004 0.887270578125 0.37217278593750003 0.8938751390625 0.3809788640625 0.8942227468749999 0.37356321875 0.897525028125 0.3698553953125 0.890572859375 0.3668427875 0.8893562296875 0.35965888125
1 0.8898776421875001 0.42477753125 0.8811874312500001 0.41713014375 0.882404059375 0.4261679640625 0.8794493875 0.43682795625 0.8827516687499999 0.4414627359375 0.891094271875 0.44586577656250004 0.8957869859375001 0.4555988125 0.9001320906249999 0.4618557671875 0.9022177421875 0.45420837968749994 0.9011749171875 0.4430849078125 0.8968298109375 0.44401186406250004 0.8919632921874999 0.4333518734375 0.8898776421875001 0.42477753125
1 0.8617213578125 0.3712458296875 0.8565072296875 0.3661475703125 0.8525097328125 0.3663793109375 0.8533787546875 0.3807471265625 0.85320495 0.3860771234375 0.8514669078124999 0.3948832046875 0.8500764734375 0.4048479796875 0.8570286421875 0.39928624375 0.8608523359375001 0.38955320625 0.8686735265625 0.3930292921875 0.8681521140624999 0.38144234374999997 0.8617213578125 0.3712458296875
1 0.44612385000000004 0.22377557499999998 0.6343633078125 0.2296406796875 0.636297275 0.23869113749999998 0.6430756390625 0.24054505 0.6548943265625 0.24054505 0.6543729140625001 0.2333611421875 0.6493325921875 0.22965331875 0.21866783750000002 0.2166885765625 0.213431590625 0.2185298484375 0.2108245265625 0.21644419843749998 0.207000834375 0.2254820171875 0.21360539531249997 0.2243233234375 0.2167338703125 0.2271041890625 0.2235122359375 0.216907675 0.2276835375 0.23104375156249998 0.232723859375 0.22015202031249997 0.2349833140625 0.2282628859375 0.44612385000000004 0.22377557499999998
1 0.57233731875 0.24402113593750002 0.572163515625 0.25143678125 0.5659065625 0.25143678125 0.55999721875 0.2477289578125 0.5504379859374999 0.24239896249999998 0.54505005625 0.2419354828125 0.548526140625 0.2546811265625 0.556521134375 0.2579254734375 0.568339821875 0.2639506859375 0.5761610125 0.2655728578125 0.5772038375 0.25537634374999996 0.58259176875 0.2549128671875 0.5952794765625 0.2465702625 0.594062846875 0.2426307 0.5853726359375 0.23869113749999998 0.57233731875 0.24402113593750002
1 0.24141407187500002 0.23730070468750003 0.233245271875 0.24031331093750002 0.225250278125 0.2465702625 0.2266407125 0.25560808281249997 0.22229560625000003 0.262096775 0.22542408281249998 0.26256025156249996 0.2280311453125 0.2678902484375 0.22994299218749997 0.2600111234375 0.2363737484375 0.2549128671875 0.2452377640625 0.2500463484375 0.24141407187500002 0.23730070468750003
1 0.46527294843749994 0.37030598124999997 0.4565803203125 0.3743625390625 0.452885953125 0.3824756609375 0.44310674531250005 0.38566295781250004 0.45136474218749995 0.38798099218750004 0.4496262171875 0.40188919843750004 0.4559283734375 0.3885605 0.4657075796875 0.3859527125 0.4739655765625 0.3801576265625 0.4793984703125 0.37610106718749997 0.47461752500000004 0.37146499843749997 0.46527294843749994 0.37030598124999997
1 0.463099790625 0.4027584609375 0.454189846875 0.407104775 0.4433240609375 0.41985396406250003 0.4357180109375 0.4181154375 0.437673853125 0.4224617515625 0.44245479843749996 0.42391052343749996 0.4413682203125 0.43202364375 0.447453059375 0.42535929531249994 0.4585361609375 0.42304126093749994 0.46157858125000006 0.4270978203125 0.47005389375 0.41347936875 0.46853268437500006 0.4056560046875 0.463099790625 0.4027584609375
1 0.5467663421875 0.31467315625 0.541985396875 0.31467315625 0.5291637687499999 0.3219170140625 0.5165594578125 0.33321743125 0.5313369265625 0.3337969390625 0.5319888734375 0.3436485859375 0.5448105 0.3387227625 0.5541550765625 0.3308993984375 0.5543723921875 0.3207579984375 0.5467663421875 0.31467315625
1 0.3385778859375 0.37610106718749997 0.3314064671875 0.3801576265625 0.319888734375 0.3885605 0.31206536875 0.40073018125 0.3144558421875 0.40652526718750004 0.327929415625 0.40246870625 0.3368393609375 0.3984121453125 0.343141515625 0.3842141859375 0.3448800421875 0.3752318046875 0.3385778859375 0.37610106718749997
1 0.3755215578125 0.37146499843749997 0.3672635609375 0.366539175 0.3590055640625 0.37117524375 0.3548765640625 0.3758113125 0.3572670375 0.3801576265625 0.3674808765625 0.3891400078125 0.37704276718749996 0.39522485 0.39486265625 0.3937760765625 0.39312413125 0.39000927343749997 0.395514603125 0.38334492343750004 0.3885605 0.3862424671875 0.38356223906250003 0.3784191 0.3755215578125 0.37146499843749997
1 0.1857394359375 0.8063380296875 0.18838028125 0.8177816890624999 0.20180457812500002 0.8204225359375 0.21280809843749998 0.8218896703125 0.216769365625 0.8169014078125001 0.21126760625 0.8078051640625 0.20092429531249997 0.8063380296875 0.1905809859375 0.8092722999999999 0.1857394359375 0.8063380296875
1 0.193661971875 0.7676056328125 0.1802376765625 0.7661384984375 0.185079225 0.7723004687499999 0.1857394359375 0.7799295765625 0.1901408453125 0.7775821609375 0.1980633796875 0.78609155 0.205985915625 0.7896126765625 0.21214788750000002 0.7849178390625 0.205545775 0.7737676062500001 0.193661971875 0.7676056328125
1 0.4027288734375 0.7676056328125 0.391065140625 0.7711267609375 0.3822623234375 0.7737676062500001 0.376980634375 0.7720070421874999 0.37962147812499997 0.7825704234375 0.3838028171875 0.7805164312499999 0.39040492968749996 0.7840375578125001 0.40470950781250004 0.78374413125 0.4150528171875 0.77875586875 0.41725352187500003 0.7699530515624999 0.4106514078125 0.7678990609375 0.4027288734375 0.7676056328125
1 0.34749119687499996 0.6549295765625 0.34110915468749997 0.6478873234375 0.333406690625 0.6496478875 0.3292253515625 0.644659625 0.32900528125 0.6531690140624999 0.326804578125 0.6581572765625 0.3336267609375 0.6569835687500001 0.341769365625 0.6651995312500001 0.3479313375 0.6681338015625 0.3543133796875 0.6696009390625 0.3551936625 0.6625586859375 0.34749119687499996 0.6549295765625
1 0.2662852109375 0.6338028171875 0.2568221828125 0.6387910796875 0.24933978906249998 0.6420187796875 0.24405809843749998 0.65052816875 0.2374559859375 0.6517018765625 0.2422975359375 0.6558098578125 0.24097711249999998 0.6637323937499999 0.248019365625 0.6581572765625 0.25770246406249997 0.6540492953125 0.26738556406249997 0.6493544609375 0.2744278171875 0.6467136140624999 0.2757482390625 0.6370305171874999 0.2662852109375 0.6338028171875
1 0.2781690140625 0.7535211265624999 0.2706866203125 0.7505868546875 0.26386443593750003 0.7567488265625 0.2700264078125 0.75909624375 0.2770686625 0.7681924875 0.2823503515625 0.7740610328125 0.29115316875 0.7811032859375 0.29599471875 0.7805164312499999 0.29423415468749997 0.7717136140624999 0.28697183125 0.763204225 0.2781690140625 0.7535211265624999
1 0.247579225 0.5111502359375 0.23503521093750002 0.5129107984375 0.225792253125 0.51232394375 0.2301936625 0.5202464796874999 0.2275528171875 0.52875586875 0.23415492968749999 0.5252347421875 0.24251760625 0.5278755875 0.25330105625 0.5272887328125 0.2612235921875 0.5176056328125 0.2563820421875 0.5120305171874999 0.247579225 0.5111502359375
1 0.414832746875 0.5217136140624999 0.4121919015625 0.52875586875 0.41439260625 0.5355046953125 0.42033450781250004 0.53374413125 0.43177816875 0.5293427234375 0.440360915625 0.5225938953125 0.439480634375 0.5161384984375 0.43375880312500004 0.5143779328125 0.4269366203125 0.5152582171875 0.42143485937499997 0.5134976515624999 0.41945422499999996 0.5158450703125 0.414832746875 0.5217136140624999
1 0.41197183125 0.6205985921875 0.4011883796875 0.62265258125 0.39546655 0.6214788734375001 0.3989876765625 0.62734741875 0.39546655 0.6320422546875 0.40448943593750003 0.6296948359375001 0.41395246406249997 0.6335093890625 0.4262764078125 0.6367370890624999 0.42759683125 0.6296948359375001 0.42275528125 0.6238262921875 0.41197183125 0.6205985921875
1 0.3525528171875 0.6094483562499999 0.3488116203125 0.6035798125 0.3492517609375 0.6135563375 0.35607394375 0.6194248828125 0.36707746406249997 0.6261737078125 0.373679578125 0.6261737078125 0.3734595078125 0.6182511734375 0.36399647812499997 0.6100352109375 0.3587147890625 0.6071009390625 0.3525528171875 0.6094483562499999
1 0.68265845 0.5313967140625 0.678036971875 0.526701878125 0.671875 0.5343309859375001 0.6815580984375 0.5372652578125 0.6814025828125 0.5418465265625 0.6537734734375 0.7717424140625 0.7117077468749999 0.553110328125 0.7029049296875 0.5536971828125 0.70796655 0.5416666671875 0.6996038734375001 0.5352112671875 0.68265845 0.5313967140625
1 0.68828125 0.8262499999999999 0.68171875 0.8210416671875 0.6734375 0.8177083328125001 0.6537734734375 0.7717424140625 0.6487499999999999 0.8135416671875 0.6521874999999999 0.8210416671875 0.6487499999999999 0.8262499999999999 0.6534375 0.8275 0.65828125 0.8262499999999999 0.6725 0.8352083328125 0.68875 0.834375 0.68828125 0.8262499999999999
1 0.79984375 0.7414583328125001 0.8009375000000001 0.7304166671875 0.80796875 0.7258333328125001 0.8040625 0.7191666671875 0.7996875 0.7277083328125 0.7932812499999999 0.7304166671875 0.78203125 0.7381249999999999 0.77609375 0.7427083328124999 0.77390625 0.7525000000000001 0.77390625 0.7583333328124999 0.77921875 0.7581249999999999 0.78703125 0.7537499999999999 0.795 0.7514583328125 0.79078125 0.7472916671875 0.795625 0.7418750000000001 0.79984375 0.7414583328125001
1 0.90453125 0.69375 0.9037499999999999 0.680625 0.89390625 0.6637500000000001 0.89296875 0.66875 0.885 0.6620833328125 0.8746875 0.65125 0.8746875 0.656875 0.87140625 0.6539583328125 0.86484375 0.6433333328125 0.8659375 0.65 0.8673437500000001 0.6564583328125 0.8568749999999999 0.6539583328125 0.8615625 0.659375 0.8703125 0.6647916671874999 0.8775000000000001 0.675 0.88453125 0.68125 0.8946875000000001 0.6883333328125001 0.90453125 0.69375
1 0.889321075 0.5796204625 0.8950671859374999 0.5840405484375 0.9043493640625 0.6023102312499999 0.912747525 0.6114450734375 0.9237977374999999 0.61615983125 0.92446075 0.6079090046875 0.9138525453125 0.5911126828125 0.9001502828125 0.5784417734375 0.899929278125 0.5690122578125 0.889321075 0.5796204625
1 0.7063295609375 0.633250825 0.7122966765625 0.6438590296875 0.7198108203125 0.6544672328125001 0.7313030406250001 0.6700848671874999 0.7388171859375 0.66979019375 0.7315240453125 0.6438590296875 0.7180427859375 0.6294200859375 0.7067715703124999 0.62293729375 0.7063295609375 0.633250825
1 0.9257867750000001 0.83215464375 0.9103164781249999 0.8297972640625 0.9003712875 0.8262611984375001 0.8963932109374999 0.8188943890625 0.8939621640625001 0.8239038187500001 0.8833539609375001 0.8286185765624999 0.8950671859374999 0.83362800625 0.9016973125 0.8409948140625 0.9131895328124999 0.8489509671875 0.9273338046875 0.8530763796875 0.9286598296875 0.8445308812500001 0.9257867750000001 0.83215464375
1 0.866999646875 0.7578972187499999 0.855286421875 0.74817303125 0.8453412312499999 0.74552098125 0.8384900984374999 0.7446369640625 0.8296499296875 0.7366808109375 0.826334865625 0.7431636015625 0.8267768734375001 0.7469943421874999 0.8327439890624999 0.7484677046875 0.8420261671875 0.7558345125 0.8541814000000001 0.7643800109375001 0.8630215703124999 0.7682107499999999 0.8692096890625001 0.76614804375 0.866999646875 0.7578972187499999
1 0.7405852187499999 0.5681282421875 0.725777934375 0.5613507765625 0.7125176796875 0.5625294671875001 0.7092026171875 0.5586987265625 0.7067715703124999 0.5672442249999999 0.6981524046875001 0.5722536546875 0.7105286421875 0.5752003765625 0.722683875 0.5769684109375001 0.733071075 0.5828618578125 0.7447843 0.5843352187499999 0.7483203671875 0.5787364453125 0.7405852187499999 0.5681282421875
1 0.9279968171874999 0.6473950953125 0.915841584375 0.64356435625 0.9118635078124999 0.6335454984375 0.905454384375 0.6462164078125 0.9114215 0.6485737859375 0.917167609375 0.65741395625 0.9291018390625 0.6650754359375 0.9399310468750001 0.6694955203124999 0.9467821781250001 0.6671381421875 0.9421410890624999 0.6568246109375 0.9279968171874999 0.6473950953125
1 0.7717468171874999 0.6957213578125 0.7609176093750001 0.6948373421875 0.7545084859375 0.7030881671875 0.7686527578125 0.7119283359375 0.7794819656249999 0.7139910421875 0.796720296875 0.7160537484375 0.8006983734374999 0.7107496453125 0.792963225 0.6989627546875 0.7717468171874999 0.6957213578125
1 0.8568334515625 0.6933639796875 0.8446782171875 0.6942479953125 0.8391531125 0.6957213578125 0.8325229843749999 0.6954266859375 0.8351750359375 0.7007307875000001 0.831859971875 0.7072135796875 0.8411421499999999 0.7033828375 0.8513083453125001 0.70691890625 0.8630215703124999 0.71104431875 0.8716407359374999 0.7101603015625 0.8687676796874999 0.7007307875000001 0.8568334515625 0.6933639796875
1 0.9255657703125 0.8633899109375 0.9341849359375001 0.8701673734375 0.9450141437499999 0.8719354078125001 0.941920084375 0.8560231015624999 0.9295438468749999 0.8465935874999999 0.9284388265624999 0.8530763796875 0.9131895328124999 0.8498349828125 0.9160625890625 0.8557284296875001 0.9255657703125 0.8633899109375
1 0.6915222765625 0.96151579375 0.6915222765625 0.9677039125 0.6851131546875 0.9674092421875 0.6868811874999999 0.9756600671875001 0.69306930625 0.97271334375 0.6974893921875001 0.9765440828124999 0.7083186 0.9756600671875001 0.714064709375 0.9665252234375 0.7136227015625 0.9591584171875001 0.7038985156249999 0.9582743984375 0.6915222765625 0.96151579375
1 0.532249703125 0.6844885453125 0.521141884375 0.6756022921875 0.5118853671875 0.6723933640624999 0.505220675 0.6701718 0.49892624375 0.66227290625 0.499111375 0.6694312796874999 0.49374259531250003 0.6733807265625 0.50540580625 0.6760959703125 0.51151510625 0.683748025 0.5237337078125 0.6960900484375 0.538544134375 0.70201421875 0.5407656984375 0.69362164375 0.532249703125 0.6844885453125
1 0.6699866703125 0.7965541078125 0.6681353671875 0.7834715640625001 0.66295171875 0.7679206171875 0.661470675 0.7580469984375 0.66165580625 0.7447176140625 0.6644327609375 0.7350908375 0.65276955 0.7318819125 0.6573978078125 0.7457049765625 0.657027546875 0.756072275 0.6566572875000001 0.77754739375 0.65906398125 0.7901362562500001 0.6638773703124999 0.8081556078125001 0.66776510625 0.8103771734375 0.6699866703125 0.7965541078125
1 0.6561018953125 0.9155312 0.653324940625 0.8967713265624999 0.64388329375 0.8844293046875 0.63629295 0.8804798578125 0.6279620859375 0.8859103484374999 0.6227784359374999 0.8785051328125 0.6131516593749999 0.8713467609375 0.6101895734375 0.8787519749999999 0.6070423578125 0.8868977078125001 0.615558353125 0.89183451875 0.6218527843749999 0.9004739328125 0.6283323453125 0.8999802515624999 0.638144253125 0.9103475515625 0.6472156390625 0.91503751875 0.6561018953125 0.9155312
1 0.458012440625 0.8190165875 0.458012440625 0.8108708515625 0.450607228125 0.801244075 0.43912914687500004 0.7918641390625 0.425429503125 0.7871741703125 0.42154176562499995 0.78495260625 0.4174688984375 0.78075631875 0.4180242890625 0.7856931265625 0.4145068125 0.7898894140625 0.418949940625 0.7911236171875 0.4217268953125 0.79852883125 0.42894697812500004 0.8061808859375 0.43727784375 0.8140797796875001 0.44857079375 0.8180292250000001 0.458012440625 0.8190165875
1 0.456901659375 0.84468799375 0.4482005328125 0.8367891000000001 0.4406101890625 0.83629541875 0.43727784375 0.8469095578125 0.4474600125 0.85727685625 0.455605746875 0.8612263046875 0.45301392187499995 0.8649289109374999 0.46560278437499997 0.86665679375 0.4761552125 0.8664099515625001 0.47597008281250003 0.8575236953125 0.4717120859375 0.8471563984375001 0.456901659375 0.84468799375
1 0.3423059828125 0.68695695 0.3349007703125 0.6815264609375 0.31972008281250003 0.68103278125 0.31694312812500003 0.66844391875 0.3154620859375 0.6756022921875 0.3152769546875 0.68843799375 0.32231190781249996 0.6941153234375 0.3249037328125 0.68522906875 0.32601451406250004 0.6914000796875001 0.335826421875 0.69164691875 0.34267624375 0.6933748015625001 0.3423059828125 0.68695695
1 0.3276806875 0.7037421015625 0.3391587671875 0.7064573453125 0.34915580625 0.7049763046875 0.3502665875 0.6990521328125 0.34138033125 0.6941153234375 0.32582938437500003 0.6918937609375 0.3250888625 0.6879443125 0.3236078203125 0.69683056875 0.3276806875 0.7037421015625
1 0.2801021921875 0.6583234609375 0.27454828125 0.6521524484375 0.26714306875 0.6504245640625 0.2610337671875 0.6551145328125 0.26973489375000004 0.6640007890625 0.27843601875 0.6711591625 0.2851007109375 0.67264020625 0.2845453203125 0.6642476312500001 0.2801021921875 0.6583234609375
1 0.391365521875 0.6398104265625 0.3815536140625 0.6336394140625 0.37599970312500003 0.6264810421875 0.37729561562499997 0.6353672984375 0.3741484 0.6427725125 0.3802577015625 0.6403041078125 0.38562648125 0.6469688 0.393772215625 0.655361375 0.4017328203125 0.6575829375 0.40080716875 0.650177725 0.391365521875 0.6398104265625
1 0.5559463859375 0.8323459703125 0.544838565625 0.8350612171874999 0.5420616109374999 0.8303712484375 0.5403954390625 0.8350612171874999 0.53058353125 0.8402448671875 0.5233634484375 0.8382701421875 0.5276214453125 0.8427132703125 0.5246593609375 0.8491311203125 0.531138921875 0.8459221953125 0.5428021328125 0.8474032390625 0.5548356046875 0.8469095578125 0.56316646875 0.8444411546874999 0.565017771875 0.8380233015625 0.5559463859375 0.8323459703125
1 0.41932020156250005 0.9809439187500001 0.40932316406249997 0.9861275671874999 0.40191794999999997 0.9920517375 0.3998815171875 0.9962480250000001 0.42598489375000004 0.9964948671875 0.43487115000000004 0.98514020625 0.4343157578125 0.9777349921875 0.42987262968750006 0.9752665875 0.41932020156250005 0.9809439187500001
1 0.43912914687500004 0.9735387046874999 0.43690758281250003 0.9616903625000001 0.43283471562500003 0.967861375 0.43487115000000004 0.9777349921875 0.43875888593749995 0.9841528437499999 0.4461641 0.98514020625 0.45727191874999995 0.9843996828125 0.4646771328125 0.97896919375 0.4720823453125 0.9737855453125001 0.46930539062500004 0.967861375 0.45967861406250005 0.9681082140624999 0.4519031390625 0.9737855453125001 0.44320201406250004 0.9752665875 0.43912914687500004 0.9735387046874999
1 0.48226451406250004 0.7972946296875 0.47374851875 0.7911236171875 0.4670838265625 0.7876678515625 0.4544949640625 0.7819905203124999 0.4461641 0.778041075 0.450422096875 0.7834715640625001 0.4469046203125 0.7876678515625 0.454865225 0.7886552124999999 0.4622704390625 0.7992693515625 0.4720823453125 0.8066745640624999 0.4804132109375 0.8093898109375001 0.4861522515625 0.806427725 0.48226451406250004 0.7972946296875
1 0.5339158765625001 0.8570300171874999 0.5213270140625 0.8518463671875001 0.509663803125 0.84468799375 0.50540580625 0.8355548984375 0.5017031984375 0.8496248015625 0.5081827609375 0.8496248015625 0.51799466875 0.8590047390625 0.528732228125 0.8693720375 0.5378036140625 0.8748025265624999 0.5502073453125 0.8777646125 0.5440980453125001 0.8664099515625001 0.5339158765625001 0.8570300171874999
1 0.5024437203125001 0.8419727484375 0.4935574640625 0.8360485796875 0.48319016562500006 0.8242002375 0.47652547343749996 0.8153139812499999 0.47504443125 0.8175355453125001 0.48022808125000005 0.8293838859375 0.4859671203125 0.8439474734375001 0.500962678125 0.8557958140625 0.5126258890625001 0.861966825 0.5189203203125 0.8617199828125001 0.5081827609375 0.8506121640625001 0.500777546875 0.8506121640625001 0.5024437203125001 0.8419727484375
1 0.4909656390625 0.85628949375 0.49152103125 0.8501184828125 0.48744816406249997 0.8469095578125 0.48337529687499997 0.856783175 0.48004294999999997 0.8681378359374999 0.4804132109375 0.8827014203125 0.48337529687499997 0.8893661140625 0.48744816406249997 0.88665086875 0.4985559828125 0.8780114546875 0.497074940625 0.8654225921875 0.4909656390625 0.85628949375
1 0.5500222156250001 0.9663803312500001 0.54928169375 0.9602093203125 0.538544134375 0.9483609796874999 0.5378036140625 0.9387342015625 0.5331753546875 0.9451520546875001 0.52410396875 0.9397215640625 0.5142920609375 0.9362657984375 0.4985559828125 0.9320695109375 0.5024437203125001 0.9399684046875001 0.50262885 0.9486078203125 0.507257109375 0.9446583734375 0.5166987562500001 0.9488546609374999 0.5265106640624999 0.9572472359375 0.5270660546875 0.9616903625000001 0.5378036140625 0.9658866500000001 0.5500222156250001 0.9663803312500001
1 0.5598341234374999 0.8042061609375001 0.55705716875 0.7990225125 0.5557612562500001 0.8039593203125 0.5496519546874999 0.8074150875000001 0.538544134375 0.8113645328124999 0.54187648125 0.8160545015625 0.54058056875 0.8192634265625 0.548726303125 0.8170418640625 0.5592787328125 0.8175355453125001 0.5742742890625 0.8185229062499999 0.5748296796875 0.80593404375 0.570201421875 0.8044530015625 0.5598341234374999 0.8042061609375001
1 0.6272215640625001 0.83530805625 0.615558353125 0.8234597171875 0.6013033171875 0.8158076624999999 0.5855672390625 0.8153139812499999 0.58075385 0.8123518953125 0.5761255921874999 0.80790876875 0.5761255921874999 0.82049763125 0.5816795031249999 0.8207444703125001 0.59093601875 0.8291370453125 0.6009330562499999 0.83308649375 0.6101895734375 0.8390106625 0.6237040875 0.8424664296875 0.6294431281249999 0.8451816750000001 0.6272215640625001 0.83530805625
1 0.6196312203125001 0.8432069500000001 0.6059315765625 0.8382701421875 0.599266884375 0.8343206953125 0.599081753125 0.8449348328124999 0.6029694906249999 0.8439474734375001 0.6105598343749999 0.8506121640625001 0.6183353078125 0.85628949375 0.6248148703124999 0.8580173765625 0.6311093015625 0.8548084515625 0.625555390625 0.8461690359375 0.6196312203125001 0.8432069500000001
1 0.495779028125 0.9130627953125 0.49318720312500003 0.9098538703125 0.482634775 0.9078791484375 0.4620853078125 0.9081259875000001 0.45375444375 0.9083728265625 0.4578273109375 0.9118285937499999 0.45505035468750005 0.9162717234375 0.46245556875 0.9155312 0.4722674765625 0.9209616890625 0.48670764218749996 0.9241706171875 0.49022511875 0.9184932859374999 0.49115077031250004 0.9135564765625 0.495779028125 0.9130627953125
1 0.6568424171875 0.8469095578125 0.658323459375 0.8412322265625001 0.649437203125 0.8333333328125001 0.638329384375 0.8308649296875 0.62388921875 0.8308649296875 0.6285174765625 0.8343206953125 0.6309241703125 0.8409853875 0.6372186015625 0.8439474734375001 0.6479561609375 0.8439474734375001 0.6496223343749999 0.8483905999999999 0.6568424171875 0.8469095578125
1 0.7181205562499999 0.7822373625 0.7131220375 0.7723637437499999 0.7071978671875 0.7797689578125 0.702384478125 0.7926046609374999 0.69942239375 0.80272511875 0.6970156984375 0.8138329375 0.6977562203125001 0.81951026875 0.7060870859375 0.8093898109375001 0.711270734375 0.7990225125 0.7140476890625 0.7856931265625 0.7181205562499999 0.7822373625
1 0.825 0.4931034484375 0.814655171875 0.4916666671875 0.8081351218749999 0.4862516875 0.80655364375 0.49806005468750003 0.8138284406249999 0.50059041875 0.82521508125 0.5048076921875 0.839655171875 0.5091954015625 0.8491379312499999 0.5051724140625 0.842456896875 0.49741379375 0.83491379375 0.49770115 0.825 0.4931034484375
1 0.7172413796875 0.771551725 0.71616379375 0.7655172421875001 0.7086206890625 0.7586206890625 0.7017241375000001 0.7594827578125 0.6965517234374999 0.7571839078125 0.69375 0.75 0.6846982765625 0.751149425 0.6909482765625 0.7617816078125 0.6939655171875 0.7660919546875 0.700431034375 0.7692528734375 0.6997844828125 0.77701149375 0.7056034484375 0.77183908125 0.7127155171874999 0.7721264375 0.715517240625 0.773850575 0.7172413796875 0.771551725
1 0.7193965515625 0.748850575 0.728232759375 0.75143678125 0.73491379375 0.74798850625 0.73125 0.7399425296875 0.7232758625 0.7344827578124999 0.7066810343750001 0.7344827578124999 0.707543103125 0.7399425296875 0.7116379312500001 0.7454022984375 0.7193965515625 0.748850575
1 0.7465517234375 0.7129310359375001 0.738793103125 0.7163793109375 0.7364224140625 0.728448275 0.74008620625 0.7362068953125 0.7482758625 0.7318965515625 0.7538793109374999 0.7201149421874999 0.7534482765625 0.7137931046875 0.7614224140625 0.7103448265625001 0.7543103453125 0.7048850578125 0.7465517234375 0.7129310359375001
1 0.7122844828125 0.72528735625 0.7017241375000001 0.72528735625 0.6920258625 0.72126436875 0.69288793125 0.7330459765625 0.70086206875 0.7339080453125 0.7079741375 0.7339080453125 0.7243534484375 0.7318965515625 0.7284482765625 0.7301724140625 0.7265086203125 0.7215517250000001 0.7189655171875 0.7232758625 0.7122844828125 0.72528735625
1 0.6377155171875 0.5669540234375 0.6329741375 0.5683908046874999 0.6243534484375 0.5658045984375 0.6247844828125 0.5744252875 0.6288793109374999 0.5755747125 0.6295258625 0.5830459765625 0.6355603453125 0.5919540234375 0.64116379375 0.59913793125 0.642456896875 0.5879310359375001 0.6375 0.5721264374999999 0.6377155171875 0.5669540234375
1 0.530684621875 0.7740542765625 0.53402549375 0.78125 0.54019325625 0.7826206140624999 0.5545847046875 0.78604715 0.5651213 0.7894736828125 0.56640625 0.783648575 0.564864309375 0.7791940796875 0.5473889796875 0.7692571265625 0.53890830625 0.7613760953125001 0.5293996703125 0.75623629375 0.530684621875 0.7740542765625
1 0.3867701484375 0.5280290562500001 0.3816303453125 0.5280290562500001 0.3764905421875 0.5201480265625 0.3746916125 0.5307702859375001 0.3798314140625 0.54139254375 0.3911389796875 0.546875 0.3978207234375 0.549273575 0.4052734375 0.5410498890625 0.4122121703125 0.544476425 0.41041324062499995 0.5314555921874999 0.39859169375 0.5348821265625 0.395250821875 0.529742325 0.3867701484375 0.5280290562500001
1 0.2461965453125 0.5612664484375001 0.250565378125 0.5612664484375001 0.2608449828125 0.5670915562500001 0.27163856875 0.56949013125 0.2690686671875 0.5568119515625 0.2598170234375 0.5544133765625 0.2461965453125 0.5557839921875 0.2461965453125 0.5612664484375001
1 0.24722450624999998 0.53762335625 0.2402857734375 0.549273575 0.244397615625 0.5537280703125 0.2587890625 0.5533854171875 0.2713815796875 0.5554413375 0.2770353625 0.549273575 0.2757504109375 0.5362527421875 0.2646998359375 0.5324835515624999 0.24722450624999998 0.53762335625
1 0.306075246875 0.5112390359375001 0.2965666125 0.5122669953125001 0.2916838 0.51706414375 0.3032483546875 0.52425986875 0.310958059375 0.5239172140624999 0.3186677625 0.5167214921875 0.314041940625 0.5112390359375001 0.306075246875 0.5112390359375001
1 0.1688425171875 0.5479029609375 0.1683285359375 0.5379660078125 0.167300575 0.52734375 0.162674753125 0.52734375 0.15933388125 0.5372807015625 0.15804893125 0.5485882671875 0.164730675 0.55167215 0.1688425171875 0.5479029609375
1 0.0966282890625 0.86725603125 0.0997121703125 0.85868969375 0.0920024671875 0.8580043859375 0.0804379109375 0.8634868421874999 0.074784128125 0.8693119515625 0.066817434375 0.8717105265624999 0.073499178125 0.8761650234375 0.0727282078125 0.8830180921874999 0.0822368421875 0.8747944078125001 0.089432565625 0.8741091000000001 0.0966282890625 0.86725603125
1 0.0922594578125 0.83915844375 0.0776110203125 0.8336759875 0.07992393125 0.8388157890624999 0.0773540296875 0.84292763125 0.083264803125 0.8418996703125 0.0871196546875 0.8508086625000001 0.0935444078125 0.8549205046875 0.0984272203125 0.8559484640624999 0.0986842109375 0.84772478125 0.0922594578125 0.83915844375
1 0.16781455625 0.7791940796875 0.16909950625 0.7706277421875 0.1606188328125 0.7665159 0.151624178125 0.76959978125 0.152909128125 0.7805646937499999 0.15933388125 0.7829632671875 0.16781455625 0.7791940796875
1 0.10947779531249999 0.6404194078125001 0.10562294375 0.63904879375 0.10639391406250001 0.64761513125 0.11050575625 0.6465871703125 0.11872944062499999 0.6486430921874999 0.128238075 0.6489857453125001 0.1323499171875 0.6441885953125001 0.126953125 0.6380208328125 0.116930509375 0.63665021875 0.10947779531249999 0.6404194078125001
1 0.322265625 0.4845120609375 0.317639803125 0.48519736875 0.322265625 0.4923930921875 0.3245785359375 0.49067982499999996 0.3307463 0.49170778593750003 0.33871299375 0.48999451718750003 0.343081825 0.48554002343749997 0.340254934375 0.47868695156249996 0.3310032890625 0.4807428734375 0.322265625 0.4845120609375