1 0.4534455125 0.5384615375 0.446233975 0.5331196578124999 0.43261217968750004 0.5341880328124999 0.4422275640625 0.5491453 0.45665064062500005 0.5555555562500001 0.4678685890625 0.5598290609375 0.468669871875 0.550213675 0.46386217968750004 0.5438034187499999 0.4534455125 0.5384615375
1 0.5263621796875 0.5608974359375 0.5151442312500001 0.5630341875 0.5271634609375 0.574786325 0.5383814109375 0.5758547 0.5495993593749999 0.574786325 0.5487980765625 0.56837606875 0.5415865390625 0.5630341875 0.5263621796875 0.5608974359375
1 0.5768429484375 0.5694444437499999 0.5704326921875 0.5801282046875 0.5784455125 0.5833333328125 0.6008814109375 0.5854700859374999 0.6072916671875 0.5758547 0.5976762828125 0.5694444437499999 0.5872596156250001 0.5673076921875 0.5768429484375 0.5694444437499999
1 0.594471153125 0.5876068375 0.5824519234375 0.5865384625 0.5704326921875 0.59294871875 0.5856570515625 0.599358975 0.600080128125 0.6036324796875 0.6185096156250001 0.6036324796875 0.61610576875 0.59294871875 0.606490384375 0.5908119671875001 0.594471153125 0.5876068375
1 0.525560896875 0.6356837609375 0.5207532046875001 0.6517094015625 0.5383814109375 0.650641025 0.556810896875 0.6527777765625 0.560016025 0.6420940171875 0.5479967953125 0.6367521375 0.5391826921875 0.6335470078125 0.525560896875 0.6356837609375
1 0.4959134609375 0.6581196578124999 0.48790064062500005 0.6645299140625001 0.4991185890625 0.675213675 0.5175480765625 0.6837606828125 0.5175480765625 0.675213675 0.5135416671875 0.6688034187499999 0.5071314109375 0.6623931625 0.4959134609375 0.6581196578124999
1 0.6697916671875 0.5491453 0.664983975 0.5405982890625001 0.6577724359375 0.5373931625 0.6449519234375 0.5352564109375 0.636939103125 0.5352564109375 0.6273237171875 0.53098290625 0.6201121796875 0.5202991453125 0.6185096156250001 0.5341880328124999 0.6120993593749999 0.5480769234375 0.625721153125 0.5459401703125 0.6321314109375 0.5480769234375 0.6609775640625 0.5544871796875 0.6697916671875 0.5491453
1 0.7114583328124999 0.525641025 0.7018429484375 0.5160256421875 0.6890224359375 0.5160256421875 0.6762019234375 0.5138888890625 0.668189103125 0.50534188125 0.6673878203125 0.51923076875 0.668189103125 0.5267094015625 0.6762019234375 0.5267094015625 0.690625 0.53098290625 0.7058493593749999 0.5331196578124999 0.7114583328124999 0.525641025
1 0.7114583328124999 0.5758547 0.6986378203125 0.5811965812500001 0.7122596156250001 0.5918803421875001 0.721875 0.5961538453124999 0.737900640625 0.5961538453124999 0.7387019234375 0.5844017109374999 0.725080128125 0.5790598296875 0.7114583328124999 0.5758547
1 0.7387019234375 0.6175213671875001 0.72828525625 0.6132478625 0.716266025 0.61965811875 0.731490384375 0.6335470078125 0.7483173078124999 0.6388888890625 0.7659455125 0.6420940171875 0.7675480765625 0.6335470078125 0.7547275640625 0.625 0.7387019234375 0.6175213671875001
1 0.696233975 0.650641025 0.7122596156250001 0.6549145296875001 0.719471153125 0.6517094015625 0.7122596156250001 0.6410256421875 0.696233975 0.6356837609375 0.6802083328124999 0.63034188125 0.696233975 0.650641025
1 0.675400640625 0.6762820515625 0.693028846875 0.6794871796875 0.7050480765625 0.675213675 0.6954326921875 0.6645299140625001 0.681810896875 0.6613247859375 0.6665865390625 0.6613247859375 0.675400640625 0.6762820515625
1 0.668990384375 0.6848290609375 0.6481570515625 0.6826923078125 0.6401442312500001 0.6880341875 0.656971153125 0.6987179484375 0.668990384375 0.7029914515625 0.6898237171875 0.7040598296875 0.6890224359375 0.6955128203125 0.6794070515625 0.6901709390625 0.668990384375 0.6848290609375
1 0.69703525625 0.7019230765625 0.6898237171875 0.7115384625 0.7050480765625 0.72542735 0.7170673078124999 0.7286324796875 0.7266826921875 0.72542735 0.7202724359375 0.7158119671875001 0.7082532046875001 0.70726495625 0.69703525625 0.7019230765625
1 0.769150640625 0.7564102562499999 0.7683493593749999 0.7702991453125 0.781971153125 0.7788461546875001 0.7963942312500001 0.7841880328124999 0.8028044875000001 0.775641025 0.7947916671875 0.7735042734375 0.787580128125 0.7660256421875 0.769150640625 0.7564102562499999
1 0.883733975 0.6709401703125 0.8765224359375001 0.6666666671875 0.86610576875 0.6634615375 0.8580929484375 0.6591880328124999 0.8596955124999999 0.6762820515625 0.8709134609375001 0.6805555562500001 0.8909455124999999 0.6891025640625 0.9045673078125 0.6869658125 0.9013621796875 0.6805555562500001 0.893349359375 0.6741453 0.883733975 0.6709401703125
1 0.8084134609375001 0.6581196578124999 0.7923878203125 0.65598290625 0.7835737171875 0.6581196578124999 0.793990384375 0.6698717953125 0.8084134609375001 0.6741453 0.8236378203125 0.6741453 0.8268429484375 0.6666666671875 0.8204326921874999 0.6613247859375 0.8084134609375001 0.6581196578124999
1 0.8116185890625 0.5886752140625 0.80360576875 0.6025641015625001 0.8172275640625 0.6068376062499999 0.8316506406249999 0.6089743578125 0.841266025 0.6014957265625 0.838060896875 0.59401709375 0.8292467953125 0.5908119671875001 0.8116185890625 0.5886752140625
1 0.852483975 0.5405982890625001 0.8396634609375001 0.5405982890625001 0.8476762828125001 0.5534188046875 0.855689103125 0.5555555562500001 0.869310896875 0.5651709390625 0.8773237171874999 0.5630341875 0.872516025 0.5534188046875 0.8612980765625 0.5470085484375 0.852483975 0.5405982890625001
1 0.931810896875 0.5726495734375 0.918189103125 0.5641025640625 0.906169871875 0.5598290609375 0.8909455124999999 0.55662393125 0.878125 0.55662393125 0.8789262828125001 0.5608974359375 0.8901442312500001 0.5758547 0.9101762828125001 0.5811965812500001 0.9205929484375 0.5811965812500001 0.9334134609375001 0.5801282046875 0.931810896875 0.5726495734375
1 0.9141826921874999 0.50534188125 0.8957532046875001 0.5032051296875 0.878125 0.5085470078125 0.8909455124999999 0.5181623937500001 0.909375 0.5224358984374999 0.9302083328125 0.5235042734375 0.931009615625 0.5160256421875 0.924599359375 0.5085470078125 0.9141826921874999 0.50534188125
1 0.9967147437499999 0.4786324796875 0.9862980765625 0.47542735 0.974278846875 0.4722222234375 0.9654647437499999 0.4711538453125 0.9566506406249999 0.46901709374999995 0.9614583328125 0.48183760624999994 0.9766826921874999 0.49145299218750005 0.9887019234375 0.49145299218750005 0.9984375 0.49791666718750005 0.9984375 0.4791666671875 0.9967147437499999 0.4786324796875
1 0.8861378203125 0.42841880468750004 0.8669070515625 0.4230769234375 0.852483975 0.42200854843749996 0.86610576875 0.4380341875 0.881330128125 0.44337606875 0.893349359375 0.4476495734375 0.899759615625 0.44230769218750005 0.8965544875000001 0.43269230781249995 0.8861378203125 0.42841880468750004
1 0.852483975 0.44658119531249996 0.83485576875 0.44551282031249995 0.8292467953125 0.4594017109375 0.8476762828125001 0.4658119671875 0.869310896875 0.474358975 0.880528846875 0.4722222234375 0.875721153125 0.45726495624999997 0.8717147437499999 0.4487179484375 0.852483975 0.44658119531249996
1 0.77796474375 0.38034188125 0.7659455125 0.38034188125 0.750721153125 0.375 0.7354967953125 0.3792735046875 0.747516025 0.3920940171875 0.75953525625 0.3952991453125 0.77235576875 0.3963675203125 0.784375 0.3963675203125 0.7915865390625 0.3878205125 0.77796474375 0.38034188125
1 0.7210737171875 0.39957265 0.713060896875 0.3963675203125 0.696233975 0.3974358984375 0.69703525625 0.4123931625 0.7122596156250001 0.4166666671875 0.7266826921875 0.41987179531249996 0.7419070515625 0.41773504375000003 0.74671474375 0.4113247859375 0.7346955125 0.4081196578125 0.7210737171875 0.39957265
1 0.7635416671875 0.45726495624999997 0.750721153125 0.45726495624999997 0.7547275640625 0.46901709374999995 0.7763621796875 0.4786324796875 0.7947916671875 0.48183760624999994 0.7963942312500001 0.474358975 0.7835737171875 0.4658119671875 0.7635416671875 0.45726495624999997
1 0.7427083328124999 0.4732905984375 0.7338942312500001 0.4700854703125 0.7234775640625 0.4732905984375 0.7322916671875 0.48504273593749997 0.7435096156250001 0.4871794875 0.7579326921875 0.4882478625 0.7611378203125 0.48290598281249997 0.753125 0.4786324796875 0.7427083328124999 0.4732905984375
1 0.675400640625 0.41773504375000003 0.6802083328124999 0.43376068281249996 0.696233975 0.43589743593749997 0.7082532046875001 0.43376068281249996 0.7074519234375 0.4262820515625 0.6978365390625 0.4230769234375 0.6858173078124999 0.41987179531249996 0.675400640625 0.41773504375000003
1 0.681810896875 0.44444444375 0.687419871875 0.46153846249999997 0.700240384375 0.4647435890625 0.7138621796875 0.4668803421875 0.718669871875 0.4594017109375 0.7042467953125 0.4508547 0.693830128125 0.44658119531249996 0.681810896875 0.44444444375
1 0.605689103125 0.4797008546875 0.5920673078124999 0.47542735 0.5864583328124999 0.4732905984375 0.5736378203125 0.47542735 0.5808493593749999 0.49145299218750005 0.6048878203125 0.49893162343749997 0.619310896875 0.49252136718750006 0.619310896875 0.48504273593749997 0.612900640625 0.48290598281249997 0.605689103125 0.4797008546875
1 0.596875 0.6773504265625 0.5824519234375 0.6784188046875 0.6008814109375 0.69337606875 0.612900640625 0.7008547 0.624919871875 0.7008547 0.622516025 0.6869658125 0.6104967953125 0.6805555562500001 0.596875 0.6773504265625
1 0.6008814109375 0.8066239312500001 0.594471153125 0.7980769234375 0.5808493593749999 0.7895299140625001 0.5664262828125 0.7895299140625001 0.5664262828125 0.8023504265625 0.574439103125 0.8076923078125 0.5824519234375 0.8119658125000001 0.6072916671875 0.8205128203125 0.6153044875 0.8173076921875 0.6008814109375 0.8066239312500001
1 0.539983975 0.7083333328125 0.5335737171875 0.7211538453124999 0.543189103125 0.7329059828125 0.556810896875 0.7403846140625 0.5664262828125 0.7361111109375 0.563221153125 0.7232905984375 0.5512019234375 0.71901709375 0.539983975 0.7083333328125
1 0.531169871875 0.7649572640625 0.5239583328124999 0.7660256421875 0.5079326921875 0.7606837609375 0.5159455125 0.7777777765625 0.528766025 0.78098290625 0.5463942312500001 0.78098290625 0.550400640625 0.7735042734375 0.5415865390625 0.7670940171875 0.531169871875 0.7649572640625
1 0.4830929484375 0.7606837609375 0.475080128125 0.7649572640625 0.468669871875 0.7702991453125 0.46546474375 0.78098290625 0.475080128125 0.78098290625 0.4830929484375 0.7767094015625 0.493509615625 0.7735042734375 0.5023237171875 0.7617521375 0.4959134609375 0.7585470078125 0.4830929484375 0.7606837609375
1 0.4614583328125 0.7831196578124999 0.4534455125 0.7852564109375 0.46706730781249994 0.8034188046875 0.4790865390625 0.8076923078125 0.48790064062500005 0.8087606828125 0.4895032046875 0.7991453 0.48229166718750005 0.7938034187499999 0.4702724359375 0.7852564109375 0.4614583328125 0.7831196578124999
1 0.5071314109375 0.5224358984374999 0.5135416671875 0.5341880328124999 0.52235576875 0.5341880328124999 0.5359775640625 0.5373931625 0.536778846875 0.5288461546875001 0.528766025 0.5267094015625 0.5135416671875 0.5224358984374999 0.5071314109375 0.5224358984374999
1 0.5199519234375 0.5096153859375 0.5103365390625 0.5042735046875 0.50953525625 0.5170940171875 0.519150640625 0.5213675203125 0.528766025 0.5235042734375 0.5383814109375 0.5235042734375 0.5391826921875 0.5181623937500001 0.528766025 0.5117521375 0.5199519234375 0.5096153859375
1 0.543189103125 0.3910256421875 0.5495993593749999 0.39957265 0.55921474375 0.40598290625000005 0.57203525625 0.40598290625000005 0.5808493593749999 0.4038461546875 0.5696314109375 0.3952991453125 0.556810896875 0.3910256421875 0.543189103125 0.3910256421875
1 0.5495993593749999 0.36965811875 0.5544070515625 0.3856837609375 0.5696314109375 0.3878205125 0.5784455125 0.3835470078125 0.5736378203125 0.37393162343749997 0.5672275640625 0.37286324843749996 0.560016025 0.36965811875 0.5495993593749999 0.36965811875
1 0.503125 0.2948717953125 0.5143429484375 0.2873931625 0.5015224359375 0.28311965781250004 0.48790064062500005 0.2841880328125 0.493509615625 0.29273504375 0.503125 0.2948717953125
1 0.4702724359375 0.29059828906249996 0.4895032046875 0.30555555624999997 0.5015224359375 0.30555555624999997 0.50953525625 0.2980769234375 0.5039262828125 0.29273504375 0.4895032046875 0.29059828906249996 0.4830929484375 0.29059828906249996 0.4702724359375 0.29059828906249996
1 0.43581730781249994 0.29594017031250003 0.43581730781249994 0.30662393125 0.44463141093749997 0.3087606828125 0.4590544875 0.3087606828125 0.46546474375 0.300213675 0.455849359375 0.2991453 0.44543269218750003 0.2991453 0.43581730781249994 0.29594017031250003
1 0.36450320468749997 0.3974358984375 0.3709134609375 0.3985042734375 0.3893429484375 0.400641025 0.38213141093749997 0.3878205125 0.3701121796875 0.3846153859375 0.3572916671875 0.3846153859375 0.36450320468749997 0.3974358984375
1 0.43181089687499996 0.3675213671875 0.446233975 0.37393162343749997 0.45745192343749996 0.37179487031249997 0.45745192343749996 0.36004273593749997 0.44703525624999996 0.36004273593749997 0.43501602500000003 0.35683760625 0.43181089687499996 0.3675213671875
1 0.437419871875 0.38141025625 0.43822115312500004 0.400641025 0.4534455125 0.4027777765625 0.468669871875 0.4038461546875 0.47267628281249996 0.39316239375 0.462259615625 0.3867521375 0.4518429484375 0.3856837609375 0.437419871875 0.38141025625
1 0.44463141093749997 0.42841880468750004 0.4590544875 0.43162393125 0.4678685890625 0.425213675 0.462259615625 0.41773504375000003 0.4518429484375 0.41880341874999993 0.4390224359375 0.4166666671875 0.44463141093749997 0.42841880468750004
1 0.49831730781249994 0.4604700859375 0.5071314109375 0.4583333328125 0.5151442312500001 0.4540598296875 0.506330128125 0.449786325 0.49831730781249994 0.449786325 0.487099359375 0.449786325 0.49831730781249994 0.4604700859375
1 0.47828525624999996 0.4775641015625 0.4614583328125 0.4764957265625 0.4646634609375 0.4903846140625 0.4798878203125 0.49679487031249997 0.4991185890625 0.5 0.512740384375 0.49145299218750005 0.5079326921875 0.4861111109375 0.49431089687499996 0.4839743578125 0.47828525624999996 0.4775641015625
1 0.446233975 0.43482906093749996 0.4390224359375 0.4369658125 0.4478365390625 0.4519230765625 0.46065705156250003 0.4508547 0.471875 0.44658119531249996 0.474278846875 0.43482906093749996 0.46386217968750004 0.43482906093749996 0.4534455125 0.43482906093749996 0.446233975 0.43482906093749996
1 0.362900640625 0.4508547 0.352483975 0.45619658125000007 0.35889423125 0.4700854703125 0.3789262828125 0.4786324796875 0.3861378203125 0.46901709374999995 0.3797275640625 0.4594017109375 0.37171474375 0.4540598296875 0.362900640625 0.4508547
1 0.437419871875 0.4476495734375 0.43261217968750004 0.4476495734375 0.4278044875 0.4487179484375 0.4334134609375 0.4647435890625 0.44463141093749997 0.4700854703125 0.45665064062500005 0.4722222234375 0.462259615625 0.4658119671875 0.45264423125000003 0.45726495624999997 0.44142628281249996 0.4519230765625 0.437419871875 0.4476495734375
1 0.43261217968750004 0.4775641015625 0.42620192343749996 0.4871794875 0.4366185890625 0.49893162343749997 0.4478365390625 0.5010683765625 0.4550480765625 0.49679487031249997 0.45024038437499997 0.4871794875 0.440625 0.4839743578125 0.43261217968750004 0.4775641015625
1 0.39495192343749996 0.5170940171875 0.39575320468749997 0.5085470078125 0.3853365390625 0.5010683765625 0.3701121796875 0.49465811875 0.368509615625 0.5096153859375 0.39495192343749996 0.5170940171875
1 0.3861378203125 0.55662393125 0.39815705156250003 0.5587606828125 0.40376602500000003 0.5534188046875 0.3965544875 0.5459401703125 0.38774038437499997 0.5416666671875 0.38213141093749997 0.5352564109375 0.3861378203125 0.55662393125
1 0.39495192343749996 0.5673076921875 0.40136217968750004 0.5811965812500001 0.409375 0.5854700859374999 0.4205929484375 0.5908119671875001 0.42139423125000003 0.5833333328125 0.41578525624999996 0.574786325 0.406169871875 0.5705128203125 0.39495192343749996 0.5673076921875
1 0.4582532046875 0.60042735 0.45104166718750005 0.6132478625 0.4734775640625 0.6271367515625 0.48149038437499997 0.6260683765625 0.48229166718750005 0.6175213671875001 0.47828525624999996 0.6100427359375 0.468669871875 0.6079059828125 0.4582532046875 0.60042735
1 0.475080128125 0.6666666671875 0.4678685890625 0.6645299140625001 0.45745192343749996 0.66773504375 0.455849359375 0.6826923078125 0.46386217968750004 0.6848290609375 0.477483975 0.6826923078125 0.48790064062500005 0.6826923078125 0.4895032046875 0.6730769234375 0.48229166718750005 0.66773504375 0.475080128125 0.6666666671875
1 0.406169871875 0.60576923125 0.39334935937500004 0.60576923125 0.39495192343749996 0.61965811875 0.4021634609375 0.6228632484375 0.41338141093749997 0.6228632484375 0.4237980765625 0.6207264953125 0.418189103125 0.6100427359375 0.412580128125 0.60576923125 0.406169871875 0.60576923125
1 0.48149038437499997 0.71901709375 0.48790064062500005 0.7286324796875 0.4991185890625 0.73076923125 0.506330128125 0.73076923125 0.5135416671875 0.7264957265625 0.506330128125 0.71901709375 0.49431089687499996 0.7168803421875001 0.48149038437499997 0.71901709375
1 0.3268429484375 0.5032051296875 0.33084935937500004 0.51923076875 0.3388621796875 0.51923076875 0.3516826921875 0.5138888890625 0.344471153125 0.5106837609375 0.3388621796875 0.5042735046875 0.331650640625 0.5074786328124999 0.3268429484375 0.5032051296875
1 0.36209935937500004 0.5459401703125 0.355689103125 0.5459401703125 0.3460737171875 0.5470085484375 0.3580929484375 0.5608974359375 0.36770833281250004 0.5608974359375 0.37491987187500003 0.5608974359375 0.3765224359375 0.5534188046875 0.3701121796875 0.5470085484375 0.36209935937500004 0.5459401703125
1 0.33645833281250004 0.5715811953125 0.3284455125 0.5758547 0.34366987187500003 0.5865384625 0.35328525625 0.5897435890625 0.3596955125 0.5854700859374999 0.35649038437499997 0.5790598296875 0.346875 0.574786325 0.33645833281250004 0.5715811953125
1 0.4237980765625 0.6410256421875 0.4109775640625 0.6378205125 0.4021634609375 0.6420940171875 0.40697115312500004 0.650641025 0.42139423125000003 0.6623931625 0.43181089687499996 0.6688034187499999 0.4366185890625 0.6602564109375 0.4334134609375 0.64423076875 0.4237980765625 0.6410256421875
1 0.443028846875 0.6837606828125 0.45024038437499997 0.6805555562500001 0.443028846875 0.6762820515625 0.43181089687499996 0.6709401703125 0.4221955125 0.6762820515625 0.43501602500000003 0.6805555562500001 0.443028846875 0.6837606828125
1 0.41899038437499997 0.6901709390625 0.42540064062500005 0.7029914515625 0.43581730781249994 0.7061965812500001 0.443830128125 0.7061965812500001 0.4422275640625 0.699786325 0.4366185890625 0.69337606875 0.4302083328125 0.69337606875 0.41899038437499997 0.6901709390625
1 0.44463141093749997 0.7275641015625001 0.43822115312500004 0.7222222234375 0.43421474375 0.7329059828125 0.44703525624999996 0.74465811875 0.4590544875 0.7521367515625 0.46306089687499996 0.7435897437500001 0.4582532046875 0.7350427359375 0.45104166718750005 0.73076923125 0.44463141093749997 0.7275641015625001
1 0.39334935937500004 0.7382478625 0.383733975 0.74465811875 0.39575320468749997 0.7532051296875 0.406169871875 0.7542735046875 0.41899038437499997 0.7617521375 0.41338141093749997 0.7457264953125 0.4053685890625 0.7414529921875 0.39334935937500004 0.7382478625
1 0.3733173078125 0.7724358984374999 0.39014423125 0.7724358984374999 0.3965544875 0.7617521375 0.39014423125 0.7574786328124999 0.380528846875 0.7574786328124999 0.36770833281250004 0.7585470078125 0.3733173078125 0.7724358984374999
1 0.368509615625 0.6891025640625 0.36931089687499996 0.6826923078125 0.3612980765625 0.6784188046875 0.350080128125 0.6730769234375 0.3572916671875 0.6869658125 0.368509615625 0.6891025640625
1 0.3260416671875 0.5662393171875 0.324439103125 0.5544871796875 0.3116185890625 0.5470085484375 0.30120192343749996 0.5491453 0.3164262828125 0.5694444437499999 0.3260416671875 0.5662393171875
1 0.313221153125 0.56837606875 0.318830128125 0.5865384625 0.32764423125 0.59401709375 0.34126602500000003 0.599358975 0.3388621796875 0.5854700859374999 0.33084935937500004 0.5779914515625 0.324439103125 0.5726495734375 0.313221153125 0.56837606875
1 0.3204326921875 0.73076923125 0.33565705156250003 0.7382478625 0.3460737171875 0.7393162390625 0.34046474375 0.7275641015625001 0.3340544875 0.7222222234375 0.32524038437499997 0.7136752140625 0.3204326921875 0.73076923125
1 0.2715544875 0.5918803421875001 0.281971153125 0.6068376062499999 0.29959935937500004 0.6153846140625 0.30200320468749997 0.6079059828125 0.2923878203125 0.5961538453124999 0.284375 0.59401709375 0.2715544875 0.5918803421875001
1 0.26834935937500004 0.6463675203125 0.2803685890625 0.6591880328124999 0.289983975 0.6623931625 0.28838141093749997 0.650641025 0.27876602500000003 0.64423076875 0.27075320468749997 0.6346153859375 0.26834935937500004 0.6463675203125
1 0.26514423125 0.6645299140625001 0.2763621796875 0.6709401703125 0.27876602500000003 0.6613247859375 0.2771634609375 0.6527777765625 0.2643429484375 0.64957265 0.2579326921875 0.6474358984374999 0.26514423125 0.6645299140625001
1 0.286778846875 0.6826923078125 0.30520833281250004 0.6880341875 0.313221153125 0.6901709390625 0.3116185890625 0.6773504265625 0.30520833281250004 0.6720085484375 0.2915865390625 0.6666666671875 0.286778846875 0.6826923078125
1 0.22267628281250001 0.5299145296875001 0.22508012812499997 0.5405982890625001 0.23149038437499997 0.5555555562500001 0.244310896875 0.5619658125 0.2539262828125 0.5576923078125 0.2451121796875 0.5438034187499999 0.2346955125 0.5331196578124999 0.22267628281250001 0.5299145296875001
1 0.27075320468749997 0.58226495625 0.26995192343749996 0.5769230765625 0.261939103125 0.5694444437499999 0.24991987187500003 0.5630341875 0.2579326921875 0.5779914515625 0.27075320468749997 0.58226495625
1 0.2138621796875 0.58226495625 0.2146634609375 0.5737179484375 0.205849359375 0.5662393171875 0.196233975 0.55662393125 0.1986378203125 0.5790598296875 0.2138621796875 0.58226495625
1 0.21546474375 0.5854700859374999 0.2042467953125 0.5865384625 0.206650640625 0.5950854703124999 0.2210737171875 0.60576923125 0.22988782031250002 0.6111111109375 0.2330929484375 0.6036324796875 0.22427884687500002 0.5961538453124999 0.21546474375 0.5854700859374999
1 0.168990384375 0.625 0.164983975 0.6378205125 0.18421474375 0.64957265 0.19543269218749998 0.6538461546875001 0.1978365390625 0.6474358984374999 0.187419871875 0.6367521375 0.18020833281249998 0.6314102562499999 0.168990384375 0.625
1 0.1729967953125 0.6623931625 0.16578525625 0.6623931625 0.1577724359375 0.6634615375 0.1481570515625 0.6698717953125 0.161778846875 0.6762820515625 0.1729967953125 0.6826923078125 0.1834134609375 0.6837606828125 0.18421474375 0.675213675 0.17860576875 0.6688034187499999 0.1729967953125 0.6623931625
1 0.1898237171875 0.6901709390625 0.188221153125 0.7040598296875 0.1986378203125 0.7168803421875001 0.206650640625 0.7211538453124999 0.213060896875 0.7126068375 0.2042467953125 0.7029914515625 0.1978365390625 0.6976495734375 0.1898237171875 0.6901709390625
1 0.168990384375 0.7329059828125 0.17459935937499999 0.73076923125 0.1673878203125 0.7232905984375 0.162580128125 0.70726495625 0.1553685890625 0.71901709375 0.168990384375 0.7329059828125
1 0.2114583328125 0.7264957265625 0.20264423125 0.7297008546875 0.2114583328125 0.7489316234375 0.21866987187500003 0.7606837609375 0.22347756406250002 0.7596153859375 0.2210737171875 0.74465811875 0.2146634609375 0.7371794875 0.2114583328125 0.7264957265625
1 0.000721153125 0.9615384625000001 0.0207532046875 0.9647435890624999 0.028766025 0.96901709375 0.0351762828125 0.9775641015625001 0.0415865390625 0.9732905984375 0.039983975 0.9636752140624999 0.060016024999999994 0.9647435890624999 0.068830128125 0.9615384625000001 0.0672275640625 0.9412393171875 0.068028846875 0.9337606828125 0.075240384375 0.9316239312500001 0.0704326921875 0.9241453 0.06161858906249999 0.90705128125 0.0528044875 0.9017094015625 0.0455929484375 0.8878205124999999 0.033573717187500005 0.88141025625 0.0215544875 0.8824786328125 0.015144231250000001 0.89316239375 0.007131410937500001 0.8985042734375 0.0103365390625 0.9113247859375001 0.0079326921875 0.9294871796875 0.000721153125 0.9348290609375001 0.005528846875 0.949786325 0.000721153125 0.9615384625000001
3 0.855689103125 0.16880341875 0.8476762828125001 0.1634615375 0.83485576875 0.1591880328125 0.825240384375 0.16559828906250001 0.812419871875 0.1773504265625 0.8012019234375 0.1901709390625 0.793189103125 0.19337606875 0.784375 0.1869658125 0.775560896875 0.1794871796875 0.7603365390625 0.1720085484375 0.74671474375 0.16559828906250001 0.737900640625 0.1645299140625 0.7234775640625 0.1623931625 0.713060896875 0.1602564109375 0.6978365390625 0.1463675203125 0.690625 0.1410256421875 0.6762019234375 0.1474358984375 0.6721955125 0.15170940156249998 0.656971153125 0.1410256421875 0.6545673078124999 0.1260683765625 0.6449519234375 0.1228632484375 0.619310896875 0.1260683765625 0.6096955125 0.1356837609375 0.599278846875 0.13675213749999998 0.581650640625 0.13034188124999999 0.5728365390625 0.1260683765625 0.562419871875 0.1228632484375 0.5479967953125 0.11752136718749999 0.5335737171875 0.11965811875000001 0.525560896875 0.1239316234375 0.5159455125 0.11752136718749999 0.505528846875 0.12713675156249998 0.4927083328125 0.13141025625 0.4830929484375 0.1335470078125 0.4678685890625 0.1260683765625 0.45424679531249995 0.13034188124999999 0.44543269218750003 0.13888888906250002 0.43822115312500004 0.1602564109375 0.4390224359375 0.18055555625 0.42540064062500005 0.18910256406249998 0.414983975 0.19871794843749999 0.40376602500000003 0.20833333281250002 0.3861378203125 0.20726495625000002 0.3773237171875 0.21474358906250002 0.3653044875 0.22970085468749998 0.36370192343749996 0.24358974375 0.3580929484375 0.26495726406250003 0.35649038437499997 0.27991452968749997 0.35649038437499997 0.29380341875 0.3516826921875 0.3162393171875 0.349278846875 0.3397435890625 0.350080128125 0.3547008546875 0.33645833281250004 0.3664529921875 0.32764423125 0.3707264953125 0.32764423125 0.38141025625 0.32764423125 0.4027777765625 0.3108173078125 0.3985042734375 0.2987980765625 0.4113247859375 0.2915865390625 0.42948717968750005 0.281971153125 0.43376068281249996 0.27235576875 0.449786325 0.26834935937500004 0.4711538453125 0.2643429484375 0.4786324796875 0.2547275640625 0.49465811875 0.261939103125 0.5074786328124999 0.27315705156250003 0.51923076875 0.2603365390625 0.525641025 0.253125 0.5235042734375 0.24671474375 0.5128205125 0.22267628281250001 0.5064102562499999 0.20504807656250001 0.5224358984374999 0.187419871875 0.5299145296875001 0.1770032046875 0.5384615375 0.16578525625 0.5491453 0.15296474375 0.5758547 0.16017628281250001 0.6025641015625001 0.1417467953125 0.6143162390625 0.133733975 0.6388888890625 0.136939103125 0.6698717953125 0.1353365390625 0.7104700859374999 0.133733975 0.7371794875 0.1385416671875 0.75534188125 0.14334935937499999 0.78205128125 0.14895833281249998 0.7938034187499999 0.16017628281250001 0.8151709390624999 0.1794070515625 0.8226495734375 0.1866185890625 0.8226495734375 0.205849359375 0.8183760687499999 0.213060896875 0.8311965812500001 0.2034455125 0.8611111109375 0.22347756406250002 0.8717948703125 0.22668269218749998 0.8920940171874999 0.2322916671875 0.8878205124999999 0.23389423125 0.8717948703125 0.2387019234375 0.8514957265625 0.253125 0.86965811875 0.258733975 0.89316239375 0.2643429484375 0.9123931625000001 0.269150640625 0.9284188046875 0.26834935937500004 0.9604700859375 0.2795673078125 0.97542735 0.30440705156250003 0.99465811875 0.33565705156250003 0.9978632484375 0.3359375 0.9979166671874999 0.381330128125 0.9903846140624999 0.414983975 0.99358974375 0.4390224359375 0.9797008546875 0.487099359375 0.9829059828125001 0.5071314109375 0.9978632484375 0.5528044875 0.9978632484375 0.5608173078124999 0.9850427359375 0.5784455125 0.9882478625 0.590625 0.9979166671874999 0.5984375 0.9979166671874999 0.9984375 0.9979166671874999 0.9984375 0.19583333281249998 0.9983173078125 0.1794871796875 0.9830929484375 0.1720085484375 0.9590544875000001 0.16987179531250002 0.9398237171874999 0.17628205156250001 0.9085737171874999 0.1709401703125 0.8917467953125 0.1720085484375 0.880528846875 0.16987179531250002 0.8701121796875 0.16880341875 0.855689103125 0.16880341875