1 0.2902655953125 0.5080409359375 0.30001218281250003 0.5076348265624999 0.309758771875 0.5031676421875 0.3185916171875 0.49423326875000007 0.30793128593749997 0.48448667968750003 0.29635721249999997 0.4836744640625 0.28447855781250003 0.4857050046875 0.2796052625 0.48814165000000004 0.2811281671875 0.49707602343749996 0.271686159375 0.4995126703125 0.2738182265625 0.51169590625 0.2765594546875 0.5072287203125 0.28051900625 0.5056042875 0.2796052625 0.5112897984375 0.2902655953125 0.5080409359375
1 0.2853923 0.7975958421875 0.298793859375 0.7959714109375 0.3085404484375 0.7882553609375 0.315850390625 0.78094541875 0.3185916171875 0.7850064984375 0.32194200781250004 0.78256985 0.3243786546875 0.7687621828125 0.328033625 0.76185835 0.33229775781250004 0.7472384671875 0.331384015625 0.7407407421875 0.3268153015625 0.7378979859375 0.3164595515625 0.7464262500000001 0.3064083828125 0.7573911625 0.29788011718749996 0.76998050625 0.29270224218749996 0.7781026640625 0.28326023437500003 0.7862248203125 0.2841739765625 0.7906920078125 0.2686403515625 0.7882553609375 0.2704678359375 0.7947530859375 0.2796052625 0.79637751875 0.2853923 0.7975958421875
1 0.3243786546875 0.9791260562499999 0.331079434375 0.9710038984375 0.3402168609375 0.9612573109375001 0.3414351859375 0.9527290453124999 0.353313840625 0.9490740750000001 0.3594054578125 0.9454191046875 0.3505726125 0.9405458078125 0.35026803125 0.9332358671875 0.3383893765625 0.9413580250000001 0.3386939578125 0.9377030546875 0.3268153015625 0.9454191046875 0.31676413281250004 0.94948018125 0.3106725140625 0.9555718000000001 0.3003167640625 0.9665367125 0.29117933749999997 0.9815627015624999 0.28965643281250003 0.9929337234375 0.290625 0.9979166671874999 0.3046875 0.9979166671874999 0.315850390625 0.9929337234375 0.325596978125 0.9835932421875 0.3243786546875 0.9791260562499999
1 0.096404246875 0.84902510625 0.1041666671875 0.83733974375 0.11768830156250001 0.8209802359375 0.12319711562499999 0.8069578 0.126953125 0.78826121875 0.126702725 0.77590811875 0.115935496875 0.784588675 0.1081730765625 0.79326923125 0.0984074515625 0.8079594015625 0.08989382968750001 0.8229834390624999 0.08463541718749999 0.8386752140624999 0.07612179531249999 0.8563701921875 0.069360978125 0.8687232890625 0.0738681890625 0.8737313046875 0.0851362171875 0.8617120734375 0.096404246875 0.84902510625
1 0.0245392625 0.8400106828125 0.032301682812499996 0.8443509625000001 0.032802484375 0.8309962609375001 0.0383112984375 0.830328525 0.045072115625 0.8233173078125 0.0483273234375 0.8166399562500001 0.0530849359375 0.8066239312500001 0.057091346875000004 0.8046207265625 0.06385216406250001 0.7956063046875 0.06610576875 0.7792467953125 0.06585536875 0.7632211546875001 0.060096153124999996 0.7632211546875001 0.047826521875 0.7682291671875 0.037560096875 0.7782451921875 0.031300079687499996 0.78826121875 0.0235376609375 0.8009481828125 0.018529646875 0.8146367515625 0.016025640625 0.8249866453125 0.01978165 0.830328525 0.0155248390625 0.8370058765625 0.0190304484375 0.8406784187499999 0.0245392625 0.8400106828125
1 0.071864984375 0.4250133546875 0.0778746 0.4203392109375 0.08213141093750001 0.41266025624999997 0.08388421406249999 0.39930555624999997 0.0713641828125 0.39930555624999997 0.061598557812499996 0.40197649531249996 0.051582532812500005 0.4083199796875 0.050330528124999996 0.4163328 0.0445713140625 0.4180021375 0.036057692187500004 0.4200053421875 0.04632411875 0.42901976406250003 0.0460737171875 0.4343616453125 0.059845753125 0.43169070468750004 0.071864984375 0.4250133546875
1 0.4777644234375 0.4580662390625 0.4720052078125 0.44905181718750004 0.46324118593749997 0.4480502140625 0.464993990625 0.4614049140625 0.47175480781249995 0.4670806625 0.47676282031249995 0.4730902765625 0.477263621875 0.48243856875 0.4830228359375 0.48744658125000007 0.482271634375 0.4804353625 0.482271634375 0.46841613281249994 0.4777644234375 0.4580662390625
1 0.660036559375 0.11577298124999999 0.65481371875 0.1070682453125 0.649155640625 0.1067780875 0.6424094703125001 0.10793871875000001 0.6437151812499999 0.1183844015625 0.648938021875 0.12970055625000002 0.6559018109375 0.13289229375 0.6635184546875 0.1334726078125 0.667653203125 0.12941039999999998 0.66177750625 0.12505803124999998 0.660036559375 0.11577298124999999
1 0.17921875 0.43541666718750005 0.1859375 0.4360416671875 0.1878125 0.43916666718749997 0.1925 0.4377083328125 0.2009375 0.43562500000000004 0.20640624999999999 0.4308333328125 0.19875 0.42354166718749997 0.1896875 0.4204166671875 0.18046875 0.42020833281250003 0.16875 0.42062499999999997 0.17015625 0.42770833281250004 0.1653125 0.4270833328125 0.1596875 0.42437500000000006 0.16 0.43187499999999995 0.16609374999999998 0.43125 0.17124999999999999 0.4345833328125 0.17921875 0.43541666718750005
1 0.3255208328125 0.7111378203125 0.32652243593749997 0.7047943375 0.3142528046875 0.69611378125 0.30523838125 0.6957799140625001 0.2959735578125 0.6987847234375 0.286708734375 0.7077991453125 0.2791967140625 0.7108039515625 0.279697515625 0.7194845078125 0.2922175484375 0.7211538453124999 0.30373597812500003 0.7228231828125 0.3172576125 0.7214877140625 0.3255208328125 0.7111378203125
3 0.7025886734375 0.2736460703125 0.6929347828125 0.2722158671875 0.6800629296875 0.2726926015625 0.6700514875 0.2726926015625 0.6614702515625 0.2836575125 0.6464530890625 0.28270404375 0.6357265453125 0.286517925 0.6217820359374999 0.2998665140625 0.6106979406249999 0.30701754375 0.5988987421874999 0.30701754375 0.591032609375 0.3046338671875 0.5781607546875 0.31655225 0.5713672765625 0.3198893984375 0.56350114375 0.3294241046875 0.549199084375 0.330377575 0.5366847828125 0.3489702515625 0.5277459953125 0.36184210625 0.5263157890625 0.3732837515625 0.5259582375 0.38901601874999997 0.5155892453125 0.40522501875000005 0.5112986265624999 0.4180968734375 0.5059353546875001 0.422864225 0.4959239125 0.43907322656250003 0.49020308906250004 0.45432875624999997 0.487700228125 0.4691075515625 0.4848398171875 0.47721205156249996 0.483052059375 0.4929443171875 0.4848398171875 0.5015255515625 0.4894879859375 0.5134439359375 0.48591247187500003 0.5191647609375 0.4887728828125 0.5286994671875 0.496639015625 0.5306064078125 0.500929634375 0.5463386734375 0.5077231125 0.5534897015625 0.5059353546875001 0.5649313499999999 0.5098684203125 0.5844774984375001 0.51523169375 0.5997330296875 0.5248855828125001 0.5987795578124999 0.532751715625 0.5987795578124999 0.5352545765625 0.6035469109375 0.543120709375 0.5959191453125 0.5499141875 0.5840007625 0.5499141875 0.6035469109375 0.5524170484375001 0.6145118234375 0.559568078125 0.6102212046875 0.5649313499999999 0.6040236453125 0.58137871875 0.6064073234375 0.5935354687500001 0.5944889390625 0.598541190625 0.5782799390625 0.606049771875 0.5749427921875 0.618921625 0.5782799390625 0.618206521875 0.55539664375 0.6285755156249999 0.5601639984375 0.640732265625 0.5587337921875 0.655034325 0.5563501140625 0.6650457671875001 0.5520594953125 0.672196796875 0.5401411140625 0.6621853546875001 0.5315598765625 0.6586098390624999 0.5177345546875001 0.6682637296875 0.5067696421875 0.6761298625000001 0.49818840625 0.68649885625 0.5005720828125 0.6961527453125 0.5029557578125 0.7040188781250001 0.52011823125 0.7093821515625 0.5325133484375 0.7025886734375 0.5468154078125 0.7022311218749999 0.5663615562500001 0.7058066359375 0.5782799390625 0.7000858125 0.59639588125 0.7118850109375 0.6025934390625001 0.7201086953125 0.5925819984375 0.72868993125 0.5849542328124999 0.7412042328124999 0.5792334109375 0.7569364984375 0.5792334109375 0.7705234546875 0.5806636140625 0.777316934375 0.5749427921875 0.7837528609375 0.5778032046875 0.79340675 0.5620709374999999 0.79769736875 0.5673150265625 0.8102116703125001 0.5654080859375 0.8198655609375001 0.5558733796875 0.83094965625 0.5463386734375 0.8427488562500001 0.5377574375 0.8559782609375001 0.5382341734375 0.8484696796875 0.5067696421875 0.8506149890625 0.48388634531249997 0.8599113265625 0.47149122656250003 0.871352975 0.46004958125 0.8845823796875001 0.46004958125 0.89995709375 0.4552822265625 0.91211384375 0.44288710781249996 0.9174771171874999 0.4304919921875 0.9332093828125 0.4376430203125 0.9410755156249999 0.4362128140625 0.9557351265625 0.43001525625000003 0.956450228125 0.43859649218749996 0.9707522890625 0.43525934375 0.9736127 0.42191075468749994 0.975758009375 0.41046910781249996 0.96610411875 0.4047482828125 0.9636012578125 0.3875858125 0.9603832953125 0.3747139578125 0.9603832953125 0.3656559875 0.9682494281249999 0.35945842968749997 0.9779033187499999 0.3604119 0.984696796875 0.3713768125 0.9900600687500001 0.36851639999999997 0.9984375 0.3645833328125 0.9984375 0.3020833328125 0.987318840625 0.3096963421875 0.975349378125 0.3053830234375 0.961762421875 0.3036576953125 0.9494694609375 0.3036576953125 0.9378234984375 0.3114216703125 0.92358954375 0.3170289859375 0.9151785718750001 0.31616632031249997 0.9145315734375 0.30710835 0.905473603125 0.3049516921875 0.8951216359374999 0.3084023453125 0.8834756734375 0.3053830234375 0.8763586953125 0.3096963421875 0.8782996890625 0.3006383703125 0.87312370625 0.29718771718750003 0.8663302281249999 0.299344375 0.85953675 0.3109903375 0.851449275 0.3131469984375 0.8398033125 0.3213423046875 0.82621635625 0.3053830234375 0.8119824015624999 0.29373706093749996 0.8019539343750001 0.2889924078125 0.7867494828125 0.2876984125 0.773486025 0.28812974375 0.7602225671875 0.2967563828125 0.7501430203125 0.29891304375 0.7440646453124999 0.2955758953125 0.7390589249999999 0.2869946609375 0.7301201374999999 0.2745995421875 0.7218964531250001 0.2731693359375 0.708309496875 0.2774599546875 0.7025886734375 0.2736460703125
3 0.9694010421874999 0.3995535703125 0.978515625 0.40997023749999995 0.9733072921874999 0.43514385000000005 0.9537760421874999 0.43948412656249997 0.953125 0.43080357031250005 0.9329427078125001 0.4377480171875 0.9173177078125001 0.43167162656249997 0.908203125 0.44990079375 0.8893229171874999 0.4594494046875 0.8717447921874999 0.45858135000000005 0.865234375 0.46639385000000005 0.8522135421874999 0.48028273749999995 0.8502604171874999 0.5080605171875 0.857421875 0.5323660703125 0.8736979171874999 0.5341021828125 0.857421875 0.5610119046875 0.8459712015624999 0.5816409890625 0.8463541671874999 0.59287465 0.86167279375 0.5984914796874999 0.876225490625 0.5872578203125001 0.8884803921875 0.5826622312499999 0.8984375 0.5893003046875 0.9080116421875 0.6025764484375 0.92026654375 0.5933852703125 0.9271599265624999 0.6010445859375 0.9325214453124999 0.6199375578125 0.9390318625 0.6454686046875 0.9459252453125 0.6674253046875 0.963616071875 0.6702380953125 0.9719669124999999 0.6766164796874999 0.9849877453125 0.6730421328125 0.99609375 0.6883607609375 0.9984375 0.675 0.99609375 0.3613591265625 0.9830729171874999 0.3691716265625 0.9798177078125001 0.35615079375 0.9694010421874999 0.3587549609375 0.9622395828125001 0.3630952375 0.9615885421874999 0.3769841265625 0.9694010421874999 0.3995535703125
3 0.9861665625 1 0.9988465312500001 0.9983093375 0.9988465312500001 0.9587260046875 0.9988465312500001 0.9253926703124999 0.998292496875 0.8739899484375 0.9988465312500001 0.8295593374999999 0.9988465312500001 0.7691426703124999 0.9984375 0.7020833328125 0.9926899078125 0.6888969859375 0.9852197890625 0.6781068140625 0.9746371187499999 0.6805968546875001 0.9659219796875 0.6789368265625 0.957206840625 0.6764467875 0.9528492703125 0.6847469203125 0.9447566406250001 0.6930470515625 0.9435116203125 0.7154574109375 0.9375 0.7313481671875001 0.9297284031249999 0.7362565437499999 0.9304389125 0.7528080078125 0.9310614218750001 0.7644281937499999 0.93168393125 0.7801984484375 0.9231839000000001 0.7864310640625 0.912958115625 0.7907940671875 0.9018034531250001 0.7818584734375 0.8955783546875 0.7801984484375 0.884373175 0.7835185 0.8741069484375 0.7863301703125 0.8662944484375 0.7741773921874999 0.8662944484375 0.7628926703125 0.85587778125 0.7533440578125 0.8337423640624999 0.7429273921874999 0.8116069484375 0.7377190578125 0.7868673640625 0.73337878125 0.7673361140625 0.7316426703125 0.7517997375000001 0.7335296687499999 0.7536642390625 0.7550801703125 0.7510600734375 0.7759135046875001 0.7393413234375 0.7750454484375 0.7309391359374999 0.7678883062499999 0.7159038234375 0.7533440578125 0.7051701578125 0.7542539265625 0.6944194484375 0.7385871140625 0.6908540578125 0.7422556734375 0.6704024875 0.7215314140625 0.6601767015625 0.73298429375 0.6462696328125 0.7575261765625 0.631953534375 0.7651614312499999 0.6065935859375 0.7493455499999999 0.6045484296875 0.7695244328124999 0.5738710734375 0.750981675 0.5591459421875 0.7684336828125 0.601685209375 0.7949061953125 0.6143413234375 0.8123718375 0.6247579890625 0.8375454484375 0.6260600734375 0.8644551703125 0.6091329890625 0.8722676703125 0.5928569484375 0.8783440578124999 0.58244028125 0.9017815578124999 0.56290903125 0.9104621140625 0.5459819484375 0.8991773921874999 0.52579965625 0.880948225 0.5153829890625 0.865323225 0.51017465625 0.8453579484375 0.50899966875 0.8216991109375 0.5033970796875 0.8474295234375001 0.4957460734375 0.8693280984375 0.4872118203125 0.8872701609375 0.48183900468749996 0.8927792312499999 0.46834096875000003 0.8862347296875001 0.4577061515625 0.8851439796875 0.44748036718749995 0.8960514828124999 0.4411642390625 0.9052537812500001 0.4294454890625 0.9295593375 0.42423715624999997 0.959073225 0.43465382343750003 0.9842468375 0.43660694843750003 0.9998718375 0.7573811421875 0.9993219515625 0.813323953125 1 0.9861665625 1
3 0.6536354578125 0.6606905703125 0.6474103578125 0.6349601578125 0.641185259375 0.6324701187499999 0.6318476093750001 0.6407702515625 0.6137948203125 0.63164010625 0.601344621875 0.6225099609375 0.5801792828125001 0.6357901734375 0.5671065734375 0.651560425 0.561503984375 0.67148074375 0.56835159375 0.7021912359375 0.5795567734375 0.72543160625 0.595119521875 0.7412018578125 0.6069472109375 0.7461819390625 0.62459096875 0.7575261765625 0.633589659375 0.7629799296875001 0.6474967281249999 0.75152705 0.6698207171874999 0.7187915 0.68476095625 0.7320717125 0.6900359953125 0.7417102953125 0.6934760953125 0.7337317390625 0.7053037843750001 0.75199203125 0.71837649375 0.75116201875 0.7301210734375 0.7618891796875 0.7382968125 0.7710823375 0.7488794828125 0.7710823375 0.75199203125 0.7561420984375 0.7477094234375 0.73243891875 0.7495019921875 0.7304116875 0.7656872515625001 0.7279216453124999 0.7968127484374999 0.7312417 0.8329183265625 0.7387118187499999 0.867778884375 0.7611221765625 0.867778884375 0.7727423640625 0.8752490046875 0.7802124828125 0.9020169328125001 0.7752324046875 0.9094870515625001 0.7876826015625 0.92069223125 0.7851925625 0.92816235 0.7793824703125 0.9294073703124999 0.7627822046875 0.92691733125 0.7345617515625 0.9356324703125001 0.7287516609375 0.9412350593750001 0.7163014609375 0.9419993453125001 0.689354275 0.95222513125 0.6828097734374999 0.9437251 0.6681606890625 0.92816235 0.6075697203125 0.92069223125 0.5967795484375 0.90824203125 0.60424966875 0.8895667328125001 0.58432935 0.8752490046875 0.5893094296875 0.8640438250000001 0.60424966875 0.8453685265625 0.5942895078125 0.844746015625 0.5793492687499999 0.8671563750000001 0.53867861875 0.8503486062500001 0.5411686578125 0.837275896875 0.5469787515625 0.820468128125 0.557768925 0.8030378484374999 0.5710491375 0.8080179281250001 0.5884794171875 0.7880976093750001 0.59262948125 0.7625747015625 0.6009296140625 0.742031871875 0.6200199203125 0.723979084375 0.64575033125 0.7084163343750001 0.6772908375 0.692231075 0.6772908375 0.671688246875 0.6739707828125 0.6536354578125 0.6606905703125
3 0.5116982984375 0.6195462484375 0.5047447640625 0.63808900625 0.4982002625 0.6495418859375001 0.4961551046875 0.6642670171875 0.4965641359375 0.6762652703125 0.4871564140625 0.6839005234375 0.4720222515625 0.688263525 0.460569371875 0.6926265265625 0.4487074609375 0.6915357765625 0.44052683281249994 0.687172775 0.429482984375 0.6860820249999999 0.42048429374999996 0.6926265265625 0.4090314140625 0.6931719015625 0.397578534375 0.6909904015625 0.3898069375 0.6909904015625 0.3898069375 0.6751745203125 0.3848985609375 0.6669938921874999 0.37426374375 0.6582678875 0.36567408437500004 0.6479057578125 0.351357984375 0.6479057578125 0.337859946875 0.6528141359374999 0.32845222500000004 0.6637216390625 0.321498690625 0.6675392671875 0.3169993453125 0.6751745203125 0.3227257859375 0.687172775 0.32804319375 0.6980802796875001 0.32845222500000004 0.70517015625 0.3223167546875 0.7177137874999999 0.3178174078125 0.7275305421875 0.3145451578125 0.73571116875 0.3014561515625 0.7428010484375 0.289594240625 0.7493455499999999 0.28018651875 0.7613438046875001 0.2797774875 0.7771596859375001 0.287140053125 0.7809773125 0.2936845546875 0.7738874359375 0.304319371875 0.7580715546875 0.3149541890625 0.7455279234375001 0.32640706875 0.73680191875 0.3313154453125 0.7400741703125 0.3325425390625 0.7460732984375 0.3300883515625 0.7607984296875 0.3251799734375 0.7662521812499999 0.3235438484375 0.7815226875 0.32845222500000004 0.7907940671875 0.334587696875 0.7973385687500001 0.337859946875 0.8087914484375001 0.3415412296875 0.79842931875 0.3472676703125 0.7826134375 0.34481348125 0.76407068125 0.34563154375 0.748800175 0.35626636093749997 0.7389834203125 0.36403795781250003 0.7302574171875 0.3697643984375 0.7455279234375001 0.366492146875 0.7564354265625 0.36076570625 0.7706151828125 0.36281086406249996 0.7842495640625 0.368537303125 0.7755235609375 0.3771269640625 0.7902486921875 0.3873527484375 0.8000654453125 0.3848985609375 0.814790575 0.397169503125 0.8131544500000001 0.4090314140625 0.8213350796875 0.42048429374999996 0.8251527046874999 0.42580170156249997 0.8180628265625 0.428255890625 0.8311518328125 0.43807264375 0.82569808125 0.4487074609375 0.8235165796875 0.45320680625 0.8344240828125 0.4634325921875 0.8382417109375 0.4707951578125 0.8491492140625001 0.4552519640625 0.8567844687499999 0.4417539265625 0.8736910999999999 0.4352094234375 0.88896160625 0.4409358640625 0.9009598609375 0.45484293124999997 0.8856893546875 0.461796465625 0.8824171015625 0.4667048421875 0.8813263515624999 0.4814299734375 0.8895069812499999 0.4855202875 0.8824171015625 0.49451897968749997 0.8666012203125 0.5018815437499999 0.8453315874999999 0.508835078125 0.8207897046875001 0.51456151875 0.8060645734375 0.524787303125 0.7831588125 0.537876309375 0.7727966828125 0.5489201578125 0.7662521812499999 0.5566917546875 0.7624345546875 0.56160013125 0.7607984296875 0.5726439796875 0.749890925 0.57755235625 0.748800175 0.5820517015625 0.75152705 0.585323953125 0.7531631765625 0.5906413609375 0.7558900515625 0.603321334375 0.76734293125 0.6041393984375001 0.7520724249999999 0.60863874375 0.747709425 0.5963678015625 0.7444371734375 0.5779613875 0.7264397890625001 0.5665085078125001 0.70135253125 0.5603730359375 0.67135689375 0.5660994765625 0.6506326359375 0.57755235625 0.6369982546874999 0.6020942406249999 0.6195462484375 0.6135471203125 0.6299083765625 0.631953534375 0.6386343812499999 0.640952225 0.6315445015625001 0.648314790625 0.6326352515625 0.6540412296875 0.6593586390625 0.67244764375 0.67244764375 0.6928992140625 0.6762652703125 0.7068062828125 0.6762652703125 0.7235765703125 0.6435427578125 0.741164921875 0.6173647484375 0.7628435859375 0.5988219890625001 0.7869764390625 0.5906413609375 0.8070189796875 0.5879144859375 0.8004744765625 0.5715532296875 0.7931119109375 0.565008725 0.7845222515625 0.57864310625 0.7759325921875 0.57646160625 0.7710242140625 0.5830061078125001 0.7567081156250001 0.5797338562500001 0.741164921875 0.5797338562500001 0.7288939796875 0.5868237359374999 0.7211223828125 0.5922774875 0.711714659375 0.6053664921874999 0.6998527484375 0.5960951125 0.704761125 0.57700698125 0.701488875 0.5660994765625 0.7023069375000001 0.54592059375 0.7076243453125 0.5301047125 0.70271596875 0.51701570625 0.694944371875 0.5017452 0.68676374375 0.501199825 0.6757198953125 0.49901832500000004 0.6671302359375 0.5093804546875 0.6601767015625 0.5191972078125 0.663857984375 0.5295593375000001 0.67326570625 0.5382853390625 0.665085078125 0.5519197203124999 0.65567735625 0.5584642234375 0.64136125625 0.560645725 0.6303174078125 0.56228185 0.6196825921875 0.5562827234375 0.6217277484375 0.5808246078125 0.6057755234375 0.57646160625 0.5984129578124999 0.5797338562500001 0.594731675 0.5960951125 0.5820517015625 0.60809336875 0.56405431875 0.6059118671875 0.5611911 0.61191099375 0.553010471875 0.6168193703125 0.5476930624999999 0.5879144859375 0.5456479062499999 0.5955497375000001 0.5354221203125 0.6031849921875 0.52969568125 0.5999127390625 0.5202879578124999 0.5999127390625 0.5137434562500001 0.6053664921874999 0.5116982984375 0.6195462484375
3 0.5167515671875 0.8653343796874999 0.5270376171875 0.8790491125000001 0.5456504703125 0.8973354234375 0.5637735109374999 0.910397075 0.5823863640625 0.9006008359375001 0.591692790625 0.8751306171875 0.6098158312499999 0.8712121203125 0.625 0.8646812953125 0.6225509406249999 0.8365987453124999 0.6142241375 0.8143939390625 0.6029584640625 0.79741379375 0.559365203125 0.769984325 0.549568965625 0.7680250796875 0.538793103125 0.7732497390625 0.5245885578125 0.785005225 0.5147923203125 0.8059038671875 0.510873825 0.8235370953125001 0.510873825 0.8450888187500001 0.5167515671875 0.8653343796874999
3 0.40810310000000005 0.5519991015625 0.4139993265625 0.5592991921875 0.41357816718749996 0.5789532796875 0.4127358484375 0.5969227312500001 0.41526280312499997 0.616015275 0.41947439375 0.6289308171875 0.4295822109375 0.6328616359375 0.430424528125 0.6570080859375 0.42410714218749995 0.6665543578124999 0.42073787031250004 0.6800314453125 0.41147237187499996 0.6862084453125 0.4127358484375 0.6907008078125 0.42073787031250004 0.6907008078125 0.42873989218749997 0.6845238109375 0.4409535046875 0.6873315359375 0.45737870625 0.69238544375 0.4708557953125 0.6884546265625 0.48685983750000006 0.68340071875 0.495704178125 0.6738544484375 0.4961253375 0.6513926328124999 0.503285040625 0.6396001796874999 0.5091812671875 0.618823 0.5133928578125 0.5969227312500001 0.5100235843750001 0.5890610953125 0.5045485171874999 0.5637915546875 0.5058119953125 0.5525606484375001 0.49991576875000004 0.5463836484375 0.494861859375 0.53009883125 0.48812331562500005 0.5295372875 0.48517520156250005 0.5171832875 0.48896563281249994 0.5121293796875 0.48475404375000003 0.50146001875 0.48349056562500003 0.49079065625 0.476752021875 0.48292902031249996 0.47633086249999995 0.47338275 0.4712769546875 0.46720575000000003 0.46453840937499996 0.4632749328125 0.457799865625 0.4666442046875 0.45021900312499996 0.46439802343750003 0.43842654999999997 0.4610287515625 0.427476415625 0.47955974843750004 0.42284366562500003 0.4902291109375 0.41526280312499997 0.49809074531249997 0.403891509375 0.5048292890625 0.40473382812500003 0.5115678359375 0.4022068734375 0.5222371953125 0.399258759375 0.53178346875 0.39967991875000003 0.5435759203125 0.40810310000000005 0.5519991015625
3 0.32850404375000003 0.5941150046875 0.3188173859375 0.6064690015624999 0.3175539078125 0.6182614562500001 0.3255559296875 0.6317385437499999 0.32850404375000003 0.6452156328124999 0.320502021875 0.65756963125 0.32471361249999997 0.6643081765625001 0.3369272234375 0.6525157234375001 0.3504043125 0.6480233609375 0.36682951406250003 0.6480233609375 0.38241239843749997 0.6626235390625 0.39209905625 0.6738544484375 0.3908355796875 0.6895777187500001 0.407681940625 0.6890161734375 0.41020889531250004 0.6850853546875 0.41989555312500004 0.67890835625 0.42284366562500003 0.66823899375 0.4295822109375 0.6570080859375 0.42873989218749997 0.63342318125 0.4203167109375 0.63342318125 0.4156839625 0.6210691828125 0.41189353124999994 0.60085355 0.412314690625 0.57726864375 0.4131570078125 0.5592991921875 0.40894541718750005 0.5542452828125 0.3979952828125 0.5475067390625 0.3984164421875 0.53178346875 0.4022068734375 0.51662174375 0.3950471703125 0.5199910140624999 0.384097034375 0.5250449234375 0.37356805937500004 0.53009883125 0.36135444687499996 0.5390835578125001 0.3567216984375 0.5497529203125 0.3567216984375 0.5598607375 0.3571428578125 0.5733378250000001 0.3504043125 0.57726864375 0.33903301875 0.58625336875 0.32850404375000003 0.5941150046875
3 0.06538120625 0.57476359375 0.047650709375 0.5806737578125001 0.0398936171875 0.5910165484375 0.045988475 0.61096335625 0.0404476953125 0.620567375 0.029366134375000002 0.6309101640625 0.018838653125 0.6479018921875 0.016622340625000002 0.6619385328125 0.014960106249999999 0.6789302609375001 0.0110815609375 0.7033096921875 0.016622340625000002 0.7173463359375 0.030474290625 0.73729314375 0.043218084375 0.7409869984374999 0.0570700359375 0.7306442078125001 0.07203014218750001 0.727689125 0.08976063906250001 0.7166075640625 0.10139627656250001 0.7173463359375 0.10915336875 0.7247340421875 0.12522163125000002 0.7070035453125 0.14904698593750002 0.6900118203125001 0.16899379375 0.6892730499999999 0.185616134375 0.6944444437499999 0.1983599296875 0.6929669015625 0.216644503125 0.6855791953125 0.232712765625 0.6708037828125 0.24711879374999998 0.6552895984375 0.2604166671875 0.6523345140625 0.26761968125 0.6471631203125 0.2764849296875 0.6301713953125 0.27759308437499997 0.6161347515625 0.27094414843750003 0.6020981078125 0.264849290625 0.59397163125 0.2582003546875 0.5836288421875 0.252105496875 0.5673758875 0.25265957499999997 0.5548167859375 0.24490248281250002 0.5422576828125 0.2277260640625 0.53191489375 0.216644503125 0.5326536640625 0.21054964531249998 0.53413120625 0.2111037234375 0.5245271875 0.20334663125 0.51787825 0.1928191484375 0.51787825 0.188386525 0.5260047296875 0.18617021250000002 0.5193557921874999 0.173980496875 0.5186170203125 0.160128546875 0.52748226875 0.152371453125 0.5400413703125 0.1363031921875 0.52748226875 0.12522163125000002 0.5282210390625 0.110261525 0.5378250578125 0.0986258859375 0.5400413703125 0.091422871875 0.5474290765625 0.0803413125 0.5474290765625 0.0709219859375 0.5496453890625 0.07036790781249999 0.5629432624999999 0.06538120625 0.57476359375
3 0 0.9978369765625 0.065625 0.9979166671874999 0.0717213109375 0.9915755921875 0.0913592890625 0.9773451734374999 0.100324453125 0.9693761375 0.1109972671875 0.9744990890624999 0.11910860625 0.9688069203125 0.11313183125 0.9585610203125 0.11868169375 0.9460382515625 0.1293545078125 0.9397768671875 0.139600409375 0.9352231328125 0.1502732234375 0.9335154828125001 0.15795765 0.9209927140625 0.16564207656250002 0.9340847 0.174180328125 0.9340847 0.18485314218749999 0.9318078328125001 0.1899760921875 0.9147313296874999 0.19766051874999999 0.9033469937499999 0.2044911203125 0.8999316937499999 0.213883196875 0.8851320578124999 0.2266905734375 0.8674863390625 0.2382172125 0.8589480875 0.2424863390625 0.8475637515625 0.25315915312500004 0.8538251375 0.2608435796875 0.8452868859375 0.2655396171875 0.8566712203125 0.27578551875 0.8606557374999999 0.2873121578125 0.8646402546875 0.296277321875 0.8640710374999999 0.3103654375 0.8475637515625 0.3163422125 0.83048725 0.3163422125 0.8117030953125 0.3125 0.8014571953124999 0.3065232234375 0.7917805109375 0.2996926234375 0.7986111109375 0.2843237703125 0.79974954375 0.2681010921875 0.7951958109375 0.2681010921875 0.7872267749999999 0.2792008203125 0.7883652109375 0.28389685781249996 0.7832422578125 0.2783469953125 0.7764116578125 0.27706625625000003 0.7610428046875 0.2877390703125 0.7490892546875 0.2988387984375 0.7439663015625 0.3125 0.7348588328125001 0.3159153 0.7280282328125 0.3137807375 0.7234745 0.30353483593749997 0.7234745 0.292008196875 0.7217668484375 0.2783469953125 0.7206284140625 0.2787739078125 0.7098132984375 0.2860314203125 0.7063979953125 0.29371584687499996 0.6972905296875 0.3043886609375 0.6933060109375 0.31719603749999997 0.6955828765625001 0.3253073765625 0.7001366124999999 0.31933060156250004 0.6830601078125 0.315061475 0.671675775 0.32146516406250003 0.6602914390625 0.3154105390625 0.6546160125 0.3062193625 0.6495098046875001 0.2909007359375 0.6515522875 0.2786458328125 0.6556372546875 0.27237021875 0.6597222234375 0.2612704921875 0.6682604734375001 0.25017076562499996 0.6796448078124999 0.2459016390625 0.6722449921875 0.2412056015625 0.6665528234375 0.2348019125 0.673383425 0.21985997343750002 0.6847677609375 0.19936816875000002 0.6972905296875 0.18485314218749999 0.6955828765625001 0.172899590625 0.69273679375 0.14941939843750002 0.6915983609375 0.12551229531250002 0.7092440796874999 0.10843579218749999 0.7297358828125 0.098189890625 0.7206284140625 0.0870901640625 0.7206284140625 0.07129439843749999 0.72859745 0.055071721875 0.7342896171875 0.043118168750000005 0.7433970859375 0.0332991796875 0.7439663015625 0.0281762296875 0.7536429874999999 0.0311646171875 0.76787340625 0.023480190625 0.7701502734375001 0.011099726562499999 0.7809653921875 0 0.7923497265624999 0 0.9978369765625
3 0.340163934375 0.9624316937499999 0.3253073765625 0.9774590171875 0.325819671875 0.9836065578125 0.306352459375 0.9972677609374999 0.4344262296875 0.9965847 0.4334016390625 0.9849726765625 0.4236680328125 0.9603825140625 0.42725409843750006 0.9303278687500001 0.4369877046875 0.9064207640624999 0.4344262296875 0.8907103828125 0.44108606562499997 0.8722677609374999 0.455430328125 0.8565573765625001 0.46516393437500003 0.84836065625 0.460553278125 0.8415300546875001 0.4523565578125 0.8374316937499999 0.44774590156249994 0.8271857921875 0.4369877046875 0.8271857921875 0.4282786890625 0.83401639375 0.424180328125 0.8217213125 0.41854508125 0.8278688515624999 0.3949795078125 0.8148907109374999 0.3842213109375 0.8162568312499999 0.3842213109375 0.8005464484375 0.36782786875 0.7773224046875 0.361680328125 0.7862021859375 0.35911885312499997 0.7711748625 0.3647540984375 0.7540983609375 0.36936475468749996 0.7452185796874999 0.364241803125 0.7336065578125 0.346311475 0.7479508187499999 0.3452868859375 0.7670765015625001 0.349897540625 0.7800546453125 0.33913934375 0.8094262296875 0.3324795078125 0.8012295078125 0.3237704921875 0.7814207640624999 0.318647540625 0.7889344265625 0.316086065625 0.7814207640624999 0.309938525 0.7903005453125 0.31915983593749997 0.8121584703125 0.316086065625 0.8346994546875001 0.3084016390625 0.8524590171875 0.2976434421875 0.8668032796875 0.27612704843749997 0.8640710374999999 0.26536885312499997 0.8579234984375 0.2602459015625 0.8476775953125 0.2515368859375 0.8558743171875 0.243852459375 0.8565573765625001 0.22797131093749998 0.8688524578125 0.20491803281249998 0.90163934375 0.198258196875 0.9043715859375 0.1890368859375 0.91598360625 0.18493852500000002 0.9330601078124999 0.16495901562499998 0.9364754109375 0.1582991796875 0.9248633875 0.1511270484375 0.9337431687500001 0.1378073765625 0.9385245890625 0.1280737703125 0.9405737703125 0.118852459375 0.9487704921875 0.11372950781249999 0.9576502734375 0.118852459375 0.9699453546875001 0.11168032812499999 0.9740437171874999 0.09836065625 0.971311475 0.0671875 0.9979166671874999 0.2859375 0.9979166671874999 0.289446721875 0.9822404375 0.2986680328125 0.9651639359375 0.31762295156250003 0.9467213125 0.325819671875 0.9446721312499999 0.337602459375 0.9344262296875 0.33913934375 0.9398907109374999 0.35092213125 0.9330601078124999 0.35092213125 0.9385245890625 0.36270491875 0.9439890703125 0.3529713109375 0.9501366125 0.341188525 0.9528688515624999 0.340163934375 0.9624316937499999
3 0.7118172265625 0.1391806734375 0.6940913859375 0.150560225 0.681617646875 0.1628151265625 0.675709034375 0.1838235296875 0.6698004203125 0.20133053125 0.6455094531250001 0.2100840328125 0.6225315124999999 0.2284663875 0.6415703781250001 0.2415966390625 0.6566701687500001 0.2608543421875 0.6678308828125 0.27135854375 0.6849002093750001 0.26698179375 0.70262605 0.27398459375 0.7098476890625001 0.27573529375 0.7282300421875 0.27135854375 0.73807773125 0.2818627453125 0.7485819328125001 0.2941176484375 0.759742646875 0.2967436984375 0.7735294125000001 0.2862394953125 0.7925682765625 0.2862394953125 0.8070115546875 0.2871148453125 0.8253939078125001 0.3019957984375 0.8411502093750001 0.31862745000000003 0.85362395 0.30987395 0.8601890750000001 0.30637254999999997 0.8660976890625 0.2967436984375 0.8746323531250001 0.29849439843750003 0.8884191171875001 0.3054971984375 0.9028623953125001 0.3046218484375 0.914679621875 0.30637254999999997 0.9179621843750001 0.31512605 0.9337184875 0.31337535 0.9488182765625 0.3019957984375 0.9652310921874999 0.2993697484375 0.9803308828124999 0.3037464984375 0.9849264703125 0.30637254999999997 0.9954306718750001 0.30024509843749997 0.9984375 0.1041666671875 0.9984375 0.0020833328125000002 0.8089810921874999 0.00262605 0.7966292140625 0.01294475625 0.7799508421875 0.036352995312500004 0.7715598734375 0.0621498609375 0.7636817234375 0.0717787125 0.7518644953125 0.0866596640625 0.7479254203125 0.11379551875 0.74136029375 0.1242997203125 0.7236344531250001 0.1295518203125 0.7118172265625 0.1391806734375