1 0.3298611109375 0.70380220625 0.340942671875 0.6969070125 0.3450059109375 0.6826241125 0.350546690625 0.6648936171875001 0.3553487 0.6456855796875 0.356826240625 0.6318951937499999 0.37086288437500003 0.6200748625 0.37935874687500004 0.6092395578125 0.3908096921875 0.5964342 0.4004137109375 0.58461386875 0.40854018906249995 0.5698384562500001 0.4066932625 0.5851063828124999 0.408909575 0.6013593375 0.408909575 0.61317966875 0.41518912500000005 0.6166272640625 0.41592789531249996 0.60825453125 0.41888297812499997 0.5900315203125001 0.4203605203125 0.5658983453124999 0.422207446875 0.5575256109375 0.42737884218750005 0.5447202515625 0.43402777812500004 0.5299448375 0.4410461 0.5117218296875 0.443631796875 0.4974389296875 0.4388297875 0.48463356874999997 0.419991134375 0.4826635140625 0.4037381796875 0.48364854218750003 0.39265661875 0.49005122031250004 0.37788120625 0.50334909375 0.367538415625 0.5156619375 0.3535017734375 0.53684003125 0.34463652499999997 0.5530929875 0.33614066249999996 0.5718085109375 0.3320774234375 0.6097320734375 0.328014184375 0.6156422375 0.319518321875 0.6304176515625 0.3132387703125 0.6619385328125 0.31582446875 0.67474389375 0.32653664375 0.68902679375 0.3298611109375 0.70380220625
1 0.306404421875 0.7452860859375 0.3019343296875 0.7572063296875 0.30010565625 0.7666883390625 0.303763003125 0.7699393140625 0.309249025 0.7677719984375 0.31432867343750004 0.759915475 0.317782834375 0.7509752921875 0.3173764625 0.7412223671875 0.3135159296875 0.7409514515625 0.306404421875 0.7452860859375
1 0.302137515625 0.75585175625 0.29482282187500003 0.75422626875 0.2909622890625 0.7563935859375001 0.2889304296875 0.7666883390625 0.2834444078125 0.76885565625 0.28872724375000003 0.7753576062499999 0.2929941484375 0.7718357171875 0.2982769828125 0.7650628515625 0.302137515625 0.75585175625
1 0.12178689843749999 0.7811636265625 0.1179000828125 0.7856550578125 0.134224709375 0.7770176890625 0.1466625203125 0.7631979 0.14640340000000002 0.7576699828125 0.1370750421875 0.7573244890625 0.12956053125 0.7604339421875 0.12334162500000001 0.7711442796875 0.1160862359375 0.77425373125 0.12178689843749999 0.7811636265625
1 0.1904539796875 0.7908374796875 0.1904539796875 0.8005113312500001 0.1966728859375 0.7953289109375 0.2034100328125 0.7832365953125 0.20522388125000002 0.7770176890625 0.20055970156249997 0.7749447203125001 0.19615464375 0.7770176890625 0.1904539796875 0.7908374796875
1 0.1787935328125 0.8091487 0.1666148421875 0.80880320625 0.16402363125 0.8157131015625 0.1559908796875 0.8208955234375 0.16272802656250002 0.8257324484374999 0.1570273625 0.8298783859375 0.1728337484375 0.82607794375 0.17801616874999998 0.8136401328125 0.1787935328125 0.8091487
1 0.07462686562500001 0.8143311234375 0.0709991703125 0.8067302375000001 0.060116085937499994 0.8091487 0.0567475125 0.8170950796875 0.052860696875 0.8233139859374999 0.05052860625 0.8278054171875 0.0518242125 0.8336788265624999 0.0611525703125 0.8295328921875 0.0691853234375 0.81951354375 0.07462686562500001 0.8143311234375
1 0.10235281874999999 0.8512990609375001 0.103648425 0.8468076296874999 0.1007980921875 0.8426616921875001 0.0945791875 0.8457711437500001 0.0847325875 0.8544085125 0.080845771875 0.8640823671875 0.0769589546875 0.8692647875 0.08058665000000001 0.8730652296875 0.085769071875 0.8699557765625 0.09172885625 0.8644278609375 0.098466003125 0.8575179671875001 0.10235281874999999 0.8512990609375001
1 0.1767205640625 0.9539110000000001 0.1702425375 0.9625483687499999 0.16765132656249998 0.9722222234375 0.16713308437500002 0.9839690437499999 0.1738702328125 0.9760226640624999 0.1808665015625 0.9677307890625 0.18345771093750002 0.9566749578125 0.183198590625 0.9521835265625 0.1767205640625 0.9539110000000001
1 0.259898425 0.6263819796875 0.2611940296875 0.6218905484375 0.2611940296875 0.6191265890625 0.2523839140625 0.61878109375 0.24901534062500003 0.61878109375 0.244869403125 0.6270729687500001 0.24279643437499998 0.6294914312500001 0.2381322546875 0.6319098953125 0.2422781921875 0.6364013265625 0.24409203906250002 0.6415837484375 0.2472014921875 0.6374378109375 0.2508291875 0.6329463796875 0.259898425 0.6263819796875
1 0.18034825937500001 0.6571310125000001 0.18034825937500001 0.6512576 0.17801616874999998 0.6495301265625 0.16868781093750002 0.6533305687500001 0.1679104484375 0.65989496875 0.1635053890625 0.66818684375 0.16013681562499998 0.6709508015625001 0.16609659999999998 0.6750967375 0.169206053125 0.6702598125 0.1756840796875 0.6633499171875 0.18034825937500001 0.6571310125000001
1 0.1585820890625 0.5693753453125 0.15676824218750002 0.56626589375 0.1521040625 0.5683388609375 0.1505493359375 0.5787037046875 0.1505493359375 0.5876865671875 0.1487354890625 0.5959784421875 0.15236318437500002 0.5980514109375 0.1554726375 0.5907960203125 0.15832296875000001 0.58423161875 0.15910033125 0.5769762296875001 0.1585820890625 0.5693753453125
1 0.27639563125 0.5137540453125 0.2766990296875 0.5226537203125 0.27427184531250004 0.5331715203125 0.2776092234375 0.53559870625 0.2800364078125 0.5275080890625 0.2839805828125 0.51982200625 0.28033980625 0.5097087375 0.27639563125 0.5137540453125
1 0.2864077671875 0.5760517796875 0.28125 0.5772653734375 0.2770024265625 0.5829288015625 0.2751820390625 0.5889967640625 0.27427184531250004 0.59546925625 0.2721480578125 0.5978964390625 0.27821601875 0.60072815625 0.28125 0.5938511328125 0.2873179609375 0.58495145625 0.2864077671875 0.5760517796875
1 0.2278519421875 0.5643203875 0.22421116562500001 0.5748381874999999 0.2257281546875 0.5853559875000001 0.23058252499999998 0.5821197421875001 0.2320995140625 0.5724110046875001 0.2384708734375 0.56472491875 0.2336165046875 0.5598705500000001 0.2278519421875 0.5643203875
3 0.909441021875 0.3352406109375 0.9055897890625 0.33890845 0.8956866203124999 0.3381748828125 0.8797315140625 0.3433098578125 0.8780809859375 0.35137910781250004 0.8643265843749999 0.35064553906249996 0.8588248234375 0.35578051718750003 0.8516725359375 0.3616490609375 0.8505721828125001 0.37338615 0.8467209499999999 0.38072183125 0.8467209499999999 0.38732394375 0.8505721828125001 0.39465962499999996 0.8615757046875 0.3990610328125 0.8720290500000001 0.40639671406250005 0.8824823937499999 0.41373239375 0.8896346828125001 0.42180164375 0.8956866203124999 0.43060446093750004 0.8973371484375001 0.4401408453125 0.8984375 0.45187793281250005 0.8984375 0.4599471828125 0.896786971875 0.46801643125 0.8857834499999999 0.4577464796875 0.8753301062500001 0.4577464796875 0.8637764078125001 0.4577464796875 0.8500220078125 0.46141431875 0.844520246875 0.4672828640625 0.8346170781250001 0.46948356875 0.833516725 0.48122065625 0.8230633796875001 0.4863556328125 0.8280149640625 0.49515845 0.831866196875 0.5076291078125 0.844520246875 0.5149647890625 0.847821303125 0.5245011734375 0.8654269359375 0.52890258125 0.8764304578125 0.5333039890625 0.8956866203124999 0.52963615 0.9050396125000001 0.5325704234375 0.9072403171874999 0.550909625 0.9028389078125001 0.5663145546874999 0.900088028125 0.58318661875 0.9033890843749999 0.5956572765625 0.9176936625 0.5971244125 0.92759683125 0.6088615015625 0.9402508796875001 0.6213321609375 0.9540052812500001 0.6242664312499999 0.97326144375 0.6294014078125 0.9842649640625 0.6294014078125 0.989766725 0.6294014078125 0.9963688375 0.6154636140624999 0.9984375 0.6083333328125 0.9984375 0.3083333328125 0.994168134375 0.3080985921875 0.97986355625 0.3080985921875 0.9672095078125 0.31176643125000003 0.955105634375 0.3125 0.9463028171874999 0.31836854375 0.9330985921874999 0.3227699515625 0.924295775 0.3308392015625 0.9187940140625 0.3345070421875 0.909441021875 0.3352406109375
3 0.590889084375 0.5377054 0.59859155 0.5252347421875 0.6112455984375 0.5112969484375001 0.61509683125 0.49589201875000005 0.60849471875 0.48268779375 0.6018926062500001 0.46948356875 0.5996919015625 0.4584800484375 0.5881382046875 0.4570129109375 0.580985915625 0.46141431875 0.57328345 0.44821009375000004 0.5622799296875 0.4460093890625 0.5496258796875 0.44307511718750003 0.5490757046875 0.45187793281250005 0.5386223593749999 0.4511443671875 0.535321303125 0.44894366249999995 0.5265184859375001 0.44674295781250006 0.518816021875 0.45554577500000004 0.5100132046875 0.45554577500000004 0.5017605640625 0.4570129109375 0.4973591546875 0.46068075156250005 0.4973591546875 0.4738849765625 0.4825044015625 0.4731514078125 0.4742517609375 0.46875 0.48140405 0.48488849843750004 0.47480193593750003 0.49075704218749994 0.46544894374999995 0.49589201875000005 0.45939700781250004 0.49955985781249995 0.46269806406249997 0.5061619703125 0.4632482390625 0.5186326296875 0.45444542187500003 0.516431925 0.451144365625 0.5245011734375 0.45609595 0.5325704234375 0.44564260625 0.5406396703125 0.43904049218749996 0.5479753515625 0.43573943593750003 0.55677816875 0.431338028125 0.5699823937499999 0.4285871484375 0.5809859140625 0.42638644374999995 0.5927230046874999 0.42253521093749996 0.60446009375 0.4274867953125 0.611795775 0.4401408453125 0.6198650234375 0.4549955984375 0.6264671359375 0.47205105625000005 0.6257335687500001 0.47590228906250004 0.6139964796874999 0.49350792187500003 0.6132629109375001 0.5034110921875 0.5971244125 0.52046655 0.5875880296875 0.5364216546875 0.5787852109375 0.557878521875 0.56338028125 0.56943221875 0.5589788734375001 0.5820862671875 0.550909625 0.590889084375 0.5377054
3 0.508223684375 0.821820175 0.500411184375 0.8262061390625 0.49835526249999995 0.8426535078124999 0.499588815625 0.8525219296875 0.5106907890625 0.8591008765625 0.5123355265625 0.8733552625 0.5115131578125001 0.8881578937500001 0.5028782890625 0.9067982453125 0.5016447375 0.92105263125 0.509046053125 0.9342105265624999 0.515625 0.9495614046874999 0.5176809203125 0.9533991234375 0.5234375 0.97423245625 0.5250822375 0.9890350874999999 0.53824013125 0.9808114046874999 0.545641446875 0.9671052625 0.5567434203125 0.9753289484375 0.57113486875 0.9714912265625 0.57730263125 0.9583333328125001 0.57730263125 0.94298245625 0.5838815796875 0.93366228125 0.592516446875 0.93201754375 0.60238486875 0.9243421062499999 0.6040296046875 0.9040570171875 0.6040296046875 0.8815789484375 0.6110197375 0.8706140359375001 0.6233552625 0.8623903500000001 0.6348684203125 0.853070175 0.633223684375 0.8415570171875 0.6204769734375 0.8229166671874999 0.6352796046875 0.8267543859375 0.6439144734375 0.8229166671874999 0.6533717109375 0.8174342109375001 0.6624177625 0.8059210515625 0.6681743421874999 0.7971491234375 0.680098684375 0.78508771875 0.6833881578125001 0.7702850875 0.6813322375 0.7505482453125001 0.6739309203125 0.7308114046874999 0.66324013125 0.7171052625 0.6517269734375 0.7050438609375 0.640213815625 0.6951754390625 0.6295230265625 0.69133771875 0.6196546046875 0.69133771875 0.6032072375 0.6946271937499999 0.59375 0.70010965 0.57894736875 0.7099780703125 0.5686677625 0.7176535078125 0.562911184375 0.7192982453125001 0.554276315625 0.7341008765625 0.5448190796875 0.7472587734375 0.5370065796875 0.7609649125 0.5287828953125 0.7730263171875 0.523026315625 0.7828947375 0.5193256578125001 0.7927631578125001 0.51480263125 0.8075657890624999 0.508223684375 0.821820175
3 0.40486453125 0.6527093609375 0.3967826359375 0.6609195390625 0.39139470468750004 0.6722085390625 0.3871613296875 0.6799055828125 0.3840825125 0.6901683078125 0.382543103125 0.70197044375 0.3833128078125 0.71479885 0.383697659375 0.7266009859375 0.37638546875 0.72865353125 0.3659944578125 0.7317323484375 0.358682265625 0.7368637109375 0.35598830000000004 0.7461001640625 0.3517549265625 0.7543103453125 0.3517549265625 0.7661124796875 0.35444889218750003 0.7748357953125 0.3659944578125 0.7845853859374999 0.377540025 0.7907430203125 0.3929341140625 0.79176929375 0.40255541875 0.7845853859374999 0.410637315625 0.7830459765625 0.4187192125 0.7830459765625 0.427955665625 0.7779146140625001 0.43526785781250005 0.768165025 0.44411945781249995 0.7712438421875001 0.451816503125 0.768165025 0.461822659375 0.75995484375 0.46759544374999995 0.7481527078125 0.47182881718749997 0.7378899828125001 0.47991071406249997 0.7281403937500001 0.484528940625 0.7183908046874999 0.4922259859375 0.7076149421875 0.497613915625 0.6978653515625 0.497613915625 0.6840106734375 0.4922259859375 0.6763136296875001 0.48606835000000004 0.6722085390625 0.47991071406249997 0.6629720859375 0.479141009375 0.646551725 0.46798029531249996 0.6337233171875 0.4602832515625 0.6316707703125 0.439886084375 0.6321839078125 0.4337284484375 0.63834154375 0.42410714218749995 0.6444991796874999 0.4148706890625 0.646551725 0.40486453125 0.6527093609375
3 0.7077205875 0.684313725 0.71948529375 0.6838235296875 0.7290441171875 0.6759803921875001 0.73198529375 0.6651960796874999 0.7327205875 0.65637255 0.7345588234375 0.6441176484375 0.7356617640625001 0.6362745109375 0.7360294125 0.6269607828125 0.732352940625 0.6210784312500001 0.7283088234374999 0.6151960796875 0.7235294125 0.6073529421874999 0.7172794125 0.6039215687499999 0.7150735296875 0.6034313734375 0.7091911765625001 0.6034313734375 0.6996323531249999 0.60539215625 0.694117646875 0.6078431375 0.6834558828125 0.61960784375 0.6834558828125 0.6254901953124999 0.682352940625 0.640686275 0.682352940625 0.6519607828125 0.6875 0.6598039203125 0.6915441171875 0.6735294125 0.6963235296875 0.68039215625 0.7077205875 0.684313725
3 0.56323529375 0.7161764703125 0.575367646875 0.7107843140625 0.580882353125 0.7044117640625001 0.5889705875 0.6990196078124999 0.6 0.6936274499999999 0.612132353125 0.6887254890625 0.6224264703125 0.6862745109375 0.6264705875 0.6823529421875 0.6261029406249999 0.6735294125 0.6205882359375 0.6666666671875 0.6125 0.65539215625 0.605147059375 0.6480392171875 0.5955882359375 0.64362745 0.5908088234375 0.64362745 0.580882353125 0.6450980390625001 0.568382353125 0.6534313734375 0.557352940625 0.66323529375 0.5474264703125 0.6754901953125 0.5452205875 0.6901960796875 0.5466911765625 0.7044117640625001 0.548897059375 0.7137254890625 0.555882353125 0.7181372546875 0.56323529375 0.7161764703125
3 0.34086815625 0.9233909703125001 0.3467219015625 0.9323967328125 0.3530259359375 0.9462055703125 0.363832853125 0.9570124874999999 0.3777917875 0.9552113359375 0.3849963984375 0.9396013453125001 0.393101584375 0.93299711875 0.405259365625 0.9209894328124999 0.4196685875 0.90537944375 0.42372118125 0.8957732953124999 0.421920028125 0.8837656109375001 0.4201188765625 0.8711575421875001 0.421019453125 0.85914985625 0.4138148421875 0.8495437078125001 0.405259365625 0.84414025 0.397154178125 0.84414025 0.3872478390625 0.8489433234374999 0.3831952453125 0.85434678125 0.3786923625 0.8573487046875 0.3696866 0.8633525453124999 0.3570785296875 0.8699567734375 0.3453710375 0.87295869375 0.3399675796875 0.8783621515625001 0.3363652734375 0.8885686828124999 0.3359149859375 0.90057636875 0.3363652734375 0.9119836687499999 0.34086815625 0.9233909703125001
3 0.7681916421875 0.37463976875 0.7641390484375 0.3842459171875 0.766390490625 0.39565321875000004 0.770893371875 0.4010566765625 0.7780979828125 0.4004562921875 0.7880043234375 0.3980547546875 0.8055655625 0.39445245 0.8132204609375 0.3926512953125 0.824477665625 0.3902497609375 0.8334834296875 0.3878482234375 0.8402377515625 0.3854466859375 0.8442903453125 0.3806436125 0.8474423625 0.37343899999999997 0.849243515625 0.3644332375 0.8523955328125 0.3578290109375 0.85554755 0.3524255515625 0.861851584375 0.34702209375000004 0.86725504375 0.34341978906250004 0.8713076375 0.3416186359375 0.87581051875 0.33561479375 0.861401296875 0.3188040359375 0.8456412109375 0.3146013453125 0.824927953125 0.3146013453125 0.81051873125 0.32720941406250004 0.7947586453125 0.3392170984375 0.78530259375 0.3482228625 0.7785482703125 0.3602305484375 0.7681916421875 0.37463976875
3 0.76909221875 0.48511047031250004 0.7803494234375 0.48991354375 0.79385806875 0.4905139296875 0.81051873125 0.48330931875000005 0.8172730546875 0.47610470625 0.8312319890625 0.46709894375000005 0.8442903453125 0.45989433281250003 0.8600504328125 0.4538904890625 0.8798631125 0.45268972031250004 0.8893191640625 0.4520893375 0.8951729109375 0.4388808828125 0.8915706046875 0.42987512031249997 0.8812139765625 0.41486551406250005 0.8749099421875 0.4088616703125 0.8627521609375 0.4016570609375 0.8496938046875 0.3968539875 0.8375360234375 0.3938520640625 0.832582853125 0.3938520640625 0.8213256484375 0.3950528328125 0.8064661390625 0.3968539875 0.7983609515625 0.3980547546875 0.7920569171875 0.3998559078125 0.7780979828125 0.4076609015625 0.76864193125 0.4154658984375 0.7600864546875 0.42987512031249997 0.75288184375 0.44068203749999996 0.7510806921875 0.4502881859375 0.7573847265625 0.4640970234375 0.7618876078125 0.47670509218749996 0.76909221875 0.48511047031250004
1 0.27931257187499997 0.5408055875 0.2811064875 0.54989475625 0.286308840625 0.5501339453125 0.295278415625 0.5482204359375 0.2949196328125 0.54224071875 0.2893584953125 0.5379353234375001 0.28254161875 0.5374569453125 0.27931257187499997 0.5408055875
1 0.1978688296875 0.5374569453125 0.20073909374999999 0.5264542671875 0.198945178125 0.5233448140625 0.191948909375 0.5211921171875 0.1876435125 0.5302812859375 0.185490815625 0.5329123609375 0.177418196875 0.5329123609375 0.1788533296875 0.5384137 0.18172359375 0.5448717953125 0.18674655625 0.5427190953125 0.1935634328125 0.5417623421875 0.1978688296875 0.5374569453125
1 0.28254161875 0.4219288171875 0.2719575203125 0.4243207046875 0.267293340625 0.4291044765625 0.26675516718750003 0.43388825156250005 0.2721369109375 0.43771527031249996 0.274827784375 0.43484500625000005 0.2800301375 0.4334098734375 0.2846943171875 0.43149636406249997 0.28648823125 0.4250382703125 0.28254161875 0.4219288171875
1 0.3517867390625 0.4523057796875 0.3498134328125 0.46617872031249996 0.3449698625 0.46761385468750005 0.3505309984375 0.4750287015625 0.3530424796875 0.4700057390625 0.3586036171875 0.4647435890625 0.358424225 0.4535017234375 0.3535806546875 0.45278415625 0.3517867390625 0.4523057796875
1 0.39304678593750003 0.43245311875 0.39681400624999996 0.425995025 0.3989667046875 0.4185801765625 0.39806974687499996 0.41260045781250004 0.39179104531250003 0.4123612703125 0.390176521875 0.41881936406250003 0.39304678593750003 0.43245311875
1 0.3101679109375 0.5097110609375 0.3169847875 0.5027745890624999 0.320213834375 0.49416379531250004 0.3211107921875 0.48555300468749996 0.31321756562499997 0.48603138125 0.31052669375 0.4975124375 0.3101679109375 0.5097110609375
1 0.35950057343749997 0.50133945625 0.362729621875 0.4927286640625 0.366855625 0.487227325 0.3670350171875 0.4778989671875 0.359679965625 0.4759854578125 0.356630309375 0.48866245625 0.35950057343749997 0.50133945625
1 0.0990556859375 0.7460410171875 0.0951616046875 0.7557762203125 0.0956483640625 0.76648494375 0.101976246875 0.763239875 0.10635708749999999 0.7570742484374999 0.11146806875 0.7434449640625 0.104410046875 0.7395508828125 0.0990556859375 0.7460410171875
1 0.20735981250000002 0.6798416421875 0.20370911249999998 0.6908748703125001 0.202978971875 0.698338525 0.20735981250000002 0.69866303125 0.210767134375 0.6944444437499999 0.2149045953125 0.6840602296875 0.2153913546875 0.67821910625 0.2129575546875 0.6749740390625 0.20735981250000002 0.6798416421875
1 0.104410046875 0.8816848390625 0.0963785046875 0.8943406015625 0.10635708749999999 0.8959631359375001 0.1131717296875 0.89628764375 0.1212032703125 0.8946651078125001 0.1250973515625 0.8878504671874999 0.11828271093750001 0.8816848390625 0.11195482812499999 0.8816848390625 0.104410046875 0.8816848390625