1 0.3017703859375 0.3652539328125 0.3034468890625 0.35452432031250003 0.3014350859375 0.3446888421875 0.2943937765625 0.3518419171875 0.2866818671875 0.3478183125 0.290705471875 0.35899499375 0.2823229609375 0.3639127328125 0.2746110515625 0.3621244625 0.275616953125 0.35675965625 0.25382242499999996 0.36838340468749997 0.242086909375 0.3813483546875 0.23940450625 0.3898426328125 0.24845761875 0.39565450625 0.261199034375 0.3947603734375 0.27628755312500003 0.38939556406250003 0.285675965625 0.38492489218750003 0.291040771875 0.37464234531249996 0.3017703859375 0.3652539328125
1 0.3899543984375 0.5333512171875 0.3845895921875 0.527092275 0.38492489218750003 0.5033977109375 0.3798953859375 0.48998569375 0.3678245703125 0.48059728125 0.35642435625 0.4837267515625 0.3554184546875 0.4931151640625 0.363465665625 0.5078683828125 0.373189378125 0.5177038625 0.37553648125 0.5279864078125 0.3768776828125 0.5436337625000001 0.3819071890625 0.5355865515625 0.3899543984375 0.5333512171875
1 0.4137607296875 0.5874463515625 0.41610783281249997 0.5709048640625001 0.4140960296875 0.55838698125 0.4060488203125 0.5633047203125 0.39699570781250004 0.57135193125 0.3943133046875 0.5861051500000001 0.3919662015625 0.6115879828125 0.3819071890625 0.62678826875 0.3892837984375 0.6343884125 0.39498390625 0.62321173125 0.40470761875 0.6093526453125 0.4137607296875 0.5874463515625
1 0.290034871875 0.7273783984375 0.304788090625 0.7179899859375001 0.3185354078125 0.7077074390625 0.3232296140625 0.6996602296875001 0.315517703125 0.6920600859375 0.3021056859375 0.6911659515624999 0.28869366875 0.7001072953125 0.28634656718749996 0.7077074390625 0.2819876609375 0.71754291875 0.271258046875 0.7238018609375 0.27863465625 0.7264842625 0.2799758578125 0.7381080109375 0.2829935625 0.7327432046875 0.290034871875 0.7273783984375
1 0.3064645921875 0.65271816875 0.29841738125 0.6630007140624999 0.29037017187499997 0.65987124375 0.2823229609375 0.66210658125 0.2749463515625 0.6688125890625 0.26824034375 0.6799892703125 0.2642167375 0.6920600859375 0.2742757515625 0.6942954234375 0.2829935625 0.6911659515624999 0.2937231765625 0.6826716734375 0.305123390625 0.6746244625 0.3185354078125 0.6706008578125 0.30814109375 0.6665772546875 0.3064645921875 0.65271816875
1 0.246781115625 0.5691165953125 0.24074570781250001 0.5646459234375001 0.2330337984375 0.55123390625 0.222639484375 0.54542203125 0.20956276875 0.5507868375 0.2038626609375 0.5619635187500001 0.21190987187500002 0.5758226046875 0.222639484375 0.58431688125 0.2347103 0.5852110171875 0.234375 0.5802932765625 0.2424222109375 0.5829756796875001 0.2430928109375 0.5762696703125 0.246781115625 0.5691165953125
1 0.06169527968750001 0.49713876875 0.0690718890625 0.4940093 0.0818133046875 0.49177396250000005 0.0848310078125 0.4873032890625 0.090195815625 0.47702074375 0.0841604078125 0.475232475 0.0787956015625 0.4689735328125 0.0724248921875 0.46986766874999997 0.07477199531249999 0.47925607968749995 0.058006975 0.48864449218750006 0.041577253125000005 0.4904327609375 0.030512339062499998 0.49445636718749997 0.022465128125 0.5025035765625 0.0110649140625 0.5145743921875 0.0110649140625 0.5306688125 0.023135729687500002 0.5373748203125001 0.0348712453125 0.5329041484375 0.0456008578125 0.52306866875 0.0576716734375 0.5172567953125 0.059012875 0.50831545 0.06169527968750001 0.49713876875
1 0.1401555796875 0.5132331890625 0.143508584375 0.5226216015625 0.1458556859375 0.5109978546875 0.15222639531249998 0.5074213171874999 0.1528969953125 0.5020565078125 0.1374731765625 0.501162375 0.12741416249999998 0.5025035765625 0.110313840625 0.5038447796875001 0.097907725 0.5132331890625 0.08818401249999999 0.5284334765625001 0.085166309375 0.5409513578125 0.0912017171875 0.5472102999999999 0.1036078328125 0.5449749640625 0.1109844421875 0.5387160234375 0.11701985 0.5333512171875 0.129425965625 0.5261981390625 0.1354613734375 0.5150214578125001 0.1401555796875 0.5132331890625
1 0.14183208125 0.5852110171875 0.1428379828125 0.57850500625 0.1331142703125 0.5807403437499999 0.12439645937499999 0.5802932765625 0.109643240625 0.58789341875 0.100254828125 0.5945994265625 0.0912017171875 0.60667024375 0.08818401249999999 0.6151645203125 0.09254291875000001 0.6169527890625 0.10461373437499999 0.6187410578125 0.1203728546875 0.61024678125 0.13177306875 0.6057761078125 0.134455471875 0.5977288984375 0.14183208125 0.5852110171875
1 0.082127609375 0.6562302328125 0.08687144218750001 0.6427893734375 0.0910222953125 0.6368595828125 0.0975450671875 0.6313251109375 0.10525379531250001 0.6281625562500001 0.0948766609375 0.6198608484375 0.0922082546875 0.62539531875 0.084796015625 0.6297438328125 0.071453984375 0.6352783046875 0.059594401562499996 0.6419987359375 0.049513757812499996 0.6518817203125 0.0415085390625 0.6589974703125 0.0379506640625 0.6704617328125 0.049810246875000005 0.676391525 0.0643382359375 0.6752055671875 0.0756048390625 0.66532258125 0.07738377656249999 0.6570208734375 0.082127609375 0.6562302328125
1 0.19835151875 0.5886306125 0.20754269375 0.580724225 0.197165559375 0.5763757125 0.19331119531250002 0.5819101828125001 0.17700426875 0.5894212515625 0.167516603125 0.5961416828125 0.15891840625 0.59969955625 0.1544710625 0.6072106265625 0.145872865625 0.61788425 0.14468690625 0.628557875 0.15625 0.63211575 0.1731499046875 0.6293485140625 0.18323055 0.6163029734375 0.19301470625 0.6008855140625 0.19835151875 0.5886306125
1 0.18589895625 0.4356419984375 0.1891603421875 0.42378241718750004 0.1942006640625 0.41429475 0.18945683124999999 0.40678368125000003 0.18500948749999999 0.4000632515625 0.18056214375 0.40678368125000003 0.18056214375 0.42299177656250003 0.1687025609375 0.424968375 0.1532851046875 0.4293168875 0.14261147968750001 0.43603731874999996 0.1322343453125 0.44512966406250004 0.131641365625 0.4522454140625 0.1366816890625 0.4577798859375 0.144093928125 0.46173308124999995 0.159807875 0.4573845671875 0.1707779890625 0.45382669218749994 0.181748103125 0.444339025 0.18589895625 0.4356419984375
1 0.21940227656250003 0.506404175 0.22503557812500002 0.5000790640624999 0.21376897499999997 0.49731182656249995 0.21021109999999998 0.48782416250000005 0.2039848203125 0.4854522453125 0.205170778125 0.49849778593750005 0.1992409859375 0.49968374375 0.1853059765625 0.49889310625 0.17374288437500002 0.5052182171874999 0.1592148953125 0.5147058828125 0.15417457343750002 0.5265654640624999 0.16781309375 0.52893738125 0.1847129984375 0.52893738125 0.192718215625 0.5222169515624999 0.2010199234375 0.513519925 0.2108040796875 0.5190543953125 0.20724620468750002 0.5091714109375001 0.21940227656250003 0.506404175
1 0.36616461093749997 0.35934535156249997 0.367647059375 0.3462998109375 0.35964184062500004 0.3427419359375 0.3462998109375 0.3411606578125 0.33770161249999997 0.3462998109375 0.3320683109375 0.35183428125 0.3261385203125 0.3597406703125 0.333550759375 0.36487982343750003 0.3418524671875 0.3680423796875 0.35104364375 0.3656704625 0.358752371875 0.3644845046875 0.36616461093749997 0.35934535156249997
1 0.3889943078125 0.4004585703125 0.3860294125 0.3937381390625 0.3958135671875 0.39176154375 0.389290796875 0.38622707031250003 0.379506640625 0.3822738765625 0.3634962046875 0.3791113234375 0.36912950625 0.3755534484375 0.3445208734375 0.3802972796875 0.330882353125 0.3909709046875 0.33473671718750003 0.4028304875 0.3442243828125 0.40757432031249996 0.349857684375 0.40678368125000003 0.361420778125 0.40599304218750004 0.37268738125 0.4044117640625 0.3800996203125 0.39611005625 0.3889943078125 0.4004585703125
1 0.36735056875 0.42378241718750004 0.360531309375 0.4186432640625 0.343038425 0.42022454218750005 0.328213946875 0.42417773593749997 0.3199122390625 0.4352466796875 0.324656071875 0.44592030468750005 0.33444022812499996 0.4498734984375 0.34600332031250003 0.44947817968750003 0.3617172671875 0.44394370624999996 0.370315465625 0.4364326375 0.38513994375 0.43761859531249997 0.3854364328125 0.4269449703125 0.37505929843749997 0.4269449703125 0.36735056875 0.42378241718750004
1 0.5048754703125 0.3328634078125 0.5119243421874999 0.3285557640625 0.50722509375 0.3250313296875 0.5039943609375 0.3183740609375 0.5022321421875 0.3226817046875 0.49870770625 0.32385651718749997 0.49371475625 0.3207236828125 0.48578477500000006 0.31680764375 0.47579887187500003 0.3183740609375 0.46875 0.3254229328125 0.46728148437500006 0.33247180468750004 0.4713933265625 0.34069548906249997 0.4822603390625 0.344219925 0.492246240625 0.344219925 0.500763628125 0.33873746875 0.5057565796875 0.34069548906249997 0.5048754703125 0.3328634078125
1 0.5592105265625 0.33638784374999997 0.5597979328125 0.3446115296875 0.5644971796875 0.3516604 0.573125 0.3583333328125 0.5815319546875 0.3544016296875 0.5806508453125 0.34265350781250004 0.5730145671875 0.33403822031249997 0.5639097750000001 0.3320802 0.5592105265625 0.33638784374999997
1 0.5048754703125 0.2733396 0.5119243421874999 0.2690319546875 0.494008459375 0.26550751875 0.4819666359375 0.2525845875 0.46757518749999993 0.24357769375 0.4528900375 0.2455357140625 0.45347744375000004 0.2525845875 0.4587640984375 0.2627662921875 0.4731555453125 0.2690319546875 0.4846099625 0.2705983703125 0.4969454890625 0.27412280624999996 0.5048754703125 0.2784304515625 0.5048754703125 0.2733396
1 0.517210996875 0.217340225 0.513686559375 0.2079417296875 0.5057565796875 0.2040256890625 0.499588815625 0.2040256890625 0.4972391921875 0.20833333281250002 0.5013510343750001 0.22360588906249998 0.5101621234375 0.23457080156250001 0.5192669171875 0.2357456140625 0.5254346796875 0.2408364671875 0.52425986875 0.23613721875000002 0.5277843046874999 0.22908834531250002 0.522203946875 0.22908834531250002 0.517210996875 0.217340225
1 0.4138275375 0.2901785703125 0.4111842109375 0.2999686703125 0.4138275375 0.3066259390625 0.41735197343749997 0.3128916046875 0.4249882515625 0.3125 0.42410714218749995 0.3042763171875 0.42351973750000005 0.2952694234375 0.41999529999999996 0.28704573906249997 0.4138275375 0.2901785703125
1 0.3850446421875 0.1734805765625 0.3876879703125 0.1609492484375 0.38739426718750003 0.1503759390625 0.3788768796875 0.1523339609375 0.3730028203125 0.1601660390625 0.3694783828125 0.1660401 0.3691846796875 0.1734805765625 0.36360432343750004 0.1773966171875 0.368890978125 0.18131265624999998 0.3709468984375 0.1875783203125 0.3771146609375 0.18366228125 0.3850446421875 0.1734805765625
1 0.45641447343749997 0.3316885953125 0.45964520625 0.3258145359375 0.45112782031250004 0.3262061390625 0.44496005624999996 0.3203320796875 0.43761748125000005 0.31641603906250004 0.42792528125 0.3207236828125 0.42351973750000005 0.32777255625 0.42175751874999995 0.3367794484375 0.43027490625000003 0.3450031328125 0.4402608078125 0.3450031328125 0.44701597812499994 0.33952067656249996 0.4496593046875 0.3332550125 0.4561207703125 0.3359962390625 0.45641447343749997 0.3316885953125
1 0.4296875 0.37593985 0.437323778125 0.37045739375000003 0.44407894687500005 0.3739818296875 0.443491540625 0.3555764421875 0.43849859062499996 0.36066729375 0.42351973750000005 0.36184210625 0.4105968046875 0.3630169171875 0.407366071875 0.3700657890625 0.40296052656250003 0.3731986203125 0.40589755624999996 0.3806390984375 0.41500234999999996 0.38298872031250003 0.42087640937500004 0.3869047625 0.43027490625000003 0.3837719296875 0.4296875 0.37593985
1 0.5295465218750001 0.3747650375 0.5260220859375 0.38298872031250003 0.5274906015624999 0.3947368421875 0.5363016921875 0.4068765671875 0.5336583640625 0.4139254390625 0.539238721875 0.41901629218750003 0.5439379703125 0.4064849625 0.546875 0.39238721875000004 0.5442316734375 0.37907268125 0.5383576125 0.373590225 0.5295465218750001 0.3747650375
1 0.49488956718750005 0.4276315796875 0.48842810156249994 0.42254072656249997 0.4813792296875 0.4162750625 0.4734492484375 0.41431704218750004 0.46316964218749995 0.41314223125 0.45993890937500004 0.4201911015625 0.46287594062500004 0.43037280625 0.47051221875 0.43350563906249995 0.4787359015625 0.4362468671875 0.4866658828125 0.4319392234375 0.49077772499999994 0.4342888484375 0.49488956718750005 0.4276315796875
1 0.50105733125 0.40570175468749997 0.49547697343749997 0.40335213124999997 0.491071428125 0.3963032578125 0.4772673875 0.3951284453125 0.47227443593749996 0.40296052656250003 0.476386278125 0.4115758140625 0.484316259375 0.4139254390625 0.49283364687500003 0.4162750625 0.494008459375 0.4123590234375 0.49870770625 0.41431704218750004 0.50105733125 0.40570175468749997
1 0.5057565796875 0.42567355781250005 0.49988251874999995 0.4166666671875 0.49253994375000004 0.4213659140625 0.4960643796875 0.4268483703125 0.49371475625 0.43350563906249995 0.4945958640625 0.4374216796875 0.4960643796875 0.4487781953125 0.494008459375 0.45230263125 0.49547697343749997 0.4628759390625 0.49753289531249995 0.4530858390625 0.501938440625 0.44682017500000004 0.5045817671874999 0.4378132828125 0.5078125 0.43272243125000004 0.5057565796875 0.42567355781250005
1 0.5130991546875 0.3285557640625 0.51109375 0.33875 0.5142187500000001 0.3464583328125 0.521875 0.3533333328125 0.52390625 0.35770833281250003 0.5284375 0.354375 0.52640625 0.3483333328125 0.5251409781249999 0.3336466171875 0.5186795109375 0.3285557640625 0.5130991546875 0.3285557640625
1 0.610608553125 0.2408364671875 0.6059093046874999 0.2275219296875 0.600328946875 0.2185150375 0.59386748125 0.21616541250000001 0.5921052625 0.22282268125 0.594748590625 0.2330043859375 0.593573778125 0.23927005 0.6009163531249999 0.2506265671875 0.6041470859375 0.25689223125 0.6044407890625 0.26668233125 0.6132518796875 0.26315789375 0.6132518796875 0.25336779374999996 0.610608553125 0.2408364671875
1 0.5603853390625 0.30819235625 0.5577420109375 0.2980106515625 0.552749059375 0.2921365921875 0.5451127812500001 0.2968358390625 0.54628759375 0.3062343359375 0.5433505640625 0.30858396093749996 0.546581296875 0.3109335828125 0.5506931390625 0.3203320796875 0.555686090625 0.3230733078125 0.5583294171875 0.31328320781249996 0.5665531015624999 0.30936716875000003 0.5603853390625 0.30819235625
1 0.5574483078125 0.2670739359375 0.552749059375 0.25689223125 0.547168703125 0.2525845875 0.5404135343750001 0.25571741875 0.5404135343750001 0.26315789375 0.5433505640625 0.2682487453125 0.5489309203125 0.2725563921875 0.5512805453125 0.2788220546875 0.554217575 0.2713815796875 0.5574483078125 0.27294799531249997 0.5597979328125 0.2792136578125 0.5639097750000001 0.2651159140625 0.5574483078125 0.2670739359375
1 0.281699178125 0.1005304578125 0.2765657078125 0.09197467499999999 0.2701488703125 0.0812799453125 0.259240246875 0.0757186859375 0.24833162187500002 0.0765742640625 0.2486524640625 0.08384668125 0.2576360375 0.0971081453125 0.262448665625 0.0983915125 0.272073921875 0.1035249828125 0.28009496875 0.1103696109375 0.2762448671875 0.10095824843750001 0.281699178125 0.1005304578125
1 0.301585478125 0.1933976703125 0.292681525 0.2037377453125 0.2886603859375 0.21101409375000002 0.2900965078125 0.22173713281250002 0.299000459375 0.2209712 0.30531939375 0.2090992640625 0.3084788609375 0.20220588281250002 0.3170955875 0.1987591921875 0.313648896875 0.1941636015625 0.3168083640625 0.17731311249999998 0.31020220625 0.1872702203125 0.301585478125 0.1933976703125
1 0.707163546875 0.05421865625 0.6985294125 0.06535947656249999 0.7046568625 0.07130124843749999 0.711619875 0.06461675624999999 0.7247103390625 0.0605317875 0.733065953125 0.053475935937499997 0.7297237078125 0.04679144375 0.7219251343749999 0.0449346390625 0.714962121875 0.0482768875 0.707163546875 0.05421865625
1 0.89387464375 0.5199430203125 0.8885327640625 0.5258784421875 0.8954326921875 0.5294396953125 0.8981036328125 0.5371557453125 0.9034455124999999 0.5433879390625 0.9112357546875 0.5422008546875 0.9112357546875 0.53300095 0.9078970796875 0.52291073125 0.8992165234374999 0.5202397921874999 0.896100428125 0.5148979109375 0.89387464375 0.5199430203125
1 0.7178151703125 0.41607312500000004 0.7224893156250001 0.4211182328125 0.7282763531249999 0.4255698 0.7385149578125 0.4246794875 0.7449697296875 0.41904083593749997 0.744079415625 0.4116215578125 0.7365117515625 0.4065764484375 0.724492521875 0.4015313390625 0.7236022078125 0.4128086421875 0.7178151703125 0.41607312500000004
1 0.7229344734375001 0.4125118703125 0.7238247859375 0.4015313390625 0.7198183765625 0.3917378921875 0.7167022796875 0.39440883125 0.712028134375 0.4009377953125 0.7118055562500001 0.4113247859375 0.715811965625 0.4205246921875 0.71937321875 0.42616334375 0.7231570515625 0.4249762578125 0.7209312671875 0.4211182328125 0.7171474359375 0.4166666671875 0.7229344734375001 0.4125118703125
1 0.7042378921875 0.31398385625 0.70980235 0.3068613484375 0.7093571937500001 0.2997388421875 0.7013443734375 0.2958808171875 0.6928863953125 0.2964743578125 0.6888799859375 0.2988485265625 0.6826477921875 0.3041904078125 0.6793091171875 0.31279677031249997 0.6824252140625 0.31902896406250003 0.6891025640625 0.31873219375 0.6895477203125 0.31309354218749996 0.7042378921875 0.31398385625
1 0.6704059828125 0.3650284890625 0.6759704421875 0.3620607796875 0.6824252140625 0.3546415 0.684205840625 0.34544159531249996 0.6797542734375 0.33980294375 0.672631765625 0.3403964859375 0.665954415625 0.34455128125 0.65949964375 0.3516737890625 0.656828703125 0.3555318140625 0.652599715625 0.3531576453125 0.6483707265625 0.3457383671875 0.6490384609375 0.36354463593749997 0.6521545578125 0.3590930671875 0.66283831875 0.36354463593749997 0.6704059828125 0.3650284890625
1 0.599403490625 0.31398385625 0.6054131046875 0.3136870859375 0.6165420234375001 0.3125 0.625 0.3056742640625 0.6267806265625 0.3000356125 0.62210648125 0.2941001890625 0.6125356125 0.29380341875 0.6014066953125 0.2994420703125 0.59962606875 0.30834520468750004 0.599403490625 0.31398385625
1 0.594506765625 0.3380223171875 0.58716168125 0.3368352328125 0.5793714390625 0.3380223171875 0.580706909375 0.34188034218749996 0.5829326921875 0.3555318140625 0.5942841875 0.3555318140625 0.600293803125 0.3510802484375 0.6014066953125 0.3424738828125 0.594506765625 0.3380223171875
1 0.600071225 0.4611823359375 0.6040776359375 0.4665242171875 0.6022970078125 0.4763176640625 0.6009615390625 0.48403371249999994 0.6138710828125 0.4736467234375 0.6167646015625 0.4656339046875 0.6114227203125 0.4617758796875 0.600071225 0.4611823359375
1 0.6009615390625 0.4843304828125 0.6014066953125 0.49085945000000003 0.6027421656249999 0.49976258281249997 0.6145388171875 0.5083689453125 0.6172097578125 0.4994658125 0.62210648125 0.492640075 0.615651709375 0.4881885078125 0.61298076875 0.4822530859375 0.6076388890625 0.4810660015625 0.6009615390625 0.4843304828125
1 0.6953347578125 0.3383190875 0.69934116875 0.3308998109375 0.6982282765625001 0.3252611578125 0.689992878125 0.3216999046875 0.6806445875 0.324074075 0.6710737171875001 0.3285256421875 0.663060896875 0.3329772078125 0.6577190171875 0.33475783593749997 0.663060896875 0.3430674265625 0.666399571875 0.3403964859375 0.6768607546875 0.33891263125000004 0.6846509968750001 0.33980294375 0.6953347578125 0.3383190875
1 0.6637286328124999 0.31279677031249997 0.656383546875 0.30982906093749996 0.649706196875 0.3092355171875 0.6514868234375 0.3181386515625 0.6501513531249999 0.3246676171875 0.6530448718749999 0.3276353265625 0.65860933125 0.3267450140625 0.6672898859374999 0.3193257359375 0.6637286328124999 0.31279677031249997
1 0.5922809828125 0.29469373125 0.5887197296875 0.3018162390625 0.588274571875 0.3107193734375 0.590277778125 0.3193257359375 0.594061609375 0.3228869890625 0.6005163812500001 0.324074075 0.5991809109374999 0.31487416874999996 0.59962606875 0.3003323828125 0.596509971875 0.29469373125 0.5922809828125 0.29469373125
1 0.6078614671875 0.2706552703125 0.6127581906249999 0.2721391265625 0.6167646015625 0.27718423593749997 0.6163194437499999 0.2691714140625 0.6196581203125 0.26887464375 0.624332265625 0.266500475 0.62544515625 0.25255223125000004 0.6198806984375 0.24691358124999999 0.6152065531249999 0.24780389375 0.6145388171875 0.2537393171875 0.6136485046875 0.2644230765625 0.612313034375 0.2667972453125 0.6078614671875 0.2706552703125
1 0.6501513531249999 0.25908119531249996 0.6481481484375 0.25730057031250003 0.6481481484375 0.2662037046875 0.6514868234375 0.27362298125 0.656383546875 0.2819325734375 0.6643963671875001 0.2837132 0.6764155984375 0.2825261171875 0.6833155265624999 0.2751068375 0.6768607546875 0.2691714140625 0.6699608265625 0.2670940171875 0.6590544875 0.2653133890625 0.6539351859375 0.2635327625 0.65326745 0.2546296296875 0.6501513531249999 0.25908119531249996
1 0.6361289171875 0.28994539375 0.6416933765625 0.2955840453125 0.6485933046875 0.3038936375 0.6552706546875 0.2991453 0.65282229375 0.2917260203125 0.650596509375 0.2819325734375 0.646812678125 0.2792616328125 0.641025640625 0.2792616328125 0.641025640625 0.2887583109375 0.6361289171875 0.28994539375
1 0.616096865625 0.31279677031249997 0.6009615390625 0.3160612546875 0.603187321875 0.3246676171875 0.6065259968750001 0.33208689375 0.614983975 0.33594491875 0.6209935890625 0.33475783593749997 0.6298967234374999 0.33535137656249997 0.6385772796875 0.3323836671875 0.646812678125 0.3258547 0.6479255703125 0.31873219375 0.637686965625 0.3181386515625 0.6298967234374999 0.31279677031249997 0.621661325 0.31220322968750003 0.616096865625 0.31279677031249997
1 0.6764611781250001 0.3875142203125 0.6801941125 0.3814704203125 0.6785942828125 0.37436006875 0.6847269625 0.3747155859375 0.6828604953124999 0.36405005625000003 0.6769944546875 0.36405005625000003 0.6721949656249999 0.3658276453125 0.6623293515625 0.3658276453125 0.6660622859374999 0.3736490328125 0.660462884375 0.3818259390625 0.6631292656250001 0.3846700796875 0.6657956484375 0.3971131953125 0.66846203125 0.3971131953125 0.6764611781250001 0.3875142203125
1 0.6407812500000001 0.3964583328125 0.6364062500000001 0.39895833281250004 0.63625 0.4047916671875 0.64171875 0.405625 0.64390625 0.4122916671875 0.6453125 0.40812499999999996 0.65109375 0.4097916671875 0.6559375000000001 0.4022916671875 0.65796875 0.3954166671875 0.6565624999999999 0.39 0.65125 0.3872916671875 0.6478125 0.3829166671875 0.64515625 0.3845833328125 0.64453125 0.3902083328125 0.6407812500000001 0.3964583328125
1 0.65546875 0.449375 0.6534375 0.45583333281250005 0.6490625 0.4641666671875 0.6548437500000001 0.46604166718749995 0.665 0.465 0.6720312500000001 0.460625 0.6778125 0.45187499999999997 0.6790625 0.445 0.6728125 0.43916666718749997 0.6609375 0.43916666718749997 0.6534375 0.4435416671875 0.65546875 0.449375
1 0.6370312499999999 0.4322916671875 0.6404687499999999 0.44333333281250004 0.6526562499999999 0.4414583328125 0.6639062499999999 0.43583333281250003 0.6637500000000001 0.42729166718749995 0.65828125 0.42125 0.64921875 0.41958333281250004 0.6407812500000001 0.4225 0.6328125 0.426875 0.6275000000000001 0.43062500000000004 0.6184375 0.43499999999999994 0.61828125 0.43916666718749997 0.62375 0.43916666718749997 0.63 0.4329166671875 0.6370312499999999 0.4322916671875
1 0.71171875 0.3754166671875 0.70703125 0.37124999999999997 0.6993750000000001 0.36875 0.693125 0.3716666671875 0.6884375 0.3764583328125 0.6825 0.3804166671875 0.69046875 0.3891666671875 0.69296875 0.3858333328125 0.7029687499999999 0.3885416671875 0.70921875 0.38145833281249997 0.71171875 0.3754166671875
1 0.7375 0.33645833281250004 0.73109375 0.3325 0.72828125 0.3260416671875 0.72578125 0.33187500000000003 0.71765625 0.33125 0.7150000000000001 0.34125 0.720625 0.3427083328125 0.72484375 0.3429166671875 0.72828125 0.3491666671875 0.7334375 0.35208333281250004 0.7378125 0.35291666718750003 0.74 0.3460416671875 0.7375 0.33645833281250004
1 0.72578125 0.35291666718750003 0.719375 0.3514583328125 0.714375 0.3525 0.71546875 0.3554166671875 0.71390625 0.36124999999999996 0.71640625 0.36375 0.7178125 0.3604166671875 0.7209375 0.36666666718749996 0.72390625 0.3635416671875 0.72703125 0.35875 0.72578125 0.35291666718750003
1 0.65 0.44333333281250004 0.639375 0.4458333328125 0.63671875 0.4527083328125 0.6342187499999999 0.4577083328125 0.64125 0.464375 0.6470312500000001 0.46229166718750003 0.6520312500000001 0.4560416671875 0.654375 0.448125 0.65 0.44333333281250004
1 0.69484375 0.3395833328125 0.68140625 0.3414583328125 0.6849999999999999 0.3458333328125 0.68359375 0.354375 0.6909375 0.353125 0.6951562499999999 0.3452083328125 0.69484375 0.3395833328125
1 0.6157812500000001 0.3514583328125 0.61265625 0.3602083328125 0.61921875 0.3627083328125 0.62 0.3541666671875 0.62578125 0.3579166671875 0.62953125 0.35562499999999997 0.63171875 0.344375 0.628125 0.33875 0.6214062499999999 0.3383333328125 0.61671875 0.3389583328125 0.61390625 0.34562499999999996 0.6157812500000001 0.3514583328125
1 0.60078125 0.3910416671875 0.6028125 0.3975 0.60375 0.39249999999999996 0.6095312500000001 0.3929166671875 0.6190625 0.3854166671875 0.6234375 0.3791666671875 0.61984375 0.3752083328125 0.61203125 0.375 0.60546875 0.37666666718749997 0.6003125 0.3789583328125 0.594375 0.38166666718750003 0.5878125 0.37312500000000004 0.58921875 0.385 0.58859375 0.39 0.596875 0.3885416671875 0.60078125 0.3910416671875
1 0.5746875 0.3258333328125 0.573125 0.3320833328125 0.5782812500000001 0.33708333281249997 0.58359375 0.3325 0.58640625 0.3258333328125 0.58515625 0.316875 0.57921875 0.3185416671875 0.5746875 0.3258333328125
1 0.6321875 0.37687499999999996 0.63203125 0.36604166718750003 0.62671875 0.359375 0.623125 0.3604166671875 0.62171875 0.3695833328125 0.62328125 0.378125 0.62 0.3854166671875 0.6135937499999999 0.3910416671875 0.61921875 0.3910416671875 0.6224999999999999 0.39875 0.624375 0.3895833328125 0.6287499999999999 0.3864583328125 0.6321875 0.37687499999999996
1 0.6284375 0.3583333328125 0.63359375 0.36604166718750003 0.63328125 0.3783333328125 0.64 0.3758333328125 0.6421875 0.3679166671875 0.63828125 0.3627083328125 0.6284375 0.3583333328125
1 0.7025 0.4 0.70078125 0.3945833328125 0.69609375 0.390625 0.69078125 0.3908333328125 0.68640625 0.39416666718750004 0.6825 0.4014583328125 0.68859375 0.40812499999999996 0.6940625 0.4097916671875 0.6990624999999999 0.40750000000000003 0.7025 0.4
1 0.70921875 0.4166666671875 0.70375 0.4125 0.70125 0.41041666718750003 0.69453125 0.41208333281250004 0.6996875 0.41375 0.70015625 0.42374999999999996 0.7017187500000001 0.429375 0.709375 0.4214583328125 0.70921875 0.4166666671875
1 0.5584374999999999 0.4291666671875 0.55734375 0.434375 0.5582812500000001 0.448125 0.56125 0.45583333281250005 0.56578125 0.456875 0.5696875 0.4525 0.5703125 0.44000000000000006 0.568125 0.426875 0.56296875 0.4233333328125 0.5584374999999999 0.4291666671875
1 0.51109375 0.3929166671875 0.5103125000000001 0.4027083328125 0.51453125 0.41187500000000005 0.5232812499999999 0.41375 0.52796875 0.4183333328125 0.5326562499999999 0.4139583328125 0.53609375 0.40708333281250003 0.526875 0.3952083328125 0.52515625 0.3804166671875 0.51953125 0.38687499999999997 0.51109375 0.3929166671875
1 0.6443749999999999 0.38416666718750003 0.646875 0.38145833281249997 0.65125 0.3829166671875 0.6471875 0.3779166671875 0.6420312499999999 0.3797916671875 0.6384375 0.38416666718750003 0.63359375 0.3935416671875 0.63 0.39729166718750003 0.63359375 0.4016666671875 0.63625 0.3977083328125 0.640625 0.3939583328125 0.64359375 0.3902083328125 0.6443749999999999 0.38416666718750003
1 0.69875 0.41604166718749996 0.69328125 0.41270833281249997 0.68875 0.41624999999999995 0.686875 0.4110416671875 0.68171875 0.406875 0.678125 0.41166666718749995 0.6704687500000001 0.4170833328125 0.66359375 0.42125 0.6665625000000001 0.4335416671875 0.67484375 0.43499999999999994 0.68640625 0.43333333281249997 0.70125 0.43104166718750003 0.69875 0.41604166718749996
1 0.694375 0.349375 0.69203125 0.356875 0.69046875 0.3647916671875 0.691875 0.3689583328125 0.6967187499999999 0.366875 0.70109375 0.3675 0.7003125 0.361875 0.70125 0.35208333281250004 0.69734375 0.3479166671875 0.694375 0.349375
3 0.7027647953125 0.6148444953125 0.6988520234375 0.6183225140624999 0.6941566984375 0.6131054875 0.6907656296875 0.6075406562500001 0.684766046875 0.6169313078124999 0.6798098703125001 0.6103230703125 0.6769405046875 0.6176269109375 0.669897515625 0.6110186750000001 0.6675498531249999 0.6228439390625 0.6539855796875 0.6155401 0.6667672984374999 0.6040626375 0.6832009390625 0.5960631937499999 0.6876354124999999 0.5838901265625001 0.6971875 0.579375 0.69296875 0.5691666671875 0.679027315625 0.5665000328125 0.6717234765625 0.5598917984375 0.6860703046875 0.54319730625 0.6954609546875 0.537284675 0.7022430921875 0.5271984187500001 0.6970260640625 0.5240682015625 0.6829400875 0.5306764375 0.6683324078124999 0.5452841171875 0.6516379171875 0.5717170609375 0.6448557796875 0.5831945234375 0.634682575 0.5744994765625 0.6187706375 0.5720648625 0.60259785 0.57310826875 0.5937289015625 0.5692824484375001 0.588251021875 0.57310826875 0.5673829078125 0.5838901265625001 0.5449496859375 0.5978022046875 0.52903775 0.601628025 0.52095135625 0.6071928546875001 0.515212625 0.6082362609375 0.5105172984374999 0.60301923125 0.5092130421875 0.6148444953125 0.506082825 0.6186703171875 0.502170053125 0.6113664765625 0.5006049453125 0.6155401 0.4959096203125 0.6037148359375 0.49199684843749997 0.6054538453125 0.48991003749999995 0.6158879015625 0.48234534531250006 0.6085840625000001 0.47895427812499997 0.6270175625000001 0.47399810000000003 0.6287565703125 0.47060703125 0.6391906296875 0.4661725578125 0.6231917421875 0.46304234062500005 0.6273653640625 0.460694678125 0.6179747124999999 0.4541733921875 0.6218005328125 0.4523474328125 0.6311911859375 0.44817380937499995 0.6273653640625 0.44634785 0.6158879015625 0.4413916734375 0.6148444953125 0.4408699703125 0.6318867890625001 0.43695719843749997 0.6360604109375 0.4340878328125 0.6318867890625001 0.42443633125 0.6155401 0.41713249062499996 0.6138010890625 0.415828234375 0.6252785515625 0.411393759375 0.6256263546875 0.41948015312500003 0.6371038171875 0.41035035468750003 0.6426686484374999 0.40252481093750003 0.6346692046875 0.4001771484375 0.6447554578125 0.391829903125 0.6485812796875 0.3920907546875 0.656928525 0.3842652125 0.65797193125 0.3842652125 0.6645801671875 0.3967860796875 0.67988345 0.415828234375 0.68579608125 0.435392090625 0.6899697046875 0.4604338265625 0.6917087140625 0.479215128125 0.6958823375 0.496431321875 0.6955345359375 0.48912748281249996 0.6976213453125 0.4875623734375 0.7104900171875 0.46852022031249996 0.721271875 0.45547765 0.74074878125 0.456260203125 0.7473570171875 0.4528691359375 0.7574432703125 0.44999977031249994 0.7720509515625 0.46278148906250005 0.7748333671875 0.4716504375 0.7831806125 0.4760849125 0.7939624703125 0.48364960312500005 0.7957014796874999 0.47269384375 0.8169173953125 0.46356404375000004 0.8360464999999999 0.46852022031249996 0.8464805562500001 0.4763457625 0.8506541796875 0.4810410890625 0.83952451875 0.49330110468750005 0.8221344234375 0.497474728125 0.80509213125 0.509995596875 0.8092657546875 0.49460536250000003 0.83743770625 0.49330110468750005 0.8621316421874999 0.500865796875 0.8697832828125 0.5047785671875 0.8572624140625 0.5139083671875 0.8461327546874999 0.527472640625 0.8301338671874999 0.5318014703125 0.8236824890625 0.5418014703125 0.8151408234374999 0.5533639703125 0.8088908234375 0.5699264703125 0.80034915625 0.5814889703125 0.7911824890625 0.5966452203125 0.78097415625 0.6030514703125001 0.78409915625 0.6118014703125 0.7793074890625 0.6166452203125 0.7682658234375 0.6207077203125 0.7761824890625 0.6160202203125 0.78722415625 0.6018014703125 0.8049324890625 0.5897702203125 0.8197241562500001 0.5775827203125 0.8361824890625 0.5643014703125 0.8570158234375 0.5546139703125 0.8899324890625 0.5507077203125 0.9230574890625001 0.5473753609374999 0.9463704875 0.5436435328125 0.9628121625 0.5468886000000001 0.9779558109375 0.5575973234375 0.9842296078125001 0.5726868875 0.9829315812500001 0.5786902625 0.9757924328125 0.58079955625 0.9656245546875001 0.5842068765625 0.9623794875 0.5846734796875 0.9450508703124999 0.5821276546874999 0.92553288125 0.5865828484375 0.9098336265625001 0.591038040625 0.9009232390624999 0.5947702203125 0.8905574890624999 0.6028952203125 0.8749324890624999 0.6114889703124999 0.8603491562500001 0.6211764703125 0.8447241562500001 0.6302389703125 0.8274324890625 0.6405514703125 0.7907658234375 0.6464889703125001 0.77534915625 0.6494577203125 0.75597415625 0.6494577203125 0.7399324890625001 0.6482077203125 0.72534915625 0.6480514703125 0.7155574890625 0.6719577203125 0.7145158234375 0.6828952203124999 0.71284915625 0.6957077203125 0.7145158234375 0.7069577203125 0.70972415625 0.7236764703125 0.7093074890625 0.7366452203125 0.7080574890625 0.7475827203125001 0.7093074890625 0.7535202203125 0.7168074890625 0.7655514703125 0.7211824890625 0.7786764703125 0.7211824890625 0.7891452203125 0.7218074890625 0.8035202203124999 0.7263908234375 0.8166452203125001 0.7261824890625 0.8313327203125 0.7236824890625 0.8483639703125 0.72034915625 0.8613327203125 0.7176408234375 0.8699264703124999 0.7201408234375 0.8805514703125 0.7218074890625 0.8864889703125 0.72222415625 0.8936764703125 0.7257658234375 0.9003952203125 0.7261824890625 0.9075827203125 0.73284915625 0.9130514703125 0.7261824890625 0.9193014703125 0.7280574890625 0.9288327203125 0.7226408234374999 0.9372702203125 0.72159915625 0.9397702203125 0.7118074890625 0.9438327203125001 0.7124324890625 0.9469577203125 0.72284915625 0.9502389703125 0.7261824890625 0.9503952203124999 0.7103491562500001 0.9489889703125 0.7043074890625001 0.9549264703125001 0.7053491562499999 0.9578952203125001 0.6980574890625 0.9613327203124999 0.6955574890625 0.9586764703125 0.6840991562500001 0.9549264703125001 0.6770158234375 0.9436764703125 0.67034915625 0.9324264703124999 0.6684741562500001 0.9274264703125 0.6607658234375 0.9219577203125 0.6574324890625001 0.9139889703125 0.6668074890625 0.9128952203124999 0.67472415625 0.9093014703125 0.6826408234375 0.9069577203125 0.6880574890625 0.9058639703125 0.6813908234375 0.9013327203125 0.68159915625 0.9016452203125 0.67034915625 0.8985202203125 0.66722415625 0.8911764703125 0.6728491562500001 0.8878952203124999 0.6555574890625 0.8803952203125001 0.6630574890625 0.8758639703125001 0.6626408234375 0.8724264703125 0.6607658234375 0.8721139703125 0.6557658234375 0.8636764703124999 0.65534915625 0.8621139703124999 0.6461824890625001 0.8605514703124999 0.6420158234375 0.8563327203125001 0.6478491562500001 0.8528952203125 0.6482658234375 0.8507077203125 0.6393074890625 0.8466452203125 0.63472415625 0.8382077203125 0.6372241562500001 0.8330514703125 0.6361824890625 0.8296139703125001 0.63409915625 0.8264889703125 0.6199324890625 0.82243008125 0.6176279828125 0.8190595125 0.6086397953125 0.8130406359375 0.602861675 0.8062994968750001 0.6083187890625 0.7966692953125001 0.5986885890625 0.8005213765624999 0.5800702015625 0.7997991109375 0.5608098015625 0.792817215625 0.5444384609374999 0.78859375 0.5364583328125 0.7745198359375001 0.52261000625 0.7665749203125001 0.5206839671875 0.7668156749999999 0.52742510625 0.757907740625 0.5354502734375 0.7458699890625 0.5380183265625 0.73888809375 0.5396233609375 0.735999034375 0.5332032265625 0.7338322390625 0.5399443671874999 0.733591484375 0.5531056421875 0.7396103593750001 0.5665879203124999 0.7319061984374999 0.5787861750000001 0.7362397890625 0.5852063078125 0.7338322390625 0.5948365078125 0.7285890859374999 0.5957153921875 0.7265022734375 0.5863247421875 0.7223286515625 0.5818033171875 0.71632906875 0.57762969375 0.7121554453125001 0.5863247421875 0.7082426749999999 0.5995412124999999 0.7027647953125 0.6148444953125
1 0.346817803125 0.4166666671875 0.32705906875 0.4177066 0.3169197171875 0.4256794234375 0.31172005 0.43399889218750004 0.31042013281249997 0.441278425 0.3176996671875 0.44509151406249997 0.323679284375 0.44405158125 0.32055948437500004 0.4333056015625 0.32861896874999996 0.42221297968749993 0.346817803125 0.4166666671875
1 0.8392179593750001 0.6176222609375001 0.8392179593750001 0.6039207421875 0.8331576734375 0.5916245078125 0.8334211640625 0.59829960625 0.8307620546875001 0.6013203203125 0.8334529281249999 0.60849598125 0.8292053125000001 0.6204328265625 0.830522765625 0.63308038125 0.8365025828125001 0.6324148484375 0.8392179593750001 0.6176222609375001
1 0.784375 0.3927083328125 0.77890625 0.3985416671875 0.7775000000000001 0.40854166718749996 0.7776562499999999 0.41500000000000004 0.7803125 0.4158333328125 0.7876562500000001 0.41041666718750003 0.79140625 0.39958333281249997 0.79015625 0.3927083328125 0.784375 0.3927083328125
1 0.56796875 0.3891666671875 0.57109375 0.39875 0.5743750000000001 0.4027083328125 0.5790625 0.4 0.57984375 0.3897916671875 0.5779687499999999 0.3804166671875 0.5715625 0.379375 0.56796875 0.3820833328125 0.56796875 0.3891666671875
1 0.47359375000000004 0.1939583328125 0.473125 0.181875 0.46953125 0.1797916671875 0.46671874999999996 0.18604166718749998 0.46734375000000006 0.19583333281249998 0.4690625 0.2033333328125 0.46749999999999997 0.2139583328125 0.47062499999999996 0.20979166718750003 0.47359375000000004 0.21187499999999998 0.4725 0.203125 0.47359375000000004 0.1939583328125
1 0.57578125 0.1097916671875 0.58 0.10166666718749999 0.57984375 0.095625 0.576875 0.09520833281249999 0.5721875 0.09770833281249999 0.568125 0.104375 0.5662499999999999 0.11041666718750001 0.5646875 0.110625 0.56546875 0.11395833281250001 0.5640625 0.1185416671875 0.5689062500000001 0.11687499999999999 0.57578125 0.1097916671875
1 0.52796875 0.0479166671875 0.52625 0.048125 0.52234375 0.0533333328125 0.5196875000000001 0.06395833281249999 0.51828125 0.0691666671875 0.51875 0.0814583328125 0.5215625 0.075 0.5259375000000001 0.0620833328125 0.5287499999999999 0.0533333328125 0.52796875 0.0479166671875
1 0.6371875 0.135625 0.6331249999999999 0.1404166671875 0.63203125 0.1452083328125 0.62765625 0.1477083328125 0.63125 0.14875 0.6314062500000001 0.153125 0.63328125 0.150625 0.6420312499999999 0.1491666671875 0.6482812499999999 0.1429166671875 0.64953125 0.1335416671875 0.6442187500000001 0.1316666671875 0.6371875 0.135625
1 0.82359375 0.0991666671875 0.825 0.08875 0.82203125 0.08208333281249999 0.81703125 0.0872916671875 0.813125 0.1025 0.8123437499999999 0.11541666718750002 0.8114062499999999 0.12375 0.8065625000000001 0.13104166718750002 0.811875 0.1339583328125 0.8140625 0.12562500000000001 0.81953125 0.1108333328125 0.82359375 0.0991666671875
1 0.77859375 0.0020833328125000002 0.76953125 0.011875 0.76375 0.0204166671875 0.7603125000000001 0.0314583328125 0.76671875 0.028958332812499998 0.77828125 0.0154166671875 0.7828125 0.0041666671875 0.78390625 0.000625 0.77859375 0.0020833328125000002
1 0.87046875 0.1914583328125 0.8724999999999999 0.181875 0.86421875 0.1820833328125 0.8515625 0.19708333281249998 0.8504687499999999 0.20187499999999997 0.8457812499999999 0.205 0.84984375 0.2079166671875 0.8509375 0.2147916671875 0.8528125 0.210625 0.85578125 0.209375 0.87046875 0.1914583328125
1 0.8397534671875 0.2834488953125 0.8371051625 0.2930790953125 0.82723420625 0.3033513109375 0.8342161015625 0.3036723171875 0.8301232671875001 0.3139445296875 0.8397534671875 0.3030303015625 0.8517912171875001 0.292116075 0.8566063171874999 0.2795968140625 0.8527542374999999 0.27253466875 0.8455315875 0.2754237296875 0.8397534671875 0.2834488953125
1 0.7251540828125 0.25937339531250003 0.723709553125 0.24910118125 0.720098228125 0.2494221875 0.7046096562499999 0.24203903593749998 0.6998748078125 0.2372239328125 0.6950597078125 0.23850796093749999 0.6916891374999999 0.2474961484375 0.6900038515625 0.2558423203125 0.6955412171875001 0.2577683625 0.6924114015625 0.26290446875 0.720098228125 0.29340010156249996 0.71841294375 0.27895480156249997 0.7222650234375 0.2734976890625 0.7167276578124999 0.2664355421875 0.7251540828125 0.25937339531250003
1 0.7863058546875 0.3736517734375 0.7889541609374999 0.3839239859375 0.79328775 0.376219825 0.7954545453125 0.3653055984375 0.7906394453125001 0.36049049843750003 0.787268875 0.3646635859375 0.7863058546875 0.3736517734375
1 0.789676425 0.4474833078125 0.7851020796875 0.45101438125 0.785342834375 0.4622496140625 0.789676425 0.46770672968750004 0.7928062406249999 0.46417565468750005 0.797621340625 0.45871854218749997 0.796417565625 0.4513353875 0.789676425 0.4474833078125
1 0.7961768109375 0.45037236875 0.797621340625 0.4580765265625 0.7961768109375 0.4622496140625 0.7925654859375 0.4725218296875 0.796899075 0.4712378015625 0.8021956859375001 0.46257062031249996 0.8041217250000001 0.45037236875 0.8002696453125001 0.44684129375000003 0.7961768109375 0.45037236875
1 0.8171224968749999 0.44170518750000004 0.8135111703125 0.4478043140625 0.8086960703124999 0.4513353875 0.8113443765625 0.4580765265625 0.8142334359375001 0.4513353875 0.8164002312499999 0.4548664609375 0.8224191062499999 0.4548664609375 0.8277157171875 0.4494093484375 0.8286787359375 0.44138418125 0.8229006156249999 0.43785310781250003 0.8171224968749999 0.44170518750000004
1 0.41176994375 0.0925925921875 0.40865384687499995 0.10030864218749999 0.409989315625 0.1127730296875 0.41310541250000005 0.1276115859375 0.41577635312499994 0.1157407421875 0.41844729375 0.10505697968750001 0.416221509375 0.1032763546875 0.41577635312499994 0.0967473875 0.41176994375 0.0925925921875
1 0.21386522968750002 0.7757181015625 0.2107339671875 0.7590180359375001 0.2023061640625 0.7675427109374999 0.2104208421875 0.7602705421875 0.21386522968750002 0.77655310625 0.2160571140625 0.7978456921875 0.228895290625 0.8020207078125001 0.2458041078125 0.80160320625 0.237662825 0.7957581828125 0.2332790578125 0.7865731453125 0.23891533125 0.77655310625 0.238289078125 0.76695056875 0.22670340625000002 0.7719605875 0.21386522968750002 0.7757181015625
1 0.191320140625 0.7769706078125 0.17378507031249998 0.7815631265625 0.16533066093749998 0.7869906484375 0.16407815625 0.7932531734375 0.16783567187499998 0.7995156984375 0.174098196875 0.7957581828125 0.1809869734375 0.8091182375000001 0.1872494984375 0.8091182375000001 0.191320140625 0.7773881109375 0.20007462812500001 0.7695425578124999 0.191320140625 0.7769706078125
1 0.28824626875 0.19371890625 0.28777985 0.1865671640625 0.28008395468749997 0.175995025 0.276119403125 0.1871890546875 0.26725746250000004 0.19154228906249998 0.25932835781249997 0.20677860625000002 0.25932835781249997 0.2139303484375 0.269123134375 0.21610696406250002 0.27332089531250003 0.20398010000000003 0.277985075 0.19434079531249998 0.28241604531250003 0.1878109453125 0.28824626875 0.19371890625
1 0.27262126875 0.1828358203125 0.27588619375 0.17506218906249998 0.27192164218750003 0.1731965171875 0.265625 0.1756840796875 0.25396455156250003 0.18221393125000002 0.24930037343749997 0.1909203984375 0.2495335828125 0.20211442656249998 0.255130596875 0.20677860625000002 0.25932835781249997 0.20242537343749997 0.265625 0.19123134375 0.27262126875 0.1828358203125
1 0.0531716421875 0.0413557203125 0.0494402984375 0.0314054734375 0.0440764921875 0.0351368171875 0.044776118749999996 0.0491293546875 0.0478078359375 0.0584577109375 0.0480410453125 0.07929104375 0.050839551562499995 0.0712064671875 0.05387126875 0.06778606875 0.052238806250000006 0.0659203984375 0.0531716421875 0.0553482578125 0.0531716421875 0.0413557203125
1 0.08465485 0.1386815921875 0.08722015 0.15422885625 0.09025186562500001 0.1663557203125 0.093516790625 0.18159203906250002 0.095615671875 0.169465175 0.0946828359375 0.1511194015625 0.0911847015625 0.1386815921875 0.086986940625 0.13463930468750002 0.08465485 0.1386815921875
3 0.1547029703125 0.8544760734375 0.1434870046875 0.8565387796874999 0.1380724015625 0.8513820125 0.1446472765625 0.84880363125 0.1423267328125 0.8276608921875 0.136525371875 0.8090965359375 0.1295637375 0.806002475 0.13961943125 0.7967202984374999 0.14812809375 0.7822813546875 0.15006188125 0.76474835 0.1558632421875 0.7554661703125001 0.1628248765625 0.7441212875 0.16050433125000002 0.7276196374999999 0.155089728125 0.70750825 0.14735457968750001 0.6982260734375 0.1403929453125 0.6977103953125 0.130337253125 0.7049298687500001 0.11602722812499999 0.71369636875 0.11331992500000002 0.69874175 0.1063582921875 0.68017739375 0.104037746875 0.6703795375 0.093595296875 0.6703795375 0.078898515625 0.6693481859375 0.0696163359375 0.6729579203125 0.0692295796875 0.6796617171875 0.064975246875 0.6873968640625 0.062654703125 0.6982260734375 0.055306312499999996 0.70080445625 0.050278465625000004 0.7121493390625 0.0500502296875 0.7254592421875 0.052382318750000004 0.73072139375 0.0593785875 0.7311997703124999 0.06242824375 0.7345484124999999 0.06135189375 0.7445943359375 0.063145809375 0.7532051296875 0.058122846875 0.7610983546875 0.057764064062499995 0.7721010328125 0.057405281249999995 0.7821469578125 0.0480769234375 0.7823861453125 0.044130309374999996 0.7771239953125 0.0450272671875 0.7642078062500001 0.03892795625 0.75655376875 0.04448909375 0.7431592046875 0.03946613125 0.72952545 0.0398249140625 0.7228281671875 0.03390499375 0.7163700734375 0.0313935125 0.7099119796875 0.03390499375 0.70034443125 0.0297789890625 0.68742824375 0.0335462109375 0.6828836578125 0.028882032812500003 0.6704458484375 0.0213475890625 0.66207424375 0.0181185421875 0.6527458859374999 0.0206300234375 0.6460486046875 0.0181185421875 0.6357634890625 0.009148967187499999 0.63887294375 0.0010763484375 0.6489188671874999 0.0001793921875 0.982347875 0.008610792187499999 0.984500575 0.0148894953125 0.98593570625 0.026011768750000004 0.9852181390625001 0.039645521875 0.98330463125 0.0498708375 0.9775641015625001 0.051305970312500004 0.9617776499999999 0.052741101562500003 0.9467087640624999 0.050947187500000005 0.9395331046875001 0.056687715625 0.9342709515625 0.06637485625 0.9333141984375001 0.07462686562500001 0.9285304249999999 0.088081228125 0.9232682750000001 0.09668935625 0.92099835 0.1175742578125 0.9163572609375 0.12221534687499999 0.9029496703125 0.1218285890625 0.8936674921875 0.1318842828125 0.8988242578125 0.14619430625000002 0.9060437296874999 0.15354269843749999 0.8952145203124999 0.1581837875 0.87407178125 0.1547029703125 0.8544760734375
3 0.786203765625 0.8440664890624999 0.776296234375 0.84489211875 0.776089828125 0.86388155 0.7756770140625 0.8757155437499999 0.7731750640625 0.8747846687499999 0.76631136875 0.8672480625000001 0.759043928125 0.8742463390624999 0.744912790625 0.8790913 0.734415375 0.8710163640624999 0.723917959375 0.8704780359375001 0.7134205421875001 0.8785529703125 0.7041343671875 0.8833979328125 0.7053456078125 0.8920111984375 0.7053456078125 0.9006244625000001 0.6940406984374999 0.9086993984375 0.687984496875 0.9226959515625 0.6698158921874999 0.9340008609374999 0.6544735140625 0.9447674421875 0.65851098125 0.9318475453125 0.650436046875 0.9232342812500001 0.6407461234375 0.9205426359375 0.6330749359375 0.9259259249999999 0.6233850125 0.9313092171875 0.6161175703125 0.9393841515625001 0.61329134375 0.9700689062500001 0.6078125 0.9979166671874999 0.953125 0.9979166671874999 0.9423449609375 0.9808354874999999 0.9269753890624999 0.9707829578125 0.9253562171875 0.9542314328125 0.9237370468749999 0.9412780671875 0.9156411921875 0.93624064375 0.9245466328124999 0.9283246984375 0.9094343703125001 0.91285261875 0.9040371328125 0.9027777765625 0.9018782390625001 0.8959412765625 0.910783678125 0.8844271734375001 0.9153713296875001 0.8732728828124999 0.9051165796875 0.8689550953125 0.8972905875 0.8689550953125 0.88973445625 0.8667961999999999 0.8816386015625 0.8732728828124999 0.8765112265624999 0.8840673578124999 0.8740824703125 0.8973805421875 0.863287996875 0.9002590671874999 0.8597797921874999 0.90601611875 0.8522236609375 0.8988198046875 0.8470962859375 0.8988198046875 0.8470962859375 0.8923431203125001 0.845746978125 0.8873057 0.8422387734375001 0.8923431203125001 0.8327936093750001 0.9067357515625 0.825507340625 0.9078151984374999 0.822538859375 0.9016983312500001 0.8257772015624999 0.8847869890625001 0.8249676171875 0.8739925171875 0.8171416234375 0.8765112265624999 0.81262384375 0.8757155437499999 0.8111789953124999 0.8680096875000001 0.809527740625 0.8572765296875 0.803129128125 0.8534236015625 0.80023943125 0.8583773671875001 0.7932215984375001 0.8553500671875 0.786203765625 0.8440664890624999
3 0.600453171875 0.48243957656249997 0.6023413890625 0.46607502500000003 0.599037009375 0.46072507500000004 0.6009252265625 0.4547457203125 0.5931363296875001 0.4500251765625 0.58723565 0.45254279999999997 0.5787386703124999 0.45568982968749994 0.5751982625000001 0.43932527656250003 0.5766144265625 0.42359013125 0.58463935 0.41949899375 0.575434290625 0.4179254796875 0.5763783984375 0.40502265781249996 0.5718938828125 0.4003021140625 0.5678814203125 0.39558157031249996 0.557260196875 0.3958962734375 0.5497073265625 0.4009315203125 0.545222809375 0.40407855000000004 0.54215445625 0.4166666671875 0.54215445625 0.4245342390625 0.5386140484374999 0.42642245624999997 0.5324773406250001 0.4295694859375 0.524924471875 0.4279959703125 0.517607628125 0.4320871109375 0.5143032484375001 0.4374370609375 0.51383119375 0.4475075515625 0.5180796828124999 0.4547457203125 0.5126510578125 0.46072507500000004 0.5109988671875 0.47331319218749995 0.5060422953125 0.48527190468750003 0.5050981875 0.5050981875 0.50911065 0.5176863046875 0.5143032484375001 0.5321626375 0.5194958453125 0.5390861015625 0.514539275 0.5381419937499999 0.5086385953125 0.5362537765625001 0.50179380625 0.5466389734375 0.4944769640625 0.5526183296875 0.502737915625 0.5655211484375 0.5015577796875 0.5724446125 0.4970732625 0.5809415921875 0.49636518125 0.590067975 0.5034022171875 0.6081989250000001 0.50655241875 0.6165994625 0.50907258125 0.6128192203125 0.5103326609375001 0.6018985203125 0.516948084375 0.6077788984375 0.5443548390624999 0.5960181453125 0.573966734375 0.5775369625 0.5947580640625 0.5670362890625 0.6035786296875 0.5712365578124999 0.613029234375 0.5691364250000001 0.61649445625 0.5556955640625 0.6193296375 0.5430947578125 0.619571375 0.53279204375 0.617211103125 0.52335095625 0.6120185046875 0.519889225 0.6091861781250001 0.51390986875 0.6087141234375 0.5066717015625 0.6025774171875 0.49943353593750006 0.600453171875 0.48243957656249997
1 0.58935989375 0.42736656718750005 0.585583459375 0.42610775468749995 0.579210725 0.4286253765625 0.577558534375 0.4374370609375 0.5796827796875 0.4528575015625 0.582987159375 0.4512839875 0.584875378125 0.44656344375 0.5900679765625 0.44247230625 0.591012084375 0.43271651406249995 0.58935989375 0.42736656718750005
3 0.89834851875 0.8134016703125001 0.8955011390625 0.7996393312500001 0.8887386109375001 0.7839787390625 0.8953276703125 0.7811488671875 0.8968446609375 0.7702265374999999 0.9183859218749999 0.730582525 0.9138349515625 0.7265372171875 0.9083737859375001 0.73462783125 0.9010922328125 0.7277508078125 0.89350728125 0.7261326859375 0.877427184375 0.7228964390625 0.8625606796874999 0.71966019375 0.8535022781249999 0.7222854984375 0.8332146921874999 0.7251328765625 0.8175127984375001 0.7288111500000001 0.79399271875 0.7273462796875 0.789441746875 0.7313915859375 0.78610436875 0.7467637546875 0.777912621875 0.7544498374999999 0.779733009375 0.7730582515625 0.7785194171875001 0.7815533984374999 0.7879247578124999 0.785194175 0.7903519421875 0.79530744375 0.7970266984375 0.80582524375 0.8012742718749999 0.8127022640625 0.8073422328125 0.829288025 0.8222087374999999 0.8394012937499999 0.8288834953125 0.8462783171874999 0.8443567968749999 0.85072815625 0.8552791265625 0.8483009703125 0.8668082531250001 0.8361650484375 0.8698422328125 0.82079288125 0.8756067968749999 0.8183656953125 0.88304385 0.8157744875 0.89834851875 0.8134016703125001
3 0.375 0.53 0.37374999999999997 0.521875 0.37093750000000003 0.520625 0.365 0.5266666671875 0.36921875000000004 0.5308333328125 0.37140625 0.5408333328125 0.37609375 0.5510416671875 0.37140625 0.5572916671875 0.36625 0.5666666671875 0.36140625000000004 0.5702083328125 0.3565625 0.5700000000000001 0.35171874999999997 0.5658333328125 0.34375 0.5739583328125 0.33203125 0.57375 0.3275 0.5770833328125 0.33625 0.5804166671875 0.335 0.5916666671875 0.33921875 0.599375 0.34484375 0.5958333328125 0.35 0.6014583328125 0.35421874999999997 0.610625 0.35703125 0.614375 0.3596875 0.63375 0.36078125 0.645 0.3640625 0.6522916671875 0.37109375 0.6504166671875 0.37203125 0.666875 0.38203125 0.665 0.384375 0.6560416671875 0.39125 0.6539583328125 0.38984375 0.6458333328125 0.3978125 0.64375 0.40265625 0.6329166671875 0.41015625 0.6410416671875 0.4171875 0.6360416671875 0.4103125 0.6260416671875 0.41546874999999994 0.6247916671875 0.41734375 0.6120833328125 0.425 0.6141666671875 0.43078125 0.6229166671875 0.43875000000000003 0.62 0.44078125 0.6133333328125 0.445625 0.6141666671875 0.45046875000000003 0.6075 0.45265625 0.5910416671875 0.45093750000000005 0.5791666671875 0.4484375 0.5764583328125 0.44203125 0.5777083328125 0.43921875000000005 0.5714583328125 0.4375 0.575 0.43390625 0.57125 0.434375 0.5791666671875 0.42953125 0.5743750000000001 0.42765624999999996 0.565625 0.425625 0.553125 0.41968750000000005 0.5493750000000001 0.41937499999999994 0.5416666671875 0.41203124999999996 0.5420833328125 0.41140625000000003 0.5372916671875 0.40406250000000005 0.5420833328125 0.40406250000000005 0.5277083328125001 0.39875 0.5229166671875001 0.39296875 0.5164583328125001 0.38625 0.5139583328125 0.38468749999999996 0.52625 0.3903125 0.5333333328125 0.38156249999999997 0.5360416671875 0.3765625 0.5447916671875 0.375 0.53
3 0.29264502812500004 0.8741942921874999 0.27624309375 0.8828268874999999 0.2814226515625 0.8931860046875 0.2922133984375 0.8931860046875 0.29868784531250003 0.8989410687499999 0.29005524843749997 0.9098756890624999 0.294371546875 0.9144797421874999 0.3034357734375 0.9277163890625 0.3159530390625 0.9363489875000001 0.33839779062500003 0.9375 0.3539364640625 0.93807550625 0.372496546875 0.9277163890625 0.39321477968749996 0.9300184171874999 0.41220649218750005 0.9236878453124999 0.42429212656250004 0.9202348062500001 0.43594613281249994 0.9121777171875 0.4363777625 0.8954880296875001 0.44026243125000003 0.8787983421875 0.4549378453125 0.8713167578125001 0.4588225140625 0.86095764375 0.45795925468750004 0.8505985265625 0.44069406093749997 0.8517495390625 0.4229972375 0.8529005515625 0.4061636734375 0.8482965 0.390625 0.8448434625000001 0.3828556625 0.8511740328125 0.3720649171875 0.8540515640624999 0.35911602187499997 0.8523250453125 0.34875690625 0.8569290984375 0.3427140890625 0.8649861874999999 0.3310600828125 0.863835175 0.3202693375 0.8684392265625 0.30991022031250004 0.8718922640625 0.3025725140625 0.8782228359375001 0.29264502812500004 0.8741942921874999