1 0.8526689921875 0.1725679546875 0.8513277890625 0.1591559375 0.8456276828125 0.15155579375 0.8348980687499999 0.15155579375 0.8308744640624999 0.1537911296875 0.8255096562500001 0.1488733890625 0.8278567593749999 0.16452074375 0.8228272531249999 0.1689914171875 0.8315450640625001 0.1761444921875 0.8436158796875001 0.1779327609375 0.8526689921875 0.1725679546875
1 0.89357564375 0.2673462078125 0.8898873390625001 0.2677932765625 0.9043052578124999 0.2838876953125 0.9076582625 0.2928290421875 0.9029640562499999 0.29417024375 0.91335836875 0.31026466406250003 0.925429184375 0.32591201718749996 0.9408530046875001 0.3353004296875 0.9489002140625 0.33351216093749997 0.9465531109375 0.3089234625 0.9388412015625001 0.2901466375 0.9227467812500001 0.2785228890625 0.9180525749999999 0.2700286125 0.9167113734375001 0.2785228890625 0.9116818671875 0.2727110171875 0.9100053640624999 0.2575107296875 0.9066523609375 0.24767524999999999 0.905311159375 0.2637696703125 0.905646459375 0.2749463515625 0.89357564375 0.2673462078125
1 0.402695815625 0.3205472109375 0.39632510781249997 0.2999821171875 0.40403701718749996 0.29148783906250003 0.4094018234375 0.28478183125 0.4241550421875 0.28925250468749997 0.44360246718749996 0.2820994265625 0.45366148125 0.2758404859375 0.46372049375 0.2762875546875 0.46942060156250004 0.2668991421875 0.46338519375000004 0.2512517875 0.44930257500000004 0.2467811171875 0.4392435625 0.2436516453125 0.42884924843750005 0.2436516453125 0.4140960296875 0.24722818281249997 0.402695815625 0.2508047203125 0.392636803125 0.26824034375 0.3892837984375 0.2896995703125 0.39096030000000004 0.3138412015625 0.3899543984375 0.3294885546875 0.39632510781249997 0.32010014375 0.402695815625 0.3205472109375
1 0.24912821875 0.42158440625000004 0.2404104078125 0.42560801093749995 0.2360515015625 0.42516094375 0.23035139531249998 0.4202432046875 0.207550965625 0.4202432046875 0.197827253125 0.42873748125000005 0.2015155578125 0.4323140203125 0.214592275 0.4372317609375 0.22800429218749999 0.4354434921875 0.23705740312499998 0.4336552203125 0.246445815625 0.44214950000000003 0.24376341250000003 0.43097281875000004 0.24912821875 0.42158440625000004
1 0.49490343281250004 0.7166487828125 0.4992623390625 0.71530758125 0.49155042968749996 0.6934012875 0.48886802500000004 0.6831187421875 0.485850321875 0.6844599437500001 0.4721030046875 0.6719420609375 0.4647263953125 0.6679184546875 0.4586909875 0.6616595140625 0.45097907656249997 0.6647889828125 0.4593615875 0.6741773953125 0.456679184375 0.67864806875 0.47042650156250004 0.68982475 0.4778031109375 0.7041309015625 0.49054452812499993 0.71530758125 0.49490343281250004 0.7166487828125
1 0.176032725 0.7846030046875 0.17033261875 0.7756616609375 0.16195010781250002 0.7716380546875 0.153902896875 0.7698497859375 0.148538090625 0.75643776875 0.1495439921875 0.7770028609375 0.153567596875 0.787732475 0.16094420625 0.7962267515625 0.17100321875 0.7993562234375 0.1770386265625 0.7962267515625 0.176032725 0.7846030046875
1 0.095225321875 0.9053111578124999 0.09321351875 0.89681688125 0.10193133125 0.9017346203125 0.095560621875 0.8923462078125001 0.0865075109375 0.8860872671875001 0.08147800468750001 0.8811695265624999 0.07007778906249999 0.8749105875 0.061024678124999995 0.8749105875 0.061024678124999995 0.8699928484375 0.05431866875 0.8749105875 0.0452655578125 0.878487125 0.038894849999999995 0.8856401999999999 0.039900751562499996 0.8950286125 0.0506303640625 0.9008404859375 0.058677575 0.9057582249999999 0.0627011796875 0.9012875546875 0.07477199531249999 0.90039341875 0.085166309375 0.8977110171874999 0.095225321875 0.9053111578124999
1 0.09455472031249999 0.9567238921874999 0.089860515625 0.9455472109375 0.094890021875 0.9424177390624999 0.085836909375 0.9375 0.080807403125 0.9294527890625 0.0717542921875 0.9200643765625 0.060689378125000006 0.918723175 0.04425965625 0.9196173109375 0.0348712453125 0.92632331875 0.039230150000000005 0.9383941359374999 0.0472773609375 0.9424177390624999 0.054989270312500005 0.9455472109375 0.06773068593750001 0.9468884125000001 0.075442596875 0.943311875 0.0821486046875 0.9459942765625 0.09455472031249999 0.9567238921874999
1 0.1230552578125 0.6634477828125 0.14116148125 0.66210658125 0.1458556859375 0.6554005734375 0.148538090625 0.6455650937499999 0.16060890625 0.6446709578125 0.16127950625 0.6419885546875 0.1528969953125 0.63975321875 0.1555793984375 0.6214234624999999 0.1478674890625 0.6375178828125 0.13110246718750002 0.6343884125 0.11836105156250001 0.6334942765625 0.10863733906249999 0.6326001437500001 0.099919528125 0.6388590859375001 0.090866415625 0.6473533625 0.0895252140625 0.6549535046875 0.0942194203125 0.6612124453125 0.10461373437499999 0.6661301859375001 0.115343346875 0.6683655234375 0.1230552578125 0.6634477828125
1 0.1891094421875 0.5221745359375001 0.1847505359375 0.5168097296874999 0.17871512812499998 0.5127861234375 0.17033261875 0.5118919890625 0.16094420625 0.5132331890625 0.15222639531249998 0.5181509296875 0.1549087984375 0.5244098703125 0.163626609375 0.5266452078125 0.1723444203125 0.5266452078125 0.18072693125 0.5261981390625 0.18709763906250002 0.5293276109375 0.18575643749999998 0.5248569375 0.1891094421875 0.5221745359375001
1 0.1944742484375 0.5069742484375 0.2011802578125 0.4989270390625 0.20822156718749998 0.49669170156250003 0.2008449578125 0.49266809843750003 0.2088921671875 0.48238554999999994 0.19950375468749998 0.48551502031249993 0.187768240625 0.48417381875 0.173350321875 0.48506795468749997 0.16060890625 0.49490343281250004 0.1575912015625 0.50652718125 0.16195010781250002 0.5105507874999999 0.17133851875 0.5105507874999999 0.18039163125 0.5109978546875 0.1864270390625 0.514127325 0.1944742484375 0.5069742484375
1 0.30411748906249997 0.6402002859375 0.3024409875 0.6285765375000001 0.30109978593750003 0.6218705296875 0.292717275 0.630811875 0.28768776875 0.6348354796875 0.280646459375 0.6469062937500001 0.2766228546875 0.6594241765625 0.2769581546875 0.67283619375 0.28768776875 0.6723891265625 0.2937231765625 0.6674713875 0.30109978593750003 0.6536123046875 0.3024409875 0.6469062937500001 0.30411748906249997 0.6402002859375
1 0.0844957078125 0.5199391984374999 0.0771190984375 0.514127325 0.070413090625 0.514127325 0.0573363734375 0.5221745359375001 0.06404238125 0.5306688125 0.0741013953125 0.5333512171875 0.08281920625 0.5320100140624999 0.090195815625 0.5337982828125 0.08818401249999999 0.5248569375 0.0918723171875 0.51949213125 0.0844957078125 0.5199391984374999
1 0.028165235937499998 0.3782188828125 0.02481223125 0.3728540765625 0.030512339062499998 0.36257153125 0.0181062234375 0.3674892703125 0.0107296140625 0.36659513593750004 0.00435890625 0.36346566406249997 0 0.3616773953125 0.0006706015625 0.38268955625 0.0110649140625 0.3786659515625 0.0181062234375 0.37911301875 0.0274946359375 0.38492489218750003 0.03386534375 0.38492489218750003 0.028165235937499998 0.3782188828125
1 0.9932558765625 0.65527065625 0.9895833328125001 0.6597222234375 0.9872462609375001 0.6468126765625 0.9839075859375 0.66150285 0.9822382484375 0.6797542734375 0.9819043796875 0.6984508546875 0.9845753203125 0.7118055562500001 0.98691239375 0.7256054125 0.9905849359375001 0.7389601140625001 0.9984375 0.7520833328125 0.9984375 0.69375 0.99358974375 0.6815349 0.9932558765625 0.65527065625
1 0.8788029093749999 0.6175595234375 0.8883101859375 0.6192129625 0.8938905421875001 0.6175595234375 0.8893435843749999 0.6076388890625 0.88231646875 0.60102513125 0.8748759921874999 0.59744268125 0.8726025125 0.59744268125 0.869915675 0.59358465625 0.8695023140625 0.5990961203125 0.862681878125 0.60295414375 0.8680555562500001 0.60598545 0.8661954359375 0.6101190484375 0.8788029093749999 0.6175595234375
1 0.9288194437499999 0.6161816578125 0.92137896875 0.6148037921875 0.9234457671875 0.6112213390625 0.9211722890624999 0.6073633171874999 0.9197255296875 0.6015762796875 0.9149718921875 0.6015762796875 0.9110449734375001 0.60598545 0.9110449734375001 0.61645723125 0.9147652109375001 0.6291335984375 0.91662533125 0.6205908296875 0.918898809375 0.6302358921875 0.922619046875 0.63354276875 0.9244791671874999 0.6307870375 0.9224123671875001 0.6227954140625 0.92985284375 0.6192129625 0.9288194437499999 0.6161816578125
1 0.9085570468749999 0.3887024609375 0.9077181203125001 0.3845078296875 0.899748321875 0.3814317671875 0.89240771875 0.38366890468750003 0.8938758390625001 0.39261745000000003 0.899119128125 0.39988814375000004 0.9049916109374999 0.40072706875 0.9093959734375 0.3993288578125 0.9093959734375 0.39373601874999997 0.9123322140625 0.3892617453125 0.9085570468749999 0.3887024609375
1 0.8580117453125 0.11800894843750001 0.8624161078125001 0.113534675 0.8720637578125 0.10934004374999999 0.877516778125 0.1015100671875 0.8760486578125001 0.0894854578125 0.8703859062499999 0.0866890375 0.866191275 0.09116331093749999 0.8626258390625001 0.10067114218749999 0.8619966437500001 0.10850111874999999 0.8588506718750001 0.11129753906249999 0.8580117453125 0.11800894843750001
1 0.0634348296875 0.693108975 0.053752670312499994 0.6913283484375 0.046741453125 0.6917735046875 0.043068910937499996 0.6975605421875 0.038728632812500004 0.7077991453125 0.037727029687500004 0.7224893171875 0.0440705125 0.7238247859375 0.0547542734375 0.7175925921874999 0.06176549218750001 0.7122507125 0.0641025640625 0.7055733625 0.079126603125 0.70690883125 0.0717815171875 0.6980056984375 0.0697783125 0.6944444437499999 0.0777911328125 0.6801994296875 0.0731169875 0.6806445875 0.0634348296875 0.693108975
3 0.353773584375 0.0600853546875 0.349983153125 0.0640161734375 0.3482985171875 0.058962264062500006 0.33903301875 0.0460467203125 0.331873315625 0.030884995312500003 0.3188173859375 0.028077268750000002 0.308288409375 0.029200360937499996 0.3070249328125 0.0381850859375 0.3188173859375 0.0415543578125 0.32092318125 0.046608267187500003 0.30576145625 0.050539082812500004 0.30365566093749996 0.058400718750000004 0.30028638750000003 0.06738544375 0.3070249328125 0.0724393515625 0.3125 0.0718778078125 0.3175539078125 0.06513926249999999 0.323028975 0.07075471718750001 0.3150269546875 0.0791778984375 0.312078840625 0.0876010796875 0.304497978125 0.08872416875 0.293969003125 0.0926549875 0.28301886718749997 0.1055705296875 0.2686994609375 0.11343216406250001 0.262803234375 0.1241015265625 0.2640667109375 0.14038634375 0.26322439375 0.15105570625 0.2577493265625 0.1679020671875 0.2442722375 0.17520215625 0.23290094374999998 0.1853099734375 0.2274258765625 0.1982255171875 0.22574124062499998 0.21507187656250001 0.2190026953125 0.23135669375 0.22363544531250001 0.2476415109375 0.2265835578125 0.2594339625 0.22152965 0.2717879609375 0.22237196718750002 0.28582659375 0.2291105125 0.3066037734375 0.21226415156249998 0.31165768125 0.2008928578125 0.31783468125000003 0.1912062 0.3318733140625 0.189942721875 0.3560197671875 0.1966812671875 0.3734276734375 0.20763140156249998 0.38297394375 0.22152965 0.3857816703125 0.23879717031249997 0.38746630625 0.25143194062499996 0.38465858124999996 0.262803234375 0.38465858124999996 0.27080525624999996 0.39364330625 0.2809130734375 0.3919586703125 0.2880727765625 0.3930817609375 0.2834400265625 0.397574125 0.27375336875 0.40206648749999996 0.26617250625 0.40375112343749997 0.2615397578125 0.41385893906250004 0.2577493265625 0.4234052109375 0.2644878703125 0.4402515734375 0.2640667109375 0.4475516625 0.24637803281249998 0.4492362984375 0.2341644203125 0.4554132984375 0.2232142859375 0.47113656875 0.21310646875 0.49528301875 0.21142183281250002 0.5098831984375 0.2152122640625 0.5267295609375 0.2274258765625 0.53627583125 0.2265835578125 0.5548068296875 0.2345855796875 0.5654761890625 0.2396394875 0.5649146453125 0.252274259375 0.57109164375 0.26364555312500004 0.5834456421875001 0.2767014828125 0.5913072765625 0.2872304578125 0.58849955 0.293969003125 0.58625336875 0.3028133421875 0.6070305484375 0.3103942046875 0.609838275 0.31376347656250003 0.618823 0.3066037734375 0.616015275 0.3023921828125 0.6216307265625 0.304497978125 0.6384770890625 0.3032345015625 0.6446540875 0.30112870625 0.6558849953125 0.2942708328125 0.67476851875 0.29340277812500004 0.6880787046875 0.30164930624999997 0.6950231484375 0.3142361109375 0.6984953703125 0.3190104171875 0.7048611109375 0.32465277812500004 0.707175925 0.3333333328125 0.71875 0.34027777812500004 0.71875 0.35460069375000003 0.7118055562500001 0.3654513890625 0.7065972234375 0.3606770828125 0.71585648125 0.36024305624999997 0.7233796296875 0.37977430624999997 0.7326388890625 0.39149305624999997 0.7378472234375 0.3984375 0.7505787046875 0.4040798609375 0.7407407421875 0.41319444375 0.7349537046875 0.4279513890625 0.7326388890625 0.43663194375 0.7401620375 0.44878472187499996 0.7465277765625 0.44140625 0.7505787046875 0.4309895828125 0.7633101859375 0.42230902812500004 0.7760416671875 0.421875 0.7945601859375 0.42491319375 0.8020833328125001 0.4348958328125 0.8177083328125001 0.44097222187499996 0.8258101859375 0.44444444375 0.84085648125 0.4474826390625 0.8553240750000001 0.44184027812500004 0.8663194437499999 0.44444444375 0.8703703703125001 0.4518229171875 0.8796296296874999 0.4583333328125 0.8703703703125001 0.46137152812500004 0.8836805562500001 0.46918402812500004 0.8767361109375 0.4713541671875 0.8883101859375 0.47699652812500004 0.9045138890625 0.4826388890625 0.9166666671874999 0.49305555625 0.9120370375 0.5026041671875 0.9184027765625 0.511284721875 0.9166666671874999 0.5247395828125 0.9103009249999999 0.5373263890625 0.9056712953125 0.5412326390625 0.9207175921875 0.542534721875 0.9351851859375 0.5373263890625 0.9479166671874999 0.5407986109375 0.9589120375 0.5460069437499999 0.9728009249999999 0.54296875 0.9861111109375 0.539496528125 0.9959490750000001 0.9453125 0.9979166671874999 0.9522569437499999 0.9936342578125 0.9600694437499999 0.9832175921875 0.9552951390625 0.9728009249999999 0.9596354171874999 0.9606481484374999 0.9674479171874999 0.9554398140625 0.965277778125 0.9380787046875 0.961371528125 0.9241898140625 0.9583333328125001 0.9288194437499999 0.948784721875 0.9160879625 0.944878471875 0.8969907421875 0.9375 0.9021990750000001 0.926215278125 0.8940972234375 0.9162326390625 0.8900462953125 0.9006076390625 0.8888888890625 0.9006076390625 0.8807870375 0.9006076390625 0.8668981484374999 0.9014756937499999 0.8512731484374999 0.898871528125 0.8420138890625 0.9036458328125001 0.8402777765625 0.901909721875 0.8263888890625 0.898003471875 0.8159722234375 0.9036458328125001 0.8020833328125001 0.9049479171874999 0.7806712953125 0.9079861109375 0.76273148125 0.9014756937499999 0.7476851859375 0.8932291671874999 0.7256944437499999 0.8845486109375 0.7245370375 0.8845486109375 0.73726851875 0.8736979171874999 0.7332175921874999 0.8815104171874999 0.7129629625 0.890190971875 0.7025462953125 0.9001736109375 0.691550925 0.89453125 0.6851851859375 0.8893229171874999 0.6701388890625 0.8932291671874999 0.65914351875 0.8849826390625 0.652199075 0.886284721875 0.6371527765625 0.8841145828125001 0.62210648125 0.8650173609375 0.6128472234375 0.866753471875 0.60648148125 0.8619791671874999 0.6030092578125 0.8693576390625 0.59085648125 0.8849826390625 0.5844907421875 0.8958333328125001 0.5723379625 0.8962673609375 0.55960648125 0.8993055562500001 0.5335648140625 0.8997395828125001 0.5208333328125 0.8884548609375 0.5086805562500001 0.8932291671874999 0.4994212953125 0.891059028125 0.48842592500000004 0.87890625 0.484375 0.8776041671874999 0.4693287046875 0.8780381937499999 0.45543981406249995 0.8828125 0.4357638890625 0.8815104171874999 0.41608796249999996 0.88671875 0.40625 0.8919270828125001 0.3894675921875 0.8828125 0.375 0.8806423609375 0.359375 0.87109375 0.3570601859375 0.871527778125 0.3449074078125 0.8541666671874999 0.3304398140625 0.8572048609375 0.2916666671875 0.847222221875 0.25868055624999997 0.8328993062500001 0.23263888906250002 0.819878471875 0.21527777656249997 0.8224826390625 0.20717592499999998 0.82421875 0.1956018515625 0.808159721875 0.1770833328125 0.7947048609375 0.17129629531249999 0.7756076390625 0.17592592499999998 0.7756076390625 0.15798611093749998 0.7821180562500001 0.1383101859375 0.785590278125 0.1157407421875 0.7829861109375 0.1030092578125 0.7673611109375 0.10127314843749999 0.7625868062500001 0.10648148125000001 0.7599826390625 0.0949074078125 0.7599826390625 0.07638888906249999 0.7513020828125 0.0619212953125 0.7110969390624999 0.043367348437499995 0.68048469375 0.04251700625 0.6536989796875 0.0731292515625 0.6498724484375 0.0935374140625 0.65625 0.1207483 0.6517857140625 0.125 0.6434948984375 0.1139455796875 0.6377551015625 0.1113945578125 0.6339285718750001 0.0782312921875 0.6396683671875001 0.044217687500000005 0.647959184375 0.018707482812500002 0.6485969390624999 0.0008503390624999999 0.5809948984375 0 0.5822704078125 0.0153061234375 0.57270408125 0.0093537421875 0.5548469390624999 0.012755101562500001 0.5491071421875 0.0008503390624999999 0.5159438781250001 0.0025510203125 0.51020408125 0.0238095234375 0.501913265625 0.0238095234375 0.48788265312499995 0.00170068125 0.439413265625 0.0025510203125 0.4381377546875 0.0408163265625 0.43303571406249997 0.028061225000000002 0.4158163265625 0.0212585046875 0.401147959375 0.022108843750000003 0.3864795921875 0.0408163265625 0.3790431265625 0.040992812499999996 0.36893530937499996 0.043238993749999996 0.36177560625 0.043238993749999996 0.358406334375 0.0376235390625 0.350825471875 0.029200360937499996 0.3504043125 0.044362085937500004 0.353773584375 0.0600853546875
3 0.436613475 0.8697793546874999 0.4321808515625 0.8633766749999999 0.42737884218750005 0.8633766749999999 0.42479314375 0.86583924375 0.42146867656250003 0.8628841609375 0.43107269531250003 0.8589440500000001 0.4325502359375 0.8550039390625 0.440307328125 0.8550039390625 0.44510933750000004 0.8574665078124999 0.4440011828125 0.8421985812499999 0.4406767140625 0.8289007078124999 0.4336583921875 0.8175728921875001 0.42442375937500004 0.8037825062499999 0.42146867656250003 0.7954097703125 0.4203605203125 0.78506698125 0.42109929062499996 0.7747241921875 0.4299645390625 0.7624113484375 0.4410461 0.75108353125 0.43698286093750005 0.7417257687500001 0.42700945625 0.7343380625 0.41297281249999995 0.7363081171875 0.4037381796875 0.7412332546875 0.3989361703125 0.7491134749999999 0.3908096921875 0.7387706859375001 0.380466903125 0.7451733640625 0.37455673749999996 0.7594562640625 0.3667996453125 0.75108353125 0.3586731671875 0.7545311265625 0.3512854609375 0.7560086687500001 0.34131205625 0.7555161546875 0.3346631203125 0.7619188328125001 0.3272754140625 0.7584712375 0.32284278906249997 0.7451733640625 0.315085696875 0.7417257687500001 0.30880614687499996 0.74665090625 0.30511229375000004 0.7530535859375 0.3095449171875 0.7663514578124999 0.30326536718749997 0.76585894375 0.2977245859375 0.767829 0.293661346875 0.7766942484375 0.293661346875 0.78752955 0.289598109375 0.79885736875 0.282949171875 0.8052600484375001 0.2825797875 0.8151103234375 0.2859042546875 0.8284081953125 0.29809397187500003 0.8259456265624999 0.3040041375 0.8264381390625 0.3058510640625 0.8362884171875 0.301787825 0.8412135546874999 0.2907062640625 0.84466115 0.2859042546875 0.8495862875 0.2822104015625 0.86140661875 0.2907062640625 0.8599290765625 0.2932919625 0.8697793546874999 0.293661346875 0.877659575 0.2881205671875 0.88061465625 0.286273640625 0.8924349875 0.2932919625 0.8998226953125 0.28331855781250004 0.8998226953125 0.2751920796875 0.9072104015625 0.2726063828125 0.9214933015625 0.27777777812500004 0.9318360921875 0.2847961 0.9352836874999999 0.2962470453125 0.9313435765625 0.301787825 0.9397163125000001 0.30289598125 0.9451339640624999 0.29809397187500003 0.9530141859375 0.304373521875 0.963356975 0.311022459375 0.9663120562499999 0.3176713953125 0.963356975 0.31988770624999996 0.9515366437500001 0.320626478125 0.9456264765625001 0.32653664375 0.9515366437500001 0.33244680781249997 0.9525216703125 0.33614066249999996 0.9584318359375 0.3405732859375 0.9618794328125 0.3453752953125 0.9530141859375 0.3486997640625 0.9539992125 0.35017730468749997 0.9643420015625 0.357934396875 0.9672970828125 0.366430259375 0.9623719453125 0.368646571875 0.9539992125 0.37640366406250003 0.9638494874999999 0.3808362890625 0.9549842390625001 0.38637706875 0.9436564234375 0.392287234375 0.9431639078125 0.4015218671875 0.9382387703124999 0.413711584375 0.9342986609375 0.4192523640625 0.9274034671875 0.42405437343749997 0.91607565 0.43181146562499995 0.9057328609375 0.43772163124999997 0.9022852640625001 0.440307328125 0.8820921984375 0.436613475 0.8781520875 0.436613475 0.8697793546874999
3 0.1525297625 0.9333664015625001 0.150049603125 0.9110449734375001 0.137648809375 0.9102182546875 0.139508928125 0.9234457671875 0.1314484125 0.9143518515625001 0.1289682546875 0.9160052921874999 0.13330853125 0.9333664015625001 0.13330853125 0.9416335984374999 0.137648809375 0.9573412703124999 0.137648809375 0.9730489421874999 0.12958829375 0.9515542328125 0.1240079359375 0.9515542328125 0.1171875 0.9457671953125001 0.10974702343750001 0.9457671953125001 0.10850694375 0.9523809515625 0.10602678593749999 0.9672619046875001 0.09920634843750001 0.9755290999999999 0.09982638906249999 0.9961970890625 0.09362599218749999 0.9904100515625001 0.0892857140625 0.9713955015625 0.08680555625 0.9738756609375001 0.080605159375 0.96891534375 0.0775049609375 0.9788359796874999 0.073784721875 0.9672619046875001 0.068204365625 0.968088625 0.0638640875 0.9507275125 0.0601438484375 0.95651455 0.06262400781250001 0.9780092578125 0.059523809375 0.9788359796874999 0.05208333281250001 0.95651455 0.0446428578125 0.9598214296875 0.0353422625 0.9589947078125001 0.032862103125 0.9672619046875001 0.0260416671875 0.9598214296875 0.018601190625 0.9664351859375 0.014880953124999999 0.9788359796874999 0.0173611109375 0.9978505296875 0.292038690625 0.9978505296875 0.292038690625 0.9862764546875 0.279637896875 0.9771825390625001 0.28211805624999997 0.9664351859375 0.27157738125 0.9730489421874999 0.2765376984375 0.9573412703124999 0.2659970234375 0.9523809515625 0.2641369046875 0.9424603171875001 0.2486359125 0.9358465609375 0.2380952375 0.9457671953125001 0.22445436562499999 0.9375 0.213913690625 0.9432870375 0.20399305625 0.9424603171875001 0.20523313437500001 0.9623015875 0.1990327375 0.9623015875 0.20027281718749998 0.9457671953125001 0.1922123015625 0.9672619046875001 0.1860119046875 0.9399801578125 0.1810515875 0.9375 0.18043154687500002 0.9581679890625001 0.172991071875 0.95651455 0.16493055625 0.9507275125 0.16059027812499999 0.9325396828124999 0.1574900796875 0.9308862437500001 0.15438988125 0.9523809515625 0.1525297625 0.9333664015625001
3 0 0.8170803796874999 0.0066489359375 0.8215130015625001 0.018838653125 0.81314026875 0.027334515625 0.8013199375 0.032875295312500004 0.7909771484375 0.038046690625000004 0.7914696609375 0.0472813234375 0.7978723390625 0.05466903125 0.7944247437499999 0.0639036640625 0.7904846328125 0.0709219859375 0.78506698125 0.074246453125 0.7727541375 0.08015661874999999 0.76536643125 0.0816341609375 0.7540386125 0.0727689125 0.7476359328125 0.066858746875 0.7496059890625 0.06427305 0.7377856578124999 0.061687351562500006 0.7303979515625 0.054801670312499995 0.7302540015625001 0.05414926875 0.7193806546875 0.045341857812500004 0.7237299937499999 0.036208246875 0.7224251921875 0.0381654484375 0.70720250625 0.04371085625 0.69502435625 0.047625260937500004 0.6902400828124999 0.06263047968749999 0.6915448859375 0.0701330890625 0.6789318015625 0.06295668125000001 0.6741475296874999 0.056758871875000005 0.6728427265625 0.049256262499999995 0.67545233125 0.0479497359375 0.6690917109375001 0.055390210937499997 0.65255731875 0.055390210937499997 0.6409832453125001 0.06283068750000001 0.6354717812499999 0.0698578046875 0.6294091703125 0.0789517203125 0.6156305125 0.07523148125 0.6051587296875 0.07605820156250001 0.5809082890624999 0.071924603125 0.5544532625 0.0639036640625 0.5328999203125 0.060579196875 0.5343774625 0.066858746875 0.5521079578125 0.0709219859375 0.5713159953125 0.071291371875 0.5964342 0.067966903125 0.5826438140625 0.0627955078125 0.5624507484375 0.055407801562500004 0.5427501984374999 0.053560874999999994 0.52698975625 0.0494976359375 0.5136918828125 0.0461731671875 0.5161544515625 0.0483894796875 0.5260047296875 0.0483894796875 0.5324074078125001 0.040263003125 0.5200945625 0.036938534375 0.5260047296875 0.029920212499999998 0.5289598109375 0.0361997640625 0.5521079578125 0.038046690625000004 0.5693459421875 0.0398936171875 0.5880614671875 0.0446956265625 0.6028368796875 0.04174054375 0.6156422375 0.034722221875 0.6215524046875001 0.029920212499999998 0.625 0.02253250625 0.6176122937499999 0.014406028125000001 0.6185973203125 0.0066489359375 0.6235224578125 0.0003693859375 0.6200748625 0.0007387703125 0.7244877859375001 0.0044326234375 0.7294129234375 0.00960401875 0.7274428687500001 0.0184692671875 0.7274428687500001 0.022901890624999997 0.7318754921874999 0.019577423437499998 0.7368006312500001 0.012928487499999999 0.7471434203125 0.0125591015625 0.7643814015625 0.0044326234375 0.7727541375 0 0.7771867609374999 0 0.8170803796874999