1 0.9805044421875 0.5541455171874999 0.9984375 0.5625 0.9984375 0.5333333328125 0.9984375 0.49583333281249997 0.99398794375 0.4959813875 0.9741592640625001 0.4949238578125 0.9567100249999999 0.4949238578125 0.9463991109375 0.5012690359375 0.9487785531249999 0.5213620984375 0.9551237312499999 0.5382825734375001 0.9638483499999999 0.55203045625 0.9686072328125 0.5573181046875 0.9805044421875 0.5541455171874999
1 0.7068686546875 0.5054991546875 0.7140069796875 0.50867174375 0.7219384515625 0.5129018609375 0.7330425125 0.5171319796875 0.732249365625 0.5012690359375 0.7370082484375 0.49915397656250005 0.740973984375 0.49915397656250005 0.7568369296874999 0.50867174375 0.75604378125 0.49809644531249997 0.753664340625 0.47694585468749995 0.75604378125 0.4663705578125 0.7441465734375 0.46848561718750004 0.7290767765624999 0.4663705578125 0.7155932734375 0.46319796875 0.709248096875 0.4536802015625 0.6973508890625 0.4536802015625 0.6830742390625 0.46848561718750004 0.6751427671875 0.47165820625 0.6687975890625 0.47694585468749995 0.6711770296874999 0.4906937390625 0.687039975 0.5023265640625 0.6981440359375 0.5054991546875 0.7068686546875 0.5054991546875
1 0.412611040625 0.6429780046875 0.42133565937500006 0.63769035625 0.4221288078125 0.6472081203125 0.42768083749999997 0.66095600625 0.43640545625 0.6641285953125 0.4419574875 0.6598984765625 0.4451300765625 0.6546108296875001 0.45068210625000005 0.6535533 0.45702728437499995 0.6524957703125 0.4673381984375 0.64932318125 0.471303934375 0.6472081203125 0.47209708125 0.6345177671875 0.464165609375 0.6144247046875 0.4625793140625 0.6049069375 0.45940672656250003 0.5932741125 0.45940672656250003 0.58058375625 0.4451300765625 0.58058375625 0.43323286875000006 0.58058375625 0.42450824843749996 0.58904399375 0.42133565937500006 0.5985617609375 0.411024746875 0.6038494078125 0.4134041875 0.6218274109374999 0.40864530468750004 0.6228849421875 0.40150697968750004 0.6355752953125 0.412611040625 0.6429780046875
1 0.1556313453125 0.584813875 0.1627696703125 0.584813875 0.176253171875 0.5869289328125 0.1865640859375 0.5943316421875 0.19528870625 0.5953891703124999 0.20084073593750001 0.5953891703124999 0.1929092640625 0.5795262265625001 0.19608185312499998 0.5668358703124999 0.20559961875 0.5668358703124999 0.21273794375000002 0.55203045625 0.2214625640625 0.55203045625 0.22701459375000002 0.5615482234375 0.22939403593750002 0.5541455171874999 0.22701459375000002 0.5382825734375001 0.2317734765625 0.5298223359375 0.2381186546875 0.51607445 0.2230488578125 0.5150169203125 0.2079790609375 0.5150169203125 0.1944955578125 0.5129018609375 0.183391496875 0.50867174375 0.175460025 0.50867174375 0.165942259375 0.51607445 0.15404505 0.5351099828125 0.1500793140625 0.5456852796875 0.144527284375 0.5657783421875 0.14532043125 0.5752961078125 0.1556313453125 0.584813875
1 0.8536008890625 0.5858714046875 0.8631186546875 0.5858714046875 0.8504282999999999 0.5742385796875 0.8631186546875 0.5742385796875 0.8678775375000001 0.5742385796875 0.8781884515625 0.57318105 0.8773953046875 0.5657783421875 0.879774746875 0.5583756359375001 0.8861199234375 0.5541455171874999 0.8892925125 0.5435702203125 0.881361040625 0.5298223359375 0.8662912437499999 0.5266497453125 0.8528077406250001 0.52876480625 0.83615165 0.53193739375 0.828220178125 0.5403976312500001 0.821875 0.5499153984375 0.8179092640625001 0.5573181046875 0.821875 0.5700084609375 0.8329790609375 0.5763536375 0.843289975 0.5826988140625 0.8536008890625 0.5858714046875
1 0.56806789375 0.1924703890625 0.560136421875 0.1861252125 0.560136421875 0.177664975 0.5641021578125 0.1692047375 0.552998096875 0.1723773265625 0.5434803296874999 0.177664975 0.529996828125 0.1840101515625 0.517306471875 0.1903553296875 0.5117544421875 0.20198815625000002 0.5212722078125 0.20833333281250002 0.5371351515625 0.2072758046875 0.5482392125 0.1977580375 0.554584390625 0.1924703890625 0.56806789375 0.1924703890625
1 0.465751903125 0.5329949234375 0.472890228125 0.527707275 0.46495875625 0.5192470390625 0.45068210625000005 0.5139593921875 0.4395780453125 0.5139593921875 0.42926713124999993 0.5266497453125 0.419749365625 0.5361675124999999 0.42450824843749996 0.5499153984375 0.4348191625 0.5541455171874999 0.448302665625 0.5541455171874999 0.4609930203125 0.5425126890625 0.465751903125 0.5329949234375
1 0.65134835 0.4663705578125 0.6561072328125 0.45685279218749997 0.652141496875 0.4357022 0.6473826140625001 0.42195431406250006 0.6323128171875 0.41455160781249994 0.6251744921875 0.41349407656250003 0.6172430203125 0.4177241953125 0.6156567265625 0.43147208125000003 0.6235881984375 0.4462774953125 0.629933375 0.45050761406250006 0.6394511421875 0.46002538125000003 0.65134835 0.4663705578125
1 0.38088515156249997 0.4177241953125 0.389609771875 0.4240693734375 0.3935755078125 0.4240693734375 0.3943686546875 0.4156091375 0.3864371828125 0.41349407656250003 0.3848508890625 0.39974619375 0.37453997499999997 0.3849407796875 0.36184961875 0.37859560000000003 0.3507455578125 0.37859560000000003 0.34995241093749996 0.38917089531250004 0.353125 0.4039763109375 0.36026332499999997 0.40926396093750006 0.36660850312500004 0.4166666671875 0.37691941562500003 0.4177241953125 0.38088515156249997 0.4177241953125
1 0.784917840625 0.21664710468749998 0.7933538734375001 0.2176251953125 0.8010563375 0.2161580609375 0.8091846453124999 0.21256345156249998 0.8171161171874999 0.2104483921875 0.8197623234375 0.21664710468749998 0.8245305171874999 0.2220266046875 0.8270980046874999 0.21664710468749998 0.8242544421875 0.20833333281250002 0.8274270296875 0.20198815625000002 0.828931925 0.1961071984375 0.8245305171874999 0.1956181546875 0.81902875625 0.1975743359375 0.8135269953125001 0.19659624375 0.80839201875 0.1897496078125 0.79848885 0.1877934265625 0.7901491109375 0.18929780000000002 0.7794160796875 0.19659624375 0.7746478875 0.20246478906249998 0.775014671875 0.20980046875 0.7794160796875 0.21322378749999998 0.784917840625 0.21664710468749998
1 0.4529207515625 0.23420479374999997 0.4610906859375 0.23692810468749997 0.470792484375 0.23897058750000003 0.4697712421875 0.23556644843750002 0.4631331703125 0.22875817031249998 0.46875 0.2233115453125 0.4733455875 0.2151416125 0.466707515625 0.2171840953125 0.46006944375 0.2212690625 0.44985702656250004 0.2178649234375 0.4442401953125 0.21650326875 0.43402777812500004 0.2171840953125 0.4233047390625 0.2233115453125 0.415645425 0.23080065468750002 0.4151348046875 0.2396514171875 0.42432597968749997 0.24305555625 0.43351715625000004 0.2410130734375 0.44321895468749994 0.23692810468749997 0.4529207515625 0.23420479374999997