1 0.8439781015625 0.4823600984375 0.849908759375 0.4899635046875 0.8510492703124999 0.4960462296875 0.8448905109375 0.49635036406250005 0.8396441609374999 0.49939172656249997 0.833713503125 0.5048661796875 0.8252737218749999 0.5100364953125001 0.8346259125 0.51216545 0.8416970796875001 0.5072992703125 0.8473996343750001 0.5088199515625 0.855839415625 0.5103406328125 0.8606295625 0.5112530421875 0.8661040140624999 0.5164233578124999 0.8711222624999999 0.5206812640625 0.8784215328125 0.5267639890625 0.8820711671874999 0.5270681265625 0.8845802921875 0.5158150859374999 0.8852645984375 0.5112530421875 0.8841240875 0.5057785890625001 0.891651459375 0.5015206812499999 0.9067062046875 0.49817518281249995 0.9156021890625 0.49422141093749994 0.9283759125 0.4945255484375 0.916970803125 0.48935523124999997 0.9286040140624999 0.4829683703125 0.9388686125 0.47931873593749996 0.922901459375 0.4799270078125 0.914005475 0.48205596093749997 0.9064781015625 0.4814476890625 0.8932481750000001 0.4814476890625 0.8841240875 0.4829683703125 0.8820711671874999 0.4838807796875 0.8818430656249999 0.4735401453125 0.881158759375 0.46167883125 0.8800182484375 0.4583333328125 0.8784215328125 0.46715328593749994 0.8784215328125 0.4762773734375 0.8706660578125 0.4628953765625 0.860401459375 0.4479927 0.84694343125 0.44008515781249996 0.842153284375 0.43643552343750003 0.838275546875 0.4184914828125 0.8364507296875001 0.4108880765625 0.8325729921875 0.41514598593749996 0.833029196875 0.4242700734375 0.8325729921875 0.43156934375 0.8257299265625001 0.43339416093749994 0.8175182484375 0.43521897656249997 0.8197992703124999 0.44282238593749995 0.8289233578124999 0.4492092453125 0.8343978109375 0.45255474375000004 0.8389598546875 0.4595498796875 0.8321167890625001 0.46259124218750003 0.8298357671875 0.4656326046875 0.8373631390625 0.47414841875 0.8439781015625 0.4823600984375
1 0.8677007296875001 0.4227493921875 0.8615419703124999 0.43004866249999996 0.8752281015625 0.433090025 0.8854927 0.441909975 0.8893704375 0.44373479375 0.89119525625 0.44069343125 0.8893704375 0.429744525 0.8820711671874999 0.42214111875000004 0.8745437953125 0.4200121640625 0.8677007296875001 0.4227493921875
1 0.86268248125 0.37013382031250003 0.853786496875 0.36465936718749997 0.8414689781250001 0.36192214218749996 0.8257299265625001 0.3607055953125 0.8234489046875 0.3731751828125 0.8293795625 0.3774330890625 0.8380474453125 0.3792579078125 0.8501368609375 0.3807785890625 0.8631386859375001 0.3786496359375 0.8681569343750001 0.37439172656249997 0.86268248125 0.37013382031250003
1 0.766651459375 0.3962895375 0.763001825 0.38807785781250004 0.7557025546875 0.3819951328125 0.74543795625 0.3792579078125 0.7365419703125 0.3759124078125 0.73106751875 0.37287104531250004 0.7358576640625001 0.3813868609375 0.7306113140625 0.3859489046875 0.739279196875 0.38716545 0.7468065687500001 0.3956812640625 0.7541058390625001 0.4023722625 0.7602645984375 0.40906326093749995 0.765282846875 0.41484185 0.768476278125 0.41575425781249997 0.768476278125 0.40693430625 0.766651459375 0.3962895375
1 0.778968978125 0.4184914828125 0.7746350359374999 0.4257907546875 0.7718978109375 0.4276155703125 0.77531934375 0.4303527984375 0.784899634375 0.42609488906250004 0.789461678125 0.4200121640625 0.788777371875 0.4136253046875 0.7837591234375 0.4136253046875 0.778968978125 0.4184914828125
1 0.7146441609374999 0.3658759125 0.706660584375 0.3716545015625 0.7007299265625 0.3804744515625 0.70118613125 0.3868613140625 0.7123631390625 0.3832116796875 0.7260492703125 0.3829075421875 0.7331204375 0.3822992703125 0.7290145984375 0.37560827343750003 0.729470803125 0.3713503640625 0.737910584375 0.3753041359375 0.731751825 0.3677007296875 0.7146441609374999 0.3658759125
1 0.7198905109375 0.308090025 0.7281021890625 0.30869829531250004 0.7335766421875001 0.3029197078125 0.7274178828125 0.30352798124999997 0.7155565687500001 0.3050486625 0.721031021875 0.2947080296875 0.725593065625 0.28497566875 0.7208029203125 0.2843673953125 0.7137317515625 0.2916666671875 0.7084854015625 0.30352798124999997 0.6970802921875 0.3074817515625 0.6893248171875 0.31569343125 0.683850365625 0.3327250609375 0.679972628125 0.3479318734375 0.6902372265625 0.344586375 0.69981751875 0.3415450125 0.7078010953125 0.33698296875 0.7116788328125 0.33090024375 0.7130474453125 0.3239051109375 0.7160127734375 0.31295620468749996 0.7198905109375 0.308090025
1 0.6644898796875001 0.31455142343750003 0.660899890625 0.32002188125000003 0.65884846875 0.32731582656249997 0.6573099015625 0.33369803125 0.6689346281249999 0.3325583515625 0.6779950765625 0.33141867343750003 0.6827817281249999 0.3277717 0.686713621875 0.3181983953125 0.6873974281249999 0.3143234875 0.6797045953125 0.3152352296875 0.6716698578125 0.31341174375 0.6644898796875001 0.31455142343750003
1 0.8116020109375001 0.1470306515625 0.8137571843750001 0.1393678171875 0.81645115 0.1321839078125 0.8108836203124999 0.1352969359375 0.805854884375 0.13984674375 0.8036997124999999 0.1336206890625 0.7931034484375 0.1321839078125 0.787895115625 0.13457854375 0.7848419546875001 0.14128352500000002 0.7821479890624999 0.1494252875 0.7803520109375001 0.15756705 0.7828663796875001 0.16427203125 0.7911278734375 0.16522988593750002 0.798850575 0.16187739375000001 0.803520115625 0.1542145609375 0.8054956890625 0.15038314218749999 0.8101652296875 0.15493295 0.8112428156249999 0.1623563203125 0.8137571843750001 0.1544540234375 0.8116020109375001 0.1470306515625
1 0.781968390625 0.23467432968750002 0.7749640796875 0.23371647499999998 0.7724497125 0.23611111093749998 0.7724497125 0.2416187734375 0.77586206875 0.24952107343750002 0.7740660921875 0.2574233703125 0.7765804593750001 0.2557471265625 0.780531609375 0.2626915703125 0.7830459765625 0.2538314171875 0.78520115 0.24353448281249998 0.781968390625 0.23467432968750002
1 0.981234096875 0.5982294312499999 0.9782522265625 0.6067111953125 0.9722884859375001 0.6194338421875 0.974475190625 0.6316263796875 0.9832220109375 0.6321564890625 0.9873966281250001 0.6183736203125 0.9887881671875001 0.60591603125 0.9919688296875 0.5990245984375 0.9873966281250001 0.5966391 0.981234096875 0.5982294312499999
1 0.9243797703125001 0.6947095 0.92815680625 0.68861323125 0.9329277984375001 0.6835771828125 0.9311386765625 0.6809266328125 0.9241809796875 0.675360475 0.9174220734375 0.6708545375 0.9102655859375 0.6689991515625 0.904103053125 0.6711195937500001 0.89972964375 0.6766857500000001 0.891181615625 0.6833121296875 0.8913804078125 0.68596268125 0.8943622781249999 0.6933842234375 0.8949586515625001 0.69895038125 0.9009223921875 0.6939143328124999 0.9050970109375 0.6968299421874999 0.9154341609375001 0.6952396109375 0.9243797703125001 0.6947095
1 0.8086832062499999 0.7514312984375 0.7993400125 0.7495759125 0.790791984375 0.7535517390625001 0.7860209921875 0.7622985578125 0.783635496875 0.76706955 0.776081425 0.7681297703125 0.77707538125 0.77184054375 0.779460878125 0.7739609828125 0.7800572515625 0.77767175625 0.7953641859375 0.7734308734375 0.8094783718749999 0.7755513140625 0.8239901406250001 0.7758163703125 0.8273695921875 0.7726357078125 0.8273695921875 0.7668044953125001 0.822399809375 0.7601781171875001 0.8160384859375001 0.7546119578125 0.8086832062499999 0.7514312984375
1 0.8470499359374999 0.8097434265624999 0.8542064249999999 0.8153095859375 0.8693145671875 0.817430025 0.8822360046875 0.8187553015625 0.895555025 0.8176950812499999 0.899530853125 0.8134541984375 0.897940521875 0.8110687015625 0.89197678125 0.8020568265625 0.88362754375 0.8009966078125 0.8665314890625 0.8009966078125 0.8516221375 0.79967133125 0.8486402671875 0.7972858359375 0.844664440625 0.79516539375 0.8416825703124999 0.7856234109375 0.8357188296875 0.7800572515625 0.8355200375 0.7874787953125 0.8390982828125001 0.7986111109375 0.8470499359374999 0.8097434265624999
1 0.7163242015625 0.6516362250000001 0.70597888125 0.6542522828124999 0.7000927515625001 0.6518740484375 0.69367151875 0.6466419328125 0.6872502859375 0.6428367578125 0.6786886421875 0.6395072296875 0.6752996578125 0.64117199375 0.6722674093750001 0.644025875 0.670305365625 0.6475932265625 0.670305365625 0.6516362250000001 0.6786886421875 0.66019786875 0.6854666093749999 0.6647165140625 0.69349315 0.66590563125 0.700806221875 0.6663812796874999 0.7056221468749999 0.6644786921875 0.714540525 0.6666191015625 0.7132919515625 0.6594843984375001 0.7163242015625 0.6516362250000001
1 0.6134061078124999 0.69063926875 0.6100171234375 0.68231545 0.6073416093749999 0.67351598125 0.6035958906250001 0.6689973359375 0.6014554796875 0.6694729828125 0.599850171875 0.6799372140625 0.6012771125 0.69277968125 0.6028824203125 0.7011035 0.6057363015624999 0.7094273203125 0.6091252859375 0.7139459671874999 0.6128710046875 0.7091894984375 0.613941209375 0.6989630890625 0.6134061078124999 0.69063926875
1 0.6649543375 0.5845700140625001 0.662635559375 0.57648401875 0.656927796875 0.5700627859375 0.6517551375 0.56768455 0.6451555359375 0.56697108125 0.6394477734375 0.5695871375 0.6351669515625 0.5741057828125 0.6315996 0.5783866062499999 0.629280821875 0.5829052515625001 0.6323130703125 0.5926560125 0.6362371578125 0.6007420078125 0.643550228125 0.6019311265625 0.650149828125 0.6016933015625 0.6531820781250001 0.5990772453125001 0.660673515625 0.5969368328125 0.6644192359375001 0.5928938359375 0.6649543375 0.5845700140625001
1 0.9193313953125 0.060864825 0.9263717296875 0.0581395359375 0.9236464390625001 0.050569282812500005 0.926144621875 0.0436046515625 0.9350018171875 0.041484981250000004 0.93954396875 0.03754845 0.9288699125000001 0.0357315890625 0.9225109015624999 0.0317950578125 0.906613371875 0.030886626562500002 0.9009356828125 0.0333091078125 0.896166425 0.0384568796875 0.8945766718750001 0.0448158921875 0.8945766718750001 0.0529917640625 0.896166425 0.059350775 0.903206759375 0.0626816859375 0.9075218015625 0.0669210265625 0.9161518890625 0.0657097875 0.9193313953125 0.060864825
1 0.7369791671875 0.08969907499999999 0.7447916671875 0.078125 0.7439236109375 0.06944444375 0.7335069437499999 0.0758101859375 0.7165243453125 0.08569525156249999 0.705396075 0.0917514546875 0.6974473109375 0.10234980625000001 0.6940406984374999 0.1090116265625 0.700399709375 0.1123425390625 0.703125 0.1090116265625 0.70971111875 0.1074975765625 0.7197038515624999 0.10204699531250001 0.7296006937499999 0.0983796296875 0.7369791671875 0.08969907499999999
1 0.592199428125 0.4802798984375 0.593392175 0.47100296875 0.587030853125 0.46782230625 0.573513040625 0.46331637031249995 0.5609891859375 0.45881043281249995 0.551844784375 0.45562977031249996 0.5448870859375 0.46331637031249995 0.5377305984375 0.47259330000000005 0.5403148859375 0.47312341093750004 0.5488629140625 0.48531594531250005 0.569783834375 0.4918546375 0.581862278125 0.4935326546875 0.5856393125 0.485581 0.5969704203124999 0.48637616718750004 0.592199428125 0.4802798984375
1 0.5122180453125 0.4490392640625 0.52553258125 0.4485171265625 0.5276864031249999 0.4430346703125 0.5204417296875 0.4352025890625 0.5100642234375 0.43154761875 0.50588565 0.42367339375 0.5098684203125 0.41510024999999995 0.5002741234375 0.40439640781249997 0.4971272421875 0.4129297453125 0.5023822874999999 0.4344170390625 0.4971771625 0.4447625109375 0.48962309218750005 0.4564249359375 0.48564726406250003 0.4662319765625 0.4792859421875 0.47762934843749993 0.47908714999999996 0.4895568265625 0.4802798984375 0.4988337578125 0.4836593515625 0.4977735375 0.48922550937500003 0.4922073796875 0.49121342187500006 0.48637616718750004 0.49909931093750004 0.4761904765625 0.502036340625 0.4688805359375 0.5049733703125 0.46157059375 0.5039943609375 0.45112781875 0.5122180453125 0.4490392640625
1 0.5191851265625 0.6331751062500001 0.5116693031249999 0.6297468359375 0.5023734171875 0.6286919828124999 0.4964398734375 0.6289556953125001 0.4916930375 0.6379219421875 0.4926819625 0.6434599140625 0.5 0.647679325 0.5090981015625 0.6484704640625 0.5174050640625001 0.6455696203125 0.5239319625000001 0.6450421937499999 0.525909809375 0.63924050625 0.5191851265625 0.6331751062500001
1 0.46776107656250004 0.710179325 0.46835442968749996 0.7159810125 0.46973892343749996 0.7093881859375 0.46835442968749996 0.7033227859375 0.47567246875 0.7041139249999999 0.47013449375 0.6972573828125 0.465783228125 0.6956751062500001 0.4636075953125 0.6885548515625 0.4640031640625 0.6809071734375001 0.4665743671875 0.6727320671875 0.46637658281250005 0.6592827 0.46459651874999996 0.6482067515625001 0.460245253125 0.6442510546875 0.4558939875 0.6518987328125 0.45450949375 0.66191983125 0.45352057031250004 0.6724683546875 0.4537183546875 0.6806434609374999 0.4558939875 0.6867088609375 0.4592563296875 0.6922468359375 0.46004746875 0.6975210984375 0.4626186703125 0.7046413499999999 0.46776107656250004 0.710179325
1 0.5046875 0.5862499999999999 0.49749999999999994 0.5818749999999999 0.49000000000000005 0.576875 0.49171875 0.5822916671875 0.48484375 0.5847916671875 0.47625 0.5902083328125001 0.47078125000000004 0.595 0.46671874999999996 0.6047916671875 0.4715625 0.605 0.48187499999999994 0.6035416671875 0.49203125 0.6025 0.50234375 0.5995833328125 0.50578125 0.5962500000000001 0.509375 0.5900000000000001 0.5046875 0.5862499999999999
1 0.43265624999999996 0.5483333328125 0.43359375 0.5441666671875 0.43218750000000006 0.5414583328125 0.42765624999999996 0.538125 0.41968750000000005 0.5347916671874999 0.41196741875000004 0.5331035921875 0.413533834375 0.5244883046875 0.413533834375 0.5140455312500001 0.4066807640625 0.5184837078125 0.4006109015625 0.5148287375 0.40140624999999996 0.5360416671875 0.3953125 0.541875 0.3959375 0.5439583328125 0.399375 0.5497916671875 0.40546875 0.5497916671875 0.4134375 0.5506249999999999 0.42234375 0.5510416671875 0.4290625 0.5502083328125 0.43265624999999996 0.5483333328125
1 0.5478962421875 0.9739242921875 0.5583639703125 0.96847766875 0.5655126640625 0.9596269062499999 0.55861928125 0.9637118734375001 0.5473856203125 0.9633714609374999 0.541002859375 0.9562227671875 0.538705065625 0.9429466234375001 0.543300653125 0.9269471687499999 0.537939134375 0.9323937921875001 0.529258578125 0.9443082796875 0.5233864374999999 0.95349945625 0.515216503125 0.9589460796875 0.5062806375 0.9548611109375 0.490196078125 0.9616693890624999 0.474622140625 0.97120098125 0.462111928125 0.9837962953125 0.4501123359375 0.9960511984375 0.4484375 0.9979166671874999 0.5140625 0.9979166671874999 0.51879085 0.9943491296875001 0.5259395421875 0.9759667750000001 0.5297691999999999 0.9732434640625 0.5374285125 0.9783496734374999 0.5478962421875 0.9739242921875
1 0.343392565625 0.7128267984375001 0.33879697656249996 0.707380175 0.331648284375 0.7104439 0.3109681375 0.7169117640625 0.30152165000000003 0.7250816999999999 0.297181371875 0.72984749375 0.2989685453125 0.7390386703125 0.3033088234375 0.7424428109375001 0.315308415625 0.7468681921875 0.33369076875000003 0.74720860625 0.344924428125 0.7427832249999999 0.3584558828125 0.7346132890625 0.360498365625 0.7291666671875 0.3584558828125 0.7220179734375 0.349520015625 0.7169117640625 0.343392565625 0.7128267984375001
1 0.3298611109375 0.8367374734374999 0.33675449375 0.8275462953125 0.333946078125 0.8466094765625 0.34109477187500004 0.8203976046875001 0.34109477187500004 0.8118872546875 0.3520731203125 0.7996323515625 0.35462622499999996 0.7822712421875 0.3561580875 0.7666122 0.35539215625 0.7594635078125 0.3469669125 0.7581018515625 0.3436478765625 0.7628676484375 0.33828635625 0.7730800640625 0.333180146875 0.7866966234375 0.3298611109375 0.7982706984375 0.3296058 0.8067810453125001 0.330882353125 0.8146105671875 0.3342013890625 0.8176742921875 0.33266952656250004 0.8309504359375 0.3298611109375 0.8367374734374999
1 0.515625 0.2393939390625 0.524715909375 0.2390151515625 0.527840909375 0.2356060609375 0.5201704546875 0.23333333281250002 0.5125 0.2329545453125 0.512215909375 0.2253787875 0.51193181875 0.2162878796875 0.5079545453125001 0.2125 0.5048295453125 0.21969696875000003 0.5017045453125 0.225 0.49488636406250003 0.2272727265625 0.484090909375 0.22803030156249998 0.47727272656249997 0.2299242421875 0.471590909375 0.23484848593750002 0.4667613640625 0.24128787968749998 0.4633522734375 0.250757575 0.46164772656249997 0.2606060609375 0.45965909062500004 0.27007575781250004 0.46164772656249997 0.28181818125 0.471590909375 0.28030303125 0.4798295453125 0.27878787968749996 0.48778409062500006 0.2738636359375 0.49346590937499996 0.2666666671875 0.5 0.25757575781250003 0.5048295453125 0.2496212125 0.506534090625 0.2401515140625 0.515625 0.2393939390625
1 0.553409090625 0.21704545468749997 0.5517045453125 0.22007575781250002 0.5579545453125 0.2234848484375 0.5596590906250001 0.2268939390625 0.5607954546875 0.23409090781250003 0.562784090625 0.23219696875 0.5639204546875 0.2227272734375 0.5710227265625 0.22045454531250003 0.5789772734375 0.2151515140625 0.5829545453125 0.2098484859375 0.587215909375 0.20265151406249998 0.587784090625 0.1954545453125 0.58494318125 0.188257575 0.57755681875 0.1897727265625 0.57130681875 0.19431818125 0.5664772734375 0.20340909218749997 0.5644886359375 0.2128787875 0.5607954546875 0.21893939375000002 0.553409090625 0.21704545468749997
1 0.62130681875 0.1473484859375 0.61818181875 0.14696969843750002 0.6142045453125 0.150757575 0.6011363640625 0.1530303015625 0.59431818125 0.16060606093750002 0.5923295453125 0.1731060609375 0.5883522734375 0.18030303125 0.593465909375 0.1848484859375 0.6048295453125 0.1852272734375 0.6105113640625001 0.1780303015625 0.6136363640625 0.1719696984375 0.6164772734375 0.1647727265625 0.6269886359375 0.163257575 0.6269886359375 0.16060606093750002 0.6196022734375 0.15681818125 0.62130681875 0.1473484859375
1 0.2716228609375 0.4329665859375 0.27697127187500004 0.43041972343749996 0.28919621093750003 0.42736348749999997 0.2972188265625 0.41870415625 0.30256723750000003 0.41513855 0.30791564843749997 0.41055419843749996 0.3052414421875 0.4054604734375 0.2945446203125 0.4024042375 0.283083740625 0.4024042375 0.274297065625 0.41106356875000005 0.2651283625 0.4227791359375 0.259397921875 0.4243072546875 0.2483190703125 0.4319478390625 0.2532854515625 0.43347595781250003 0.2666564796875 0.4339853296875 0.258251834375 0.45334148281250003 0.2674205375 0.44264466249999995 0.2716228609375 0.4329665859375
1 0.1489914421875 0.6326405875 0.1451711484375 0.6158312953125 0.1497555015625 0.6081907078125 0.1589242046875 0.6051344750000001 0.1558679703125 0.6025876125 0.1409688265625 0.6015688671875 0.1398227390625 0.5964751421875001 0.1329462109375 0.5903626734375 0.1260696828125 0.58374083125 0.11881112499999999 0.5776283624999999 0.1046760390625 0.5750815 0.0947432765625 0.5806845953125 0.0989455984375 0.5929095359375001 0.10620415624999999 0.5995313765625 0.1134627140625 0.6056438453124999 0.127979828125 0.6097188265625 0.13791259218750002 0.61124694375 0.140586796875 0.6204156484375 0.1489914421875 0.6326405875
1 0.49897119375 0.08030406875 0.4961848421875 0.0754458171875 0.49961419687499997 0.07173068125 0.5043295609375 0.0677297671875 0.4981138546875 0.0677297671875 0.4918981484375 0.069730225 0.48696845 0.06515775 0.476680384375 0.0648719703125 0.46982167343750003 0.0668724265625 0.464677640625 0.0751600375 0.46682098749999995 0.08516232343749999 0.4741083671875 0.0891632375 0.47882373125 0.0888774578125 0.483324759375 0.0874485609375 0.4878257890625 0.0840192046875 0.48975480156250006 0.08144718749999999 0.49404149531249997 0.0845907640625 0.5011145406249999 0.0874485609375 0.49897119375 0.08030406875
1 0.3729423875 0.2834933703125 0.37444272968750003 0.2774919984375 0.37422839531249996 0.2737768625 0.36565500625 0.2760631 0.3613683125 0.2743484234375 0.3536522640625 0.272919525 0.34936556875 0.2757773203125 0.3455075453125 0.2834933703125 0.342935528125 0.2929240984375 0.3463648828125 0.29778235 0.3519375859375 0.29806812968749996 0.3583676265625 0.29778235 0.36372599375000003 0.294638775 0.3690843625 0.29120941875 0.375514403125 0.2897805203125 0.3729423875 0.2834933703125
1 0.3868741421875 0.54012345625 0.3866598078125 0.53383630625 0.38387345625 0.5418381359375 0.375514403125 0.5432670328125 0.36715535 0.5489826250000001 0.35901063125 0.5581275734375 0.36222565156250003 0.5635573859375 0.369727365625 0.5629858249999999 0.377014746875 0.5589849109375 0.38108710625 0.5535550984375 0.38601680312500003 0.5452674890625 0.39158950625 0.54240969375 0.3868741421875 0.54012345625
1 0.11899656875 0.15973413281249998 0.12355274375 0.14972841718750002 0.12328473437500001 0.1415094328125 0.12006861093750001 0.142581475 0.11578044531250001 0.1536592328125 0.10908018906250001 0.1558033171875 0.10077187031249998 0.15401658125 0.0946076328125 0.1536592328125 0.09085548906249999 0.15508862343750002 0.08817538593749999 0.16009148125 0.0873713546875 0.17009719843749999 0.088443396875 0.17617209843749998 0.0927315609375 0.18474842656249998 0.091391509375 0.18153230468749998 0.1045240140625 0.1801029171875 0.10640008593750001 0.17224128125 0.10961620937500001 0.1697398515625 0.126232846875 0.1765294453125 0.13454116562500001 0.17581475156249998 0.1291809609375 0.17045454531249998 0.1203366203125 0.1640222984375 0.11899656875 0.15973413281249998
3 0.4304089703125 0.9064423921874999 0.43906662343749997 0.9031442390625 0.45432058125 0.9009454703124999 0.4625659625 0.9020448546875001 0.47163588437500004 0.9031442390625 0.4736972296875 0.89929639375 0.478232190625 0.9064423921874999 0.48359168906249994 0.9058927000000001 0.48359168906249994 0.9174362359374999 0.4889511875 0.9212840812499999 0.495135225 0.9251319265625 0.49678430156250003 0.9416226921874999 0.5017315296875 0.9498680734375 0.5145118734375 0.9515171499999999 0.5231695249999999 0.9471196125000001 0.5277044859375 0.9372251546875001 0.5363621375000001 0.9284300796875 0.546256596875 0.9234828500000001 0.553677440625 0.9311785390624999 0.5590369390625 0.9377748453124999 0.56398416875 0.9471196125000001 0.5672823218749999 0.9515171499999999 0.5705804750000001 0.9614116109375 0.5788258578125001 0.9647097625000001 0.5833608171875 0.9636103796875 0.59036939375 0.9707563765625 0.5920184703125 0.977902375 0.594079815625 0.9877968328125 0.601088390625 0.9932937562499999 0.6101583109375001 0.9965919078125 0.6241754625 0.99769129375 0.6324208437500001 0.9954925250000001 0.6410784953124999 0.9954925250000001 0.648087071875 0.9894459109374999 0.6493238781249999 0.9784520671875001 0.6522097625 0.9685576078125001 0.6592183375 0.9658091484375 0.6542711078125001 0.9592128421874999 0.6583938 0.942722075 0.6501484171875 0.9295294625 0.648087071875 0.9157871578125001 0.6579815296875 0.9086411609375 0.6579815296875 0.8965479328124999 0.6464379953125 0.8861037812499999 0.6410784953124999 0.8767590140625 0.635718996875 0.8679639390625 0.629122690625 0.8635664015625 0.620877309375 0.8597185578125 0.615105540625 0.8591688640624999 0.6101583109375001 0.8591688640624999 0.6047988125 0.85367194375 0.60521108125 0.8410290234375 0.6089215046875001 0.8283861046875 0.6101583109375001 0.8168425687499999 0.6101583109375001 0.8052990328125 0.61057058125 0.7921064203125 0.61057058125 0.7849604234374999 0.61221965625 0.7717678109375 0.6101583109375001 0.7613236578125 0.60438654375 0.7585751984375 0.6006761218750001 0.7558267375 0.5977902375 0.7448328937500001 0.594079815625 0.7420844328125 0.59036939375 0.7382365875 0.587071240625 0.7382365875 0.5817117421875 0.73164028125 0.5755277046875 0.7261433609375 0.5751154359374999 0.7327396671875 0.5705804750000001 0.7124010562499999 0.5635719 0.7140501312499999 0.5573878624999999 0.7140501312499999 0.5635719 0.7030562875 0.560686015625 0.6959102890625 0.553677440625 0.6926121375000001 0.546668865625 0.6931618296875001 0.5417216359375 0.69920844375 0.5413093671875 0.6887642921875 0.533476253125 0.6887642921875 0.5268799468750001 0.6887642921875 0.5231695249999999 0.6898636765624999 0.519871371875 0.6843667546875001 0.5136873343749999 0.68601583125 0.5108014515625 0.6909630609375 0.509152375 0.6920624453124999 0.5025560687499999 0.6942612140625 0.500082453125 0.6909630609375 0.4906002640625 0.6920624453124999 0.485653034375 0.6931618296875001 0.4819426125 0.6975593671875 0.4811180734375 0.7025065953125 0.4749340375 0.7085532109375 0.47452176718750005 0.7151495171875 0.46916226875 0.7162489 0.46462730937499996 0.70965259375 0.45844327187499995 0.7069041328125001 0.45473284999999997 0.714599825 0.45061015781249997 0.7217458234375 0.444426121875 0.7255936671875001 0.43947889218749997 0.7288918203125 0.4361807390625 0.7354881265625 0.43453166249999997 0.7409850484375 0.42875989375 0.7431838171875 0.4229881265625 0.7486807390625 0.4151550125 0.7569261203125001 0.41391820625 0.7651715046875001 0.40773416874999996 0.7695690421875 0.404023746875 0.7739665796875 0.3994887859375 0.7789138078125 0.397839709375 0.7855101140625 0.3957783640625 0.7932058046875 0.3961906328125 0.79925241875 0.3883575203125 0.8009014953125 0.382998021875 0.8102462625 0.3801121375 0.8146438 0.3751649078125 0.8206904125 0.369805409375 0.8344327171874999 0.364033640625 0.8426781 0.3619722953125 0.8476253296875 0.35620052812499997 0.84927440625 0.35084102968750003 0.8520228671875 0.342595646875 0.8564204046875 0.33929749375 0.8641160953125 0.336411609375 0.8690633249999999 0.33187664843750003 0.8767590140625 0.3236312671875 0.8734608625 0.3207453828125 0.8833553203125 0.322806728125 0.8927000875 0.3170349609375 0.8981970109375 0.3182717671875 0.9058927000000001 0.316622690625 0.914687775 0.3133245375 0.9251319265625 0.3207453828125 0.9355760765625 0.319508575 0.94931838125 0.31208773125 0.9597625328125 0.3100263859375 0.9685576078125001 0.3100263859375 0.9784520671875001 0.3170349609375 0.9839489890625 0.322394459375 0.9883465250000001 0.32692941875 0.9883465250000001 0.3446569921875 0.9663588390625 0.363209103125 0.9471196125000001 0.3731035625 0.9223834640625 0.38052440625 0.9047933171875 0.39454155625 0.9097405453125 0.404436015625 0.9135883890625 0.41597955156250005 0.9130386984375001 0.4304089703125 0.9064423921874999
3 0.6612796828125 0.9130386984375001 0.675296834375 0.9141380828125 0.6851912921875 0.9212840812499999 0.6913753296875 0.9295294625 0.70003298125 0.9350263859375 0.7115765171875 0.93887423125 0.7222955140625 0.94052330625 0.7293040890625 0.9526165359375 0.74043535625 0.9553649953125 0.7462071234375001 0.9520668421874999 0.7532156984375 0.9443711515625001 0.7556893140625001 0.93612576875 0.7556893140625001 0.9289797703125 0.751154353125 0.914687775 0.7561015828125 0.8987467015625 0.7680573875000001 0.9009454703124999 0.7734168859375 0.8916007046875001 0.777951846875 0.8817062437500001 0.7763027703125001 0.8718117859375001 0.76146108125 0.8663148640625 0.7540402375 0.85367194375 0.7523911609375 0.8272867187499999 0.750329815625 0.8107959546875 0.750329815625 0.7954045734374999 0.7523911609375 0.7756156562500001 0.750742084375 0.760224275 0.7396108171875 0.7508795078125 0.730128628125 0.7415347390625 0.7148746703125 0.7387862796875 0.6921998687500001 0.7343887421875 0.67983179375 0.7343887421875 0.6666391828125 0.7327396671875 0.655507915625 0.7299912046875 0.6501484171875 0.7393359703125 0.6472625328125 0.7475813546875 0.6431398421875001 0.75362796875 0.6340699203125 0.75362796875 0.62458773125 0.75967458125 0.6233509234375 0.770668425 0.6237631921875 0.7838610375 0.625 0.7965039578125 0.6328331140625 0.79925241875 0.642727571875 0.79705365 0.6505606859374999 0.7987027265625 0.6476748015625 0.8047493390625 0.6287104218749999 0.8036499562499999 0.6196405015625001 0.8113456453125 0.6130441953125 0.8344327171874999 0.6130441953125 0.8525725578125 0.621701846875 0.8553210203124999 0.6324208437500001 0.8591688640624999 0.6402539578125 0.8663148640625 0.6497361484375 0.8806068609375 0.6579815296875 0.8899516265624999 0.6600428765624999 0.8998460859374999 0.6612796828125 0.9130386984375001
3 0.18734256875 0.7808564234375 0.18458753125 0.7598656578125 0.185374684375 0.74779596875 0.19521410625 0.738350125 0.2070214109375 0.7310033578125 0.2211901765625 0.72680520625 0.2267002515625 0.7236565921875 0.21961586875 0.7210327453125001 0.2192222921875 0.70896305625 0.2085957171875 0.7100125937499999 0.19875629687500002 0.7110621328125 0.1897040296875 0.7173593625 0.1782903015625 0.7226070515624999 0.17081234218750002 0.7252308984375 0.163727959375 0.7252308984375 0.157037153125 0.7320528953125 0.148772040625 0.7393996640625 0.14404911874999998 0.7441225859375 0.14168765781249998 0.7504198140625 0.13499685156250002 0.7551427375 0.1275188921875 0.7630142734375001 0.1212216625 0.7708858109375 0.1129565484375 0.7798068859375 0.10823362656249999 0.79240134375 0.107052896875 0.80237195625 0.109807934375 0.8165407234375 0.115318009375 0.8270361046874999 0.1216152390625 0.8364819484374999 0.1267317375 0.8443534859374999 0.13066750625 0.8448782546875 0.1235831234375 0.8506507140625 0.1255510078125 0.8627204015625001 0.129880353125 0.8684928624999999 0.139326196875 0.8705919390625001 0.13617758124999998 0.8826616296875001 0.154282115625 0.8810873203125 0.1688444578125 0.8737405546874999 0.17947103281250001 0.8627204015625001 0.1849811078125 0.8496011749999999 0.1936397984375 0.8270361046874999 0.197181990625 0.81129303125 0.1912783375 0.8002728796874999 0.18734256875 0.7808564234375
3 0.3148614609375 0.644941225 0.321158690625 0.6328715375 0.32588161250000003 0.6223761546875 0.32706234218749997 0.6097816953125 0.323913728125 0.6019101609375 0.32824307343750003 0.5856423171875 0.3431989921875 0.57986985625 0.3538255671875 0.5746221671875 0.3581549125 0.5683249375 0.35854848906250003 0.55887909375 0.36090995000000003 0.54995801875 0.364452140625 0.5415617125 0.36484571718750003 0.5315911 0.36327141093750004 0.522670025 0.3565806046875 0.5216204875 0.350283375 0.5279177171875 0.338869646875 0.5336901765625 0.327849496875 0.5357892515625 0.319977959375 0.5342149453125 0.3125 0.5258186390625 0.305022040625 0.5216204875 0.2987248109375 0.522670025 0.288885390625 0.5237195625 0.2774716625 0.5284424859375 0.2684193953125 0.5363140203125 0.2613350125 0.5447103265625 0.262122165625 0.5536314015625 0.262122165625 0.5678001687500001 0.2609414359375 0.57986985625 0.26605793437499997 0.5824937015625 0.26015428281249997 0.5898404703125 0.2542506296875 0.5940386234374999 0.251102015625 0.5998110828125001 0.2448047859375 0.60558354375 0.236539671875 0.6124055421875 0.23102959687500002 0.6187027703125 0.2298488671875 0.6223761546875 0.225519521875 0.6318219984375 0.2251259453125 0.6412678421875 0.224338790625 0.6538623 0.2192222921875 0.6606842984375 0.22000944531250002 0.6685558359375 0.2235516375 0.6748530640625 0.2290617125 0.68010075625 0.23929471093750002 0.6842989078125 0.247166246875 0.6785264484375 0.258579975 0.6732787578125 0.26999370312500004 0.6706549125 0.28140743125 0.6669815296875 0.2995119640625 0.6643576828125 0.30659634687500004 0.6559613765625001 0.3148614609375 0.644941225
3 0.603353275 0.6082073890624999 0.6116183875 0.6008606203125 0.6261807312500001 0.5961377 0.6320843828125 0.5945633921875 0.6261807312500001 0.5840680109374999 0.63169080625 0.5719983203125001 0.6395623421875001 0.5641267828125 0.6395623421875001 0.5552057109375 0.639168765625 0.5436607890625 0.6407430734374999 0.5336901765625 0.6375944578125 0.52319479375 0.6301164984375001 0.5184718734375 0.6214578078125 0.51322418125 0.61279911875 0.5048278749999999 0.61004408125 0.49590680000000004 0.601385390625 0.49013434218749996 0.5895780859374999 0.49800587656250006 0.57777078125 0.4990554140625 0.5608469765625 0.5016792609375 0.554943325 0.49800587656250006 0.5470717890625 0.4985306453125 0.538019521875 0.5058774140625 0.5313287156250001 0.5153232578125 0.5305415609375 0.5247691015625 0.524637909375 0.5305415625000001 0.5210957171875 0.5394626359375 0.522670025 0.5483837109375 0.51715995 0.5531066328125 0.5147984890624999 0.55992863125 0.5136177578125001 0.5730478578125 0.5096819906250001 0.5856423171875 0.511256296875 0.5935138546875 0.5136177578125001 0.6019101609375 0.5234571781249999 0.6139798484375001 0.5321158687499999 0.60768261875 0.5399874062500001 0.60558354375 0.5415617125 0.6013853890624999 0.555730478125 0.6008606203125 0.563602015625 0.6082073890624999 0.5754093203124999 0.6040092359375 0.5903652390625 0.605058775 0.603353275 0.6082073890624999
3 0.679842715625 0.4477097125 0.6891556296875 0.44012141250000003 0.7010554640625 0.44012141250000003 0.7108857609375 0.44633002343749995 0.7222682125000001 0.4511589390625 0.732098509375 0.45598785781249995 0.74606788125 0.4608167765625 0.7512417218749999 0.4615066234375 0.75175910625 0.44839955781249996 0.750206953125 0.43115342031250004 0.750206953125 0.4104580578125 0.7481374171875 0.4014900671875 0.7352028140625 0.39252207499999997 0.726407284375 0.3890728484375 0.71554221875 0.38976269375 0.7015728484375 0.3918322296875 0.692259934375 0.38769315625 0.697433775 0.3690673296875 0.7036423843749999 0.36354856406249997 0.7114031453125 0.35802980156249997 0.7176117546875 0.35733995625000003 0.7248551328125 0.3607891828125 0.732098509375 0.36285871875 0.73830711875 0.3642384109375 0.7414114234375 0.36285871875 0.73830711875 0.34975165625 0.7352028140625 0.3387141265625 0.7305463578125 0.32836644531250003 0.726407284375 0.31525938125 0.72123344375 0.3104304640625 0.7150248343750001 0.32284768124999996 0.7145074499999999 0.3331953640625 0.7072640734375 0.34423289218750003 0.69846854375 0.34768211875 0.6876034765625 0.3490618109375 0.678807946875 0.34975165625 0.6782905625 0.34009381875 0.67932533125 0.33250551875 0.6632864234375 0.3387141265625 0.6534561265625001 0.3304359828125 0.65449089375 0.3145695359375 0.661734271875 0.30767108125 0.668460265625 0.3062913921875 0.6803600999999999 0.3049117 0.6927773171875 0.3042218546875 0.7015728484375 0.29663355468749997 0.7119205296875 0.2862858734375 0.7046771515625 0.2800772625 0.6917425500000001 0.27524834375 0.684499171875 0.27317880781250004 0.6694950328125 0.26766004374999997 0.6550082781250001 0.262831125 0.6462127484375 0.26145143593750003 0.648282284375 0.26903973593749997 0.6394867546875 0.2918046359375 0.6229304640625 0.3049117 0.6037872515625 0.32836644531250003 0.5980960265624999 0.3387141265625 0.5913700328125 0.3532008828125 0.5867135765625 0.37320640156249996 0.5830918875 0.4042494484375 0.5830918875 0.42977373124999996 0.581539734375 0.44977925 0.58205711875 0.4594370859375 0.589300496875 0.46219646875000003 0.600682946875 0.47254414999999994 0.6027524828125 0.48289183125 0.6099958609375 0.4904801328125 0.625 0.5008278140625 0.6343129140625 0.5111754953125 0.643625828125 0.5111754953125 0.6555256625 0.49116997656250005 0.660699503125 0.46978476875 0.6700124171875 0.4566777046875 0.679842715625 0.4477097125
1 0.12520695312500002 0.0682947015625 0.1340024828125 0.072433775 0.1298634109375 0.06208609375 0.127276490625 0.0565673296875 0.1360720203125 0.0462196453125 0.1371067875 0.0379415015625 0.12417218593749998 0.04277041875 0.1179635765625 0.038631345312499996 0.1122723515625 0.0206953640625 0.1236548015625 0.02759381875 0.13245033125 0.0338024296875 0.130898178125 0.0255242828125 0.12520695312500002 0.015176600000000002 0.1184809609375 0.0062086078125 0.1029594375 0.0034492265625 0.0874379140625 0.0006898453125 0.0874379140625 0.0110375265625 0.09054221875 0.0255242828125 0.096750828125 0.02966335625 0.1029594375 0.0407008828125 0.10709850937500001 0.0586368640625 0.1122723515625 0.0607064015625 0.1122723515625 0.053807948437499996 0.12520695312500002 0.0682947015625
1 0.2183360921875 0.29249448125 0.2059188734375 0.2883554078125 0.1898799671875 0.2862858734375 0.1841887421875 0.2987030890625 0.18470612656250002 0.3062913921875 0.190914734375 0.30974061875 0.199710265625 0.3090507734375 0.2141970203125 0.3090507734375 0.22506208593750002 0.3049117 0.223509934375 0.29042494531249996 0.2183360921875 0.29249448125
1 0.251448675 0.5353200874999999 0.25248344375 0.5277317874999999 0.251448675 0.5208333328125 0.23851407343750003 0.5235927140625 0.21937086093749997 0.54014900625 0.21937086093749997 0.5532560703125 0.2245447015625 0.5580849890625 0.228166390625 0.5739514359375 0.23540976875 0.5656732890625 0.23903145625 0.55739514375 0.24472268281249998 0.5456677703125 0.251448675 0.5353200874999999
1 0.347164734375 0.44908940468749997 0.34561258281249996 0.43736203125 0.34043874218750003 0.42977373124999996 0.330091059375 0.4256346578125 0.323365065625 0.4249448125 0.3202607609375 0.44012141250000003 0.32750413906250003 0.44495033125 0.3388865890625 0.4504690953125 0.34664735156250004 0.46495585000000006 0.35182119218749996 0.46909492343750003 0.35182119218749996 0.4615066234375 0.354925496875 0.4504690953125 0.347164734375 0.44908940468749997
1 0.42011589374999997 0.3683774828125 0.4190811265625 0.38355408281250003 0.40976821250000006 0.39114238281249997 0.40252483437500003 0.39597130156250004 0.4061465234375 0.4208057390625 0.41442466875 0.42149558593750003 0.42011589374999997 0.41252759375 0.42580711875 0.3987306828125 0.43460264843749996 0.39597130156250004 0.4283940390625 0.3807947015625 0.42011589374999997 0.3683774828125
1 0.3637210265625 0.46771523125 0.3642384109375 0.47530353124999997 0.37924254999999996 0.47737306874999996 0.3921771515625 0.4711644578125 0.403559603125 0.4663355421875 0.3885554640625 0.4635761578125 0.3766556296875 0.4615066234375 0.3637210265625 0.46771523125
1 0.095716059375 0.7505518765625 0.1003725171875 0.73468543125 0.1029594375 0.7264072859375 0.091059603125 0.7257174390625 0.085368378125 0.73468543125 0.0812293046875 0.7457229578125 0.07915976875 0.7560706390624999 0.0698468546875 0.7657284765625 0.0822640734375 0.7657284765625 0.08485099375 0.7719370859375 0.09054221875 0.7636589390624999 0.095716059375 0.7505518765625
1 0.3207781453125 0.9416390734375 0.3125 0.9285320078125 0.30111754999999996 0.9299117000000001 0.2902524828125 0.94025938125 0.28870033125 0.9595750546874999 0.2907698671875 0.9816501109375 0.3031870859375 0.9678532000000001 0.3088783109375 0.9609547453125 0.3207781453125 0.9506070640625 0.3207781453125 0.9416390734375
1 0.19712334375 0.6539735109375 0.19712334375 0.6470750546875 0.18574089375 0.6484547453125 0.1764279796875 0.6553532 0.1764279796875 0.6698399562499999 0.1764279796875 0.6815673296875 0.1779801328125 0.6877759375 0.18832781406250002 0.68501655625 0.1945364234375 0.6732891828125 0.19557119218750002 0.6636313453125 0.19712334375 0.6539735109375
1 0.39528145625 0.16763245 0.38648592656249997 0.1697019875 0.38596854375 0.1807395140625 0.38648592656249997 0.19384657968750002 0.3885554640625 0.1986754953125 0.39735099375 0.2000551875 0.40769867499999995 0.1979856515625 0.4056291390625 0.1869481234375 0.3999379140625 0.1759105953125 0.39528145625 0.16763245
1 0.43305049687499997 0.3269867546875 0.425289734375 0.3276766 0.4175289734375 0.33250551875 0.40925082812499997 0.3366445921875 0.4108029796875 0.35182119218749996 0.42218542968749995 0.3566501109375 0.42580711875 0.3511313453125 0.4289114234375 0.3373344375 0.43356788125 0.3338852109375 0.4402938734375 0.3290562921875 0.43305049687499997 0.3269867546875
1 0.515831953125 0.3062913921875 0.511175496875 0.31801876406249996 0.5147971859375 0.32836644531250003 0.521523178125 0.3256070640625 0.5370447015625001 0.3200883 0.5391142390625 0.3125 0.5339403968750001 0.30077262656250003 0.5272144046875 0.30077262656250003 0.515831953125 0.3062913921875
1 0.5210057953125 0.3269867546875 0.5189362578125001 0.3380242828125 0.52307533125 0.3587196453125 0.5318708609375 0.3525110375 0.5318708609375 0.3435430453125 0.536009934375 0.3366445921875 0.5365273171875 0.3269867546875 0.5308360921874999 0.3214679921875 0.5210057953125 0.3269867546875
1 0.4180463578125 0.30215231875000004 0.41287251718749995 0.3056015453125 0.41545943750000003 0.31525938125 0.42632450312500003 0.3207781453125 0.43356788125 0.31801876406249996 0.4428807953125 0.3145695359375 0.43512003281249995 0.30698123593750004 0.427359271875 0.30077262656250003 0.4180463578125 0.30215231875000004
1 0.6819122515625 0.009657837499999999 0.668460265625 0.0220750546875 0.661734271875 0.0338024296875 0.660699503125 0.0413907296875 0.674151490625 0.042080573437500005 0.677773178125 0.0338024296875 0.6839817874999999 0.026214126562500002 0.6943294703125 0.0220750546875 0.6819122515625 0.009657837499999999
1 0.7119205296875 0.0469094921875 0.7114031453125 0.0331125828125 0.70778145625 0.0255242828125 0.696916390625 0.0317328921875 0.6876034765625 0.028973510937500002 0.6808774828125 0.0358719640625 0.6829470203125 0.059326710937500006 0.6901903968750001 0.06001655625 0.7020902312499999 0.06691501093749999 0.7191639078125001 0.07036423750000001 0.7289942046875 0.07036423750000001 0.7289942046875 0.0579470203125 0.720716059375 0.050358718749999996 0.7119205296875 0.0469094921875
1 0.4646109265625 0.39252207499999997 0.46202400624999995 0.39597130156250004 0.46202400624999995 0.4090783671875 0.44598509999999997 0.4083885203125 0.44908940468749997 0.4249448125 0.44650248281250005 0.4504690953125 0.46305877500000003 0.44495033125 0.4780629140625 0.4394315671875 0.48064983437500003 0.4249448125 0.48582367499999995 0.40493929375000004 0.4765107609375 0.3987306828125 0.4646109265625 0.39252207499999997
1 0.414507771875 0.2050949921875 0.40357836718750006 0.20779361093749998 0.407221503125 0.2272236625 0.41410297968750004 0.23909758124999997 0.4230084203125 0.25420984375 0.4262467609375 0.24827288281249998 0.4242227984375 0.2337003453125 0.42381800468749997 0.21481001718749998 0.424627590625 0.2061744390625 0.414507771875 0.2050949921875
1 0.0558613984375 0.3443436953125 0.059504534374999994 0.34002590625 0.0676003890625 0.3313903296875 0.07529145000000001 0.31627806718749996 0.084601684375 0.30872193281250004 0.08662564843750001 0.2968480140625 0.08662564843750001 0.2882124359375 0.0850064765625 0.28443436875 0.0736722796875 0.28281519843749997 0.06557642500000001 0.2865932640625 0.061933290625000005 0.3017055265625 0.06031411875 0.3157383421875 0.050599093750000004 0.31627806718749996 0.0473607515625 0.3265328140625 0.05100388593750001 0.3459628671875 0.0558613984375 0.3535189984375 0.0558613984375 0.3443436953125
1 0.56286023125 0.3061959640625 0.5727665703125 0.32420749375 0.582222621875 0.3350144078125 0.58807636875 0.3512247828125 0.5970821328125 0.3422190203125 0.586275215625 0.32120557031249997 0.5804214703125 0.3121998078125 0.57141570625 0.3073967328125 0.56286023125 0.3061959640625
1 0.528188040625 0.1909221890625 0.524135446875 0.1813160421875 0.5196325640625 0.1729106625 0.51377881875 0.17170989375 0.512427953125 0.1813160421875 0.50612391875 0.191522575 0.4939661390625 0.1849183484375 0.4926152734375 0.1951248796875 0.495317003125 0.2005283375 0.5029719015625 0.2089337171875 0.511977665625 0.21193563906250001 0.520533140625 0.2095341015625 0.53088976875 0.20112872343750002 0.528188040625 0.1909221890625
1 0.6650756484375 0.1711095109375 0.6664265125 0.1633045140625 0.6592219015625 0.1585014421875 0.652017290625 0.16090297656250002 0.6470641203125 0.16990874218750002 0.6416606625 0.18311719531249998 0.6385086453125 0.1963256484375 0.643912103125 0.1939241109375 0.6511167140625 0.19032180625 0.6610230546875 0.1837175796875 0.6650756484375 0.1711095109375
1 0.26498824375 0.37225705468750003 0.25519200625 0.37029780625000003 0.247355015625 0.35919540156249996 0.247844828125 0.3657262265625 0.24539576875 0.37356321875 0.2390282125 0.3853187046875 0.2385384015625 0.3925026125 0.2458855796875 0.4153605015625 0.252742946875 0.4009926859375 0.25568181874999996 0.39184952968750003 0.258130878125 0.3781347953125 0.26498824375 0.37225705468750003
1 0.3335619125 0.1645768015625 0.320336990625 0.16914838125 0.3296434171875 0.17894461875 0.3316026640625 0.18874085625 0.3453173984375 0.1926593515625 0.3580525078125 0.1867816078125 0.352174765625 0.17633228750000002 0.34286833906249997 0.1639237203125 0.3335619125 0.1645768015625
1 0.5505215703124999 0.41578265 0.5567096890625 0.41637199375 0.5642238328125 0.4148986328125 0.5697489390625 0.41371994375 0.5732850078125 0.41313059843750005 0.576821075 0.40546911874999997 0.5748320375 0.3948609140625 0.56930693125 0.3919141921875 0.5697489390625 0.3798326265625 0.57063295625 0.37246581875 0.5622347953125 0.3786539375 0.554499646875 0.3836633671875 0.550300565625 0.3842527109375 0.5461014843750001 0.3786539375 0.5425654171875001 0.3727604890625 0.5301891796875 0.3715818 0.529747171875 0.3783592640625 0.5264321078124999 0.3818953328125 0.5226750359375 0.38778877968750003 0.526874115625 0.40281706718750004 0.527537128125 0.4125412546875 0.5357142859375 0.4090051859375 0.5412393921875001 0.40959453124999995 0.5505215703124999 0.41578265
1 0.11445585625000002 0.6319201624999999 0.12401660781249998 0.6282779734374999 0.11828015781250001 0.6169871796875 0.11090472031250001 0.6086101390625 0.102709790625 0.6056963875 0.09533435312500001 0.6013257578125 0.0893247375 0.6031468546875 0.0849541078125 0.6049679484375 0.08631992968749999 0.6209935890625 0.0852272734375 0.6239073421875 0.088778409375 0.6286421921875001 0.098612325 0.6213578078124999 0.0997049828125 0.6326486015625 0.10708042031250001 0.631191725 0.11445585625000002 0.6319201624999999