1 0.8293737812499999 0.2339181296875 0.8382066281249999 0.2607212484375 0.843079921875 0.24407082500000002 0.8513036062499999 0.25341130624999997 0.8583089671874999 0.25381741406249997 0.8613547765625 0.2387914234375 0.8674463937500001 0.2400097453125 0.8805433718750001 0.222141 0.8851120859374999 0.2042722546875 0.8765838203125 0.19574398906249998 0.86226851875 0.19696231250000001 0.8580043859375 0.2038661453125 0.8522173484375 0.20346003906250001 0.8421661796875 0.20305393125 0.8446028265625 0.215643275 0.8400341125 0.2257959703125 0.840643275 0.2322936984375 0.8293737812499999 0.2339181296875
1 0.29913260468749997 0.1695183765625 0.3175499046875 0.1821926484375 0.32408507656249996 0.1920944234375 0.323193915625 0.20437262343749998 0.3249762359375 0.23447401874999999 0.328243821875 0.24358365 0.3445817484375 0.2629911265625 0.3493346 0.28041825 0.36359315625 0.2820025359375 0.374584125 0.28477503125000003 0.373692965625 0.2689321921875 0.3796340296875 0.24794043124999998 0.3775546578125 0.2237801015625 0.3763664453125 0.19249049375 0.3665636875 0.1695183765625 0.3493346 0.15565589375 0.3332937265625 0.1576362484375 0.33121435312499997 0.17308301718750002 0.32735266093750004 0.1687262359375 0.32586739531250003 0.14694233125 0.3237880234375 0.13149556406250001 0.32052043750000003 0.1473384015625 0.31487642656250003 0.1596166046875 0.3068559890625 0.1663498109375 0.29913260468749997 0.1695183765625
1 0.3068559890625 0.3330956921875 0.3083412546875 0.3239860578125 0.3157675859375 0.3184410640625 0.3163616921875 0.3014100125 0.3092324140625 0.3029942953125 0.29883555156249997 0.314876425 0.28962690156250004 0.3263624828125 0.2860622625 0.3394328265625 0.27685361249999996 0.3406210390625 0.284576996875 0.34458175 0.2860622625 0.35250316875 0.2899239546875 0.34616603281249997 0.303588403125 0.34260139375 0.3068559890625 0.3330956921875
1 0.2560598859375 0.45429341093750003 0.2661596953125 0.4408269953125 0.2735860265625 0.42498415625 0.27418013281250003 0.41151774375 0.2566539921875 0.4150823828125 0.24655418281250002 0.4285487953125 0.2403160640625 0.4443916359375 0.235860265625 0.45191698281250003 0.23259268125000002 0.4574619765625 0.22516635 0.4653833953125 0.2218987640625 0.47251267500000005 0.24209838437500003 0.46894803593749995 0.2554657796875 0.46459125468750007 0.2560598859375 0.45429341093750003
1 0.416171578125 0.48993979843749996 0.42240969531249994 0.46815589375 0.42567728125000004 0.4443916359375 0.415874525 0.4467680609375 0.4054776609375 0.45231305468749994 0.39864543750000003 0.46419518281250005 0.39240731875 0.48281051875000003 0.390922053125 0.5002376421875 0.3843868828125 0.5105354875 0.3698312734375 0.5255861859375 0.37696055156249997 0.5279626109375 0.390625 0.5180608375 0.40428944843750003 0.5077629921875 0.416171578125 0.48993979843749996
1 0.44290636875 0.56836185 0.4384505703125 0.565985425 0.435182984375 0.5541032953125 0.427162546875 0.5529150828125 0.4218155890625 0.56044043125 0.4212214828125 0.57271863125 0.424786121875 0.5778675546875001 0.4212214828125 0.5909378953125 0.4354800375 0.5992553875 0.4467680609375 0.6103453734375 0.4559767109375 0.6143060828125 0.4574619765625 0.6020278828125 0.4574619765625 0.5881654000000001 0.4559767109375 0.5675697078125 0.451817965625 0.5770754124999999 0.44290636875 0.56836185
1 0.24417775625 0.67965779375 0.25308935312499997 0.6634188859375 0.258733365625 0.6491603296874999 0.2566539921875 0.6388624828125 0.24863355468749998 0.64163498125 0.2400190109375 0.6499524703125 0.2302162546875 0.6598542453125 0.22011644531250002 0.6753010140625 0.21120484843749998 0.6939163500000001 0.209422528125 0.7121356140625 0.2138783265625 0.7275823828125 0.21981939218750002 0.7259980984375 0.2317015203125 0.7113434734374999 0.23378089375000002 0.6974809890625 0.24417775625 0.67965779375
1 0.1550617875 0.8725443609375001 0.16605275625 0.8757129265625 0.17288498125 0.87294043125 0.1877376421875 0.87294043125 0.1975404 0.8753168562500001 0.1957580796875 0.88284220625 0.20496672968750002 0.8772972125 0.218334125 0.8761089984374999 0.218334125 0.8662072249999999 0.207046103125 0.8551172375 0.19070817499999998 0.8479879609375001 0.1782319390625 0.8479879609375001 0.1624881171875 0.8503643859375 0.1529824140625 0.853929025 0.14763545625000002 0.8602661609375 0.1416943921875 0.8673954374999999 0.1363474328125 0.8757129265625 0.1443678703125 0.8832382765625001 0.149120721875 0.8788814953124999 0.1550617875 0.8725443609375001
1 0.131891634375 0.7402566546875 0.13723859375 0.7398605828125 0.14704135000000002 0.7335234484375001 0.149417775 0.728374525 0.1342680609375 0.7248098859375001 0.1378327 0.7081749046875 0.1357533265625 0.69946134375 0.12743583593750002 0.716096325 0.122088878125 0.7287705953125 0.12090066562499999 0.71847275 0.1096126421875 0.7315430921875 0.10070104531249999 0.7442173640624999 0.10070104531249999 0.7319391625 0.0986216734375 0.7438212937500001 0.088818915625 0.7604562734375 0.0843631171875 0.7747148296875 0.088224809375 0.78303231875 0.105453896875 0.78184410625 0.1170389734375 0.7699619765625 0.12446530468749999 0.75728770625 0.131000475 0.7497623578125 0.131891634375 0.7402566546875
1 0.138129753125 0.8147179984375 0.1351592203125 0.8048162234375 0.14674429687499999 0.8075887203125 0.154170628125 0.8056083640624999 0.1431796578125 0.7996673000000001 0.13218868749999999 0.8000633703125001 0.12090066562499999 0.7972908750000001 0.11198906875 0.7865969578125 0.103374525 0.7937262359374999 0.094462928125 0.8060044359375 0.0920865015625 0.8087769328125001 0.10010693906250001 0.81867870625 0.1173360265625 0.8198669203125 0.12357414375 0.8254119140625 0.122682984375 0.8178865640625 0.1336739546875 0.8170944234374999 0.138129753125 0.8147179984375
1 0.2022932515625 0.4657794671875 0.20971958124999998 0.452709125 0.21774001875 0.4376584296875 0.2218987640625 0.42300380156250006 0.21566064687500003 0.41706273749999995 0.20288735781249997 0.4150823828125 0.192787546875 0.4218155890625 0.1877376421875 0.4309252203125 0.181202471875 0.44795627343750005 0.173776140625 0.4554816234375 0.1696173953125 0.46221482968750005 0.1642704375 0.46696768125 0.174370246875 0.4673637515625 0.1767466734375 0.4721166046875 0.1886288015625 0.4673637515625 0.2022932515625 0.4657794671875
1 0.288776178125 0.9058682375 0.29695680625 0.8987783609375001 0.306364528125 0.8916884812499999 0.31372709374999996 0.8916884812499999 0.3088187171875 0.8829624796875001 0.289185209375 0.8878708546875 0.27568717343750004 0.8971422328124999 0.2703697640625 0.9042321125000001 0.2670975125 0.9173211171875 0.26873363906250003 0.9315008734375001 0.274460078125 0.95277050625 0.27486910937500003 0.92113874375 0.2785503921875 0.9113219890625001 0.288776178125 0.9058682375
1 0.31372709374999996 0.8464223390625 0.3026832453125 0.8426047125 0.28591295781250003 0.8464223390625 0.2769142671875 0.8546029671875001 0.28754908437500004 0.8627835953125 0.30104712031249997 0.85896596875 0.3133180625 0.85896596875 0.321907721875 0.8666012203125 0.319862565625 0.85787521875 0.31372709374999996 0.8464223390625
1 0.319862565625 0.9434991265624999 0.32967931875 0.9467713796874999 0.3407231671875 0.9451352515625 0.34931282656249996 0.9413176265625 0.33745091562499996 0.9336823734375 0.3235438484375 0.9347731234375001 0.319862565625 0.9434991265624999
1 0.3763089 0.9015052359375 0.382035340625 0.9129581140624999 0.399214659375 0.9151396171874999 0.4102585078125 0.9053228624999999 0.399623690625 0.8987783609375001 0.382035340625 0.8960514828124999 0.3763089 0.9015052359375
1 0.1889725125 0.7313481671875001 0.20206151874999997 0.7378926703124999 0.1996073296875 0.7253490390625 0.1983802359375 0.7128054109375 0.193880890625 0.70298865625 0.18856348125 0.7149869109375 0.1889725125 0.7313481671875001
1 0.2544175390625 0.7575261765625 0.2617801046875 0.7591623046875 0.27405104687500004 0.7569808015625 0.28264070625 0.7466186734375 0.26873363906250003 0.7438917984375 0.256053665625 0.748800175 0.2544175390625 0.7575261765625
1 0.664676046875 0.38121727656250004 0.664676046875 0.3872164046875 0.6769469890625001 0.39048865625 0.6888089 0.38776177968750003 0.6978075921875 0.38339877968749997 0.6908540578125 0.37739965 0.6769469890625001 0.3790357765625 0.664676046875 0.38121727656250004
1 0.662630890625 0.3452225125 0.6695844234375 0.34031413593750004 0.679401178125 0.3321335078125 0.6749018328124999 0.32831588125 0.663448953125 0.3326788828125 0.65567735625 0.3419502625 0.662630890625 0.3452225125
1 0.51701570625 0.3528577671875 0.5129253921875 0.35831151875 0.5006544500000001 0.3539485171875 0.5006544500000001 0.3474040140625 0.4953370421875 0.3534031421875 0.4961551046875 0.3621291453125 0.5031086390625 0.3670375203125 0.51537958125 0.36758289843749997 0.5243782718750001 0.3659467703125 0.5182428015625 0.35940226875 0.51701570625 0.3528577671875
1 0.6990346859375001 0.36540139531250004 0.7039430624999999 0.3632198953125 0.696580496875 0.3523123921875 0.68676374375 0.3441317625 0.6818553671875 0.3446771375 0.6879908375 0.3544938921875 0.6990346859375001 0.36540139531250004
1 0.71953125 0.3270833328125 0.728125 0.3341666671875 0.7365625 0.3358333328125 0.7340625000000001 0.3289583328125 0.7240624999999999 0.31979166718749996 0.7175 0.31875 0.71953125 0.3270833328125
3 0.426025390625 0.4421657984375 0.4252115890625 0.4573567703125 0.4398600265625 0.4790581609375 0.4496256515625 0.4937065984375 0.447998046875 0.5034722234375 0.4439290359375 0.5235460062499999 0.4435221359375 0.5485026046875 0.4459635421875 0.5658637140625 0.4520670578125 0.5718315984375 0.4606119796875 0.5588107640625 0.4654947921875 0.5436197921875 0.472412109375 0.5403645828125 0.477294921875 0.5251736109375 0.4829915359375 0.5251736109375 0.484619140625 0.5170355890625 0.4878743484375 0.5170355890625 0.4947916671875 0.5338541671875 0.499267578125 0.5685763890625 0.5057779953125 0.5626085062499999 0.5126953125 0.5626085062499999 0.5122884109375 0.5338541671875 0.5155436203125 0.5305989578125 0.5204264328125 0.5349392359375 0.5240885421875 0.5647786453125 0.528564453125 0.5560980890625 0.5293782546875 0.5289713546875 0.531005859375 0.5230034734375 0.5375162765625 0.52734375 0.5399576828125 0.5571831609375 0.5436197921875 0.5593532984375 0.5476888015625 0.5419921875 0.5558268234375 0.5349392359375 0.5611165359375 0.5365668390625 0.5623372390625 0.5528428812499999 0.5659993484375 0.5338541671875 0.5716959640625 0.5289713546875 0.576171875 0.5338541671875 0.5708821609375 0.5908203125 0.576171875 0.5588107640625 0.5810546875 0.5528428812499999 0.5851236984375 0.5571831609375 0.58349609375 0.5875651046875 0.5777994796875 0.60546875 0.5680338546875 0.6293402765625 0.5635579421875 0.6504991312499999 0.5615234375 0.6808810765625 0.5615234375 0.703125 0.56396484375 0.7188585062499999 0.5721028640625 0.7210286453125 0.5790201828125 0.6808810765625 0.5879720046875 0.6521267359375 0.5989583328125 0.6195746515625 0.6103515625 0.5870225687499999 0.6184895828125 0.5598958328125 0.6209309890625 0.576171875 0.631103515625 0.5826822921875 0.640869140625 0.5772569437499999 0.648193359375 0.5707465265625 0.6551106765625 0.5767144109375 0.66162109375 0.5756293390625 0.6624348953125 0.5485026046875 0.6632486984375 0.5240885421875 0.679931640625 0.5121527765625 0.6990559890625 0.5110677078125 0.711669921875 0.517578125 0.723876953125 0.5224609375 0.7222298031250001 0.5135553125000001 0.7205240171875 0.49627001406250004 0.7249590609375 0.4858078609375 0.7270060046875 0.47034206718749993 0.7328056765625 0.47580058125 0.7328056765625 0.46670305624999997 0.7273471609375 0.45305676874999995 0.7249590609375 0.4344068421875 0.726323690625 0.41029839843750004 0.7297352625 0.3943777296875 0.7273471609375 0.3830058234375 0.72120633125 0.3789119359375 0.7195005453125 0.38982896718750004 0.7171124453125 0.4057496359375 0.71643013125 0.42076055468750007 0.71404203125 0.40984352343749997 0.710971615625 0.40438500624999996 0.7106304578125 0.39619723281249997 0.7099481437499999 0.38164119375 0.706536571875 0.37800218281250003 0.7027838421875 0.3848253265625 0.6980076421875 0.3843704515625 0.688796396875 0.3875545859375 0.677197053125 0.39028384374999997 0.663891921875 0.3866448328125 0.663891921875 0.3793668125 0.6765147375 0.37800218281250003 0.68981986875 0.37618267968749997 0.6918668125 0.3720887921875 0.6925491265625 0.3616266375 0.6881140828125 0.35480349375000003 0.6816320953125 0.3438864625 0.688796396875 0.34297671093750004 0.6956195421875 0.34798035 0.70107805625 0.34252183281250004 0.7102893015625 0.3393377 0.71881823125 0.3270560421875 0.7167712875000001 0.3179585140625 0.7229121171874999 0.31886826875 0.7317822046875 0.3093158671875 0.7413346062499999 0.3024927234375 0.75020469375 0.2906659390625 0.7505458515625001 0.27474526875 0.761121725 0.2647379921875 0.7747680124999999 0.2401746734375 0.7887554578125 0.2174308578125 0.7976255453125 0.20742358125 0.8187772921875001 0.1846797671875 0.8365174671875 0.1714883546875 0.8518695421875 0.1546579328125 0.869609715625 0.1396470171875 0.8893968343750001 0.1282751078125 0.9088427953125 0.1118995625 0.9235125546875 0.0991630265625 0.9392057859375 0.0796033484375 0.9514874453125 0.0636826796875 0.9641102625 0.061863173437499995 0.9644514187500001 0.05594978125 0.983215065625 0.0413937421875 0.9972025109375 0.0268377 0.9920851531249999 0.019104804687499997 0.9869677953125 0.0186499265625 0.9866266375 0.0122816609375 0.9784388640625 0.014556042187500002 0.9712745640625 0.025473070312500002 0.96206331875 0.033205968749999995 0.951828603125 0.044577875 0.9463700875000001 0.0473071328125 0.938864628125 0.04685225625 0.9286299124999999 0.0641375546875 0.9160070953125 0.07823871875 0.9074781656249999 0.0836972328125 0.89758460625 0.0927947609375 0.8829148468750001 0.1078056765625 0.87029203125 0.11963246093749999 0.867221615625 0.11326419218749999 0.8590338421875 0.11508369843749999 0.8545987984375 0.12691048124999998 0.83719978125 0.1323689953125 0.8314001093750001 0.1282751078125 0.8494814406250001 0.10917030624999999 0.8542576421874999 0.089610625 0.8668804578125 0.0755094609375 0.8771151749999999 0.0591339140625 0.8859852625 0.055494906249999996 0.8999727078124999 0.0441229984375 0.9136189953124999 0.0300218328125 0.9235125546875 0.0150109171875 0.93306495625 0 0.8713155015625 0.0018195046874999999 0.8634688859375 0.0095524015625 0.8586926859374999 0.0009097515625 0.8228711796875 0 0.826965065625 0.0122816609375 0.822530021875 0.0231986890625 0.8163891921875001 0.035025473437499996 0.80342521875 0.040029112500000005 0.8030840609375 0.046397379687500004 0.7938728171875 0.053220525 0.7805676859374999 0.0527656484375 0.7785207421875 0.043213245312499995 0.7676037124999999 0.044577875 0.76794486875 0.061863173437499995 0.7641921390624999 0.0705058234375 0.7563455234375 0.0814228515625 0.746793121875 0.089610625 0.7372407203125 0.10007277968749999 0.726323690625 0.10553129531250001 0.71881823125 0.10917030624999999 0.7167712875000001 0.12008733593750001 0.7113127734375 0.1219068421875 0.7123362453125 0.1082605546875 0.7024426859374999 0.106895925 0.7027838421875 0.1155385734375 0.6959606984375 0.1223617171875 0.6812909390625 0.1300946140625 0.6836790390624999 0.1223617171875 0.688455240625 0.1078056765625 0.6881140828125 0.0946142640625 0.6963018562500001 0.0882459984375 0.6959606984375 0.0786935953125 0.700054584375 0.0700509453125 0.7058542578125 0.06504730625 0.7116539296875 0.0664119359375 0.7123362453125 0.0545851515625 0.706195415625 0.051401018750000006 0.7003957421875 0.058224162499999996 0.688796396875 0.0677765640625 0.6857259828125 0.08005822500000001 0.6802674671875 0.0877911203125 0.6734443234375 0.0968886453125 0.67617358125 0.0786935953125 0.6717385375 0.07414483281249999 0.6611626640625 0.071415575 0.6557041484374999 0.0523107703125 0.6488810046875 0.051401018750000006 0.6400109171875 0.0568595328125 0.6321643015625 0.0641375546875 0.6290938859375 0.0786935953125 0.6198826421875 0.0841521109375 0.6202237984375001 0.057314410937500004 0.6198826421875 0.033205968749999995 0.626023471875 0.0236535671875 0.621929584375 0.013646287500000001 0.6137418125 0.015465793750000002 0.60930676875 0.024108442187500002 0.6072598250000001 0.043213245312499995 0.6052128828125001 0.0682314421875 0.6021424671875 0.08278748124999999 0.5942958515625001 0.0805131 0.5888373359375 0.08642649218750001 0.5844022921875001 0.0987081515625 0.5758733625 0.0855167390625 0.5639328609375001 0.0809679765625 0.5519923578125 0.0759643375 0.5461926859374999 0.06322780156249999 0.5386872265625 0.040029112500000005 0.5308779765625 0.017857143750000002 0.5253092453125 0.0124782984375 0.518798828125 0.02061631875 0.5106608078125 0.0075954859375 0.5037434890625 0 0.4732259109375 0.0005425359375 0.4801432296875 0.0021701390625 0.4935709640625 0.02332899375 0.4878743484375 0.029296875 0.501708984375 0.02821180625 0.5179850265625 0.04503038125 0.5277506515625 0.0640190984375 0.518798828125 0.06184895781250001 0.5122884109375 0.06618923593750001 0.5029296875 0.06673177031250001 0.5045572921875 0.07703993125 0.5208333328125 0.0830078125 0.5183919265625 0.09114583281250001 0.5094401046875 0.087890625 0.5037434890625 0.0922309015625 0.5008951828125 0.0873480890625 0.4984537765625 0.07649739531250001 0.48828125 0.07975260468749999 0.478515625 0.08572048593750001 0.4764811203125 0.09657118125 0.4622395828125 0.078125 0.4532877609375 0.0640190984375 0.4500325515625 0.08192274375 0.4366048171875 0.08626302031250001 0.4386393234375 0.09385850625 0.452880859375 0.09548611093750001 0.46142578125 0.1068793390625 0.472412109375 0.1106770828125 0.465087890625 0.1236979171875 0.4549153640625 0.1199001734375 0.4410807296875 0.1204427078125 0.4264322921875 0.11827256875 0.4268391921875 0.14268663125 0.43212890625 0.1470269109375 0.4337565109375 0.13400607656250002 0.4475911453125 0.13454861093749998 0.4581705734375 0.13780381875 0.455322265625 0.15353732656250002 0.4541015625 0.16872829843749998 0.4573567703125 0.18663194375 0.4524739578125 0.1953125 0.450439453125 0.21918402656249997 0.44677734375 0.22298177031250002 0.440673828125 0.22840711875 0.4361979171875 0.22298177031250002 0.4252115890625 0.20833333281250002 0.413818359375 0.19802517343749998 0.4052734375 0.2001953125 0.4052734375 0.21918402656249997 0.4150390625 0.23220486093749998 0.428466796875 0.2506510421875 0.423583984375 0.26475694375000003 0.4146321609375 0.25933159843750003 0.406494140625 0.2511935765625 0.3951009109375 0.23383246406249997 0.3857421875 0.22677951406250002 0.3780110671875 0.23003472343750003 0.379638671875 0.25010850625000003 0.3743489578125 0.2718098953125 0.3767903640625 0.28428819375000003 0.3727213546875 0.2880859375 0.3877766921875 0.29242621406249997 0.3995768234375 0.3011067703125 0.406494140625 0.3157552078125 0.4060872390625 0.32769097343750003 0.4020182296875 0.3347439234375 0.386962890625 0.32280816093750003 0.3739420578125 0.3195529515625 0.361328125 0.32172308906249997 0.357666015625 0.3141276046875 0.3507486984375 0.3076171875 0.3483072921875 0.28428819375000003 0.34423828125 0.263671875 0.3312174484375 0.2511935765625 0.3230794265625 0.24468316093750003 0.321044921875 0.2294921875 0.313720703125 0.22515191093750003 0.3104654953125 0.21050347343750003 0.3019205734375 0.1947699640625 0.29052734375 0.17795138906250002 0.2750651046875 0.1801215265625 0.27099609375 0.1860894109375 0.286865234375 0.21484375 0.302734375 0.23600260468749998 0.313720703125 0.25987413125000003 0.3279622390625 0.2734375 0.333251953125 0.29676649374999997 0.3385416671875 0.3152126734375 0.3470865890625 0.3385416671875 0.3450520828125 0.34233941093750003 0.33203125 0.3390842015625 0.3243001296875 0.3255208328125 0.3159856734375 0.3197139109375 0.3084309890625 0.32660590156249997 0.3084309890625 0.33637152656249997 0.32470703125 0.3493923609375 0.3316243484375 0.36024305624999997 0.343017578125 0.36566840156249997 0.35400390625 0.380859375 0.3780110671875 0.4036458328125 0.3922526046875 0.4204644109375 0.4052734375 0.4340277765625 0.4150390625 0.4448784734375 0.426025390625 0.4421657984375
3 0.3555285125 0.6307950859375 0.350747565625 0.6197844234375001 0.34248956875 0.6139893375 0.34248956875 0.5960245703125 0.34248956875 0.5818266109375 0.3429242 0.5693671765625 0.3459666203125 0.5566179875 0.3446627265625 0.5519819187499999 0.3394471484375 0.5627028265625 0.333579625 0.5589360234375 0.327929415625 0.5632823375 0.3231484703125 0.5745827546875 0.3220618921875 0.58820120625 0.325973575 0.60008113125 0.33227572968749997 0.6171766328125 0.33227572968749997 0.6354311546875 0.3268428375 0.6429647671875001 0.32140994375 0.6420955015625001 0.3172809453125 0.64991886875 0.32010605000000003 0.66179879375 0.3285813625 0.6745479828125001 0.3377086234375 0.6855586453125 0.34335883125 0.7075799734375 0.343141515625 0.7307603140625 0.34162030625 0.7510431140625 0.33749130781250003 0.7522021328124999 0.33575278124999997 0.7440890125 0.3316237828125 0.7417709796875 0.3240177328125 0.7446685203125 0.3174982609375 0.7594459890625 0.31662899843750003 0.7872624015625 0.3161943671875 0.8034886421874999 0.310761475 0.8043579046874999 0.311413421875 0.7849443671875 0.30967489531250003 0.76640009375 0.310761475 0.7501738515625 0.3092402640625 0.7362656453125 0.3011995828125 0.7351066296875 0.3025034765625 0.7223574421875 0.29946105625 0.7148238296875 0.291637690625 0.7148238296875 0.2888125875 0.7261242453125 0.291420375 0.7524918875 0.2905511125 0.7791492812499999 0.29098574374999997 0.80870421875 0.2951147421875 0.8356513671875 0.29793984687499997 0.8417362078125 0.3018515296875 0.8420259625 0.31380389375 0.8452132578124999 0.31967141875 0.8573829390625001 0.3218445765625 0.86694483125 0.31315194687500003 0.85941121875 0.30141689843749997 0.8617292546875 0.30532858125 0.8808530375 0.3090229484375 0.8808530375 0.313586578125 0.8921534546875 0.3072844234375 0.8924432078125 0.3161943671875 0.9063514140625 0.3233657859375 0.9135952703125 0.3301025734375 0.9298215109375001 0.3377689171875 0.9331726015624999 0.3486646890625 0.9418273984375001 0.341478115625 0.9464638984375 0.33174146875 0.9480093953125 0.3354506671875 0.95480959375 0.3361461421875 0.9647007921874999 0.34231448750000004 0.9768845703125001 0.3489399296875 0.9960247359375 0.4265625 0.9979166671874999 0.43396643125 0.9879269734375 0.430101590625 0.9709952890625001 0.43838339218750005 0.9717314484375 0.42954947031249996 0.9562720859375 0.4262367484375 0.9422850421875 0.43838339218750005 0.9378680796875001 0.44942579531250004 0.9268256765625 0.449977915625 0.9172555953125 0.4483215546875 0.90179623125 0.43783127187500004 0.9010600703125 0.43727915156249997 0.8892815078125 0.445008834375 0.8833922265625 0.45329063593749996 0.8745583046875 0.46875 0.8819199062499999 0.48089664374999996 0.8716136625 0.48973056562500006 0.8848645453125 0.49966872812499996 0.89001766875 0.514575971875 0.89369846875 0.5311395765625 0.8833922265625 0.5319888734375 0.8770862312500001 0.5306849796875001 0.8663653234375 0.5335100828125 0.8582522015625 0.5389429765625 0.8527468703125001 0.5400295546875 0.8397079265625 0.549591446875 0.832753825 0.5528511828125 0.8165275859375001 0.55111265625 0.8026193796875001 0.55784944375 0.8017501171875001 0.565238178125 0.795665275 0.565238178125 0.7878419109375 0.5611091796875 0.7785697734375 0.566976703125 0.7797287890625 0.5691498609375001 0.7655308296875 0.565238178125 0.7548099203125 0.5645862312500001 0.744958275 0.5704537546874999 0.7382939265624999 0.5754520171874999 0.7417709796875 0.5824061203124999 0.7458275375000001 0.5913160640624999 0.7365554000000001 0.5858831703125 0.7252549828125 0.5763212796875 0.7217779328125 0.5676286515625 0.726414 0.56371696875 0.7235164578125 0.5604572328125 0.7046824296875001 0.5611091796875 0.6809225765625 0.5632823359375 0.6504983765625 0.5676286515625 0.6293463140625 0.5769732265624999 0.6067454796875 0.5828407515625 0.5876216953125 0.5847965921875 0.5583565140625 0.581319540625 0.5537204453125 0.5765385953125 0.55951553125 0.5702364390625 0.5905192390625 0.5761039640625001 0.5348864171875001 0.57175765 0.53082985625 0.56719401875 0.5343069078125 0.5619784421875 0.5540102 0.559370653125 0.5366249421875 0.5550243390625 0.5366249421875 0.5487221828125 0.5432892921875 0.54350660625 0.5598052859375 0.5395949234375 0.5560384796875 0.5363351875 0.5279323125000001 0.5324235046875 0.5247450171875 0.5295984 0.5282220671875 0.528077190625 0.5554589703125 0.5235135609375 0.5638618453124999 0.520253825 0.5348864171875001 0.5152555640625 0.5319888734375 0.512647775 0.5337274 0.512430459375 0.56299258125 0.50547635625 0.5635720921875 0.49895688437499996 0.57052619375 0.4935239921875 0.5331478890625 0.48700452031249997 0.5175011578125 0.484614046875 0.5186601765625001 0.4830928375 0.525324525 0.47679068124999996 0.5250347703125 0.4720097359375 0.54097125625 0.46592489531250003 0.5441585546875001 0.461361265625 0.5598052859375 0.4572322671875 0.5670491421875 0.45766689843749997 0.5850139078125001 0.45897079218750003 0.6015299015625 0.4561456890625 0.6163073703124999 0.44614916562499995 0.6116713015624999 0.4352833796875 0.6006606390625 0.42028859531249996 0.59254751875 0.41985396406250003 0.5740032453125 0.4196366484375 0.5571974953125001 0.415290334375 0.5560384796875 0.408988178125 0.5719749640625 0.4113786515625 0.5516921640625 0.4126825453125 0.5374942046875 0.4126825453125 0.525324525 0.41246522968750005 0.5093880390625001 0.41181328281249996 0.49866713125000006 0.41615959687500004 0.49142327343750003 0.42102746875 0.47403801718749994 0.41615959687500004 0.49026425625 0.40420723281250004 0.5082290203125 0.3898643953125 0.51981919375 0.3898643953125 0.5427097812499999 0.392906815625 0.56299258125 0.39051634218750003 0.5884909609375 0.3892124484375 0.6052967078125 0.3842141859375 0.6079044984374999 0.370957928125 0.6148586 0.3607440890625 0.6209434390624999 0.3555285125 0.6307950859375
3 0.802371003125 0.32097868125 0.7923782703125 0.3212814921875 0.7846566140625 0.32097868125 0.779660246875 0.3333938953125 0.7755723109375 0.3364219953125 0.7662609015624999 0.3324854640625 0.7599018890625 0.334302325 0.7599018890625 0.3294573640625 0.7669422234375001 0.31795058125 0.7712572671875 0.3012960265625 0.7717114828125 0.2919089140625 0.7642169328125 0.293725775 0.7608103203125001 0.3003875984375 0.75853924375 0.290697675 0.75399709375 0.2970566859375 0.7494549421875 0.2931201546875 0.741733284375 0.3034156984375 0.7315134453125001 0.3106831390625 0.724246003125 0.31885901250000004 0.735147165625 0.3300629859375 0.7369640265624999 0.33672480625 0.727652615625 0.335816375 0.7181140984375001 0.32733769375 0.7110737640625 0.3379360453125 0.7083484734375001 0.3479287796875 0.7067587203125 0.3567102703125 0.712890625 0.3588299421875 0.7158430234375001 0.3527737390625 0.718795421875 0.3606468015625 0.7233375734374999 0.3654917640625 0.7326489828125 0.3621608515625 0.74536700625 0.3627664734375 0.7574037062500001 0.3621608515625 0.765579578125 0.3621608515625 0.7708030515625001 0.3654917640625 0.7669422234375001 0.3700339140625 0.7608103203125001 0.3745760671875 0.755813953125 0.38517441875 0.750363371875 0.3894137609375 0.7435501453125 0.38850532968749996 0.737418240625 0.3981952515625 0.732876090625 0.3933502921875 0.729696584375 0.4018289734375 0.7287881546875 0.4154554265625 0.73469295 0.42332848749999996 0.73560138125 0.4330184109375 0.7378724562500001 0.4487645359375 0.7403706390625 0.4587572671875 0.7415061765625001 0.4654190890625 0.73446584375 0.46632751875 0.732876090625 0.4766230625 0.7267441859375 0.47056686093750005 0.7251544328125 0.4841933140625 0.7208393890625 0.49448885625 0.7212936046875 0.50387596875 0.724927325 0.5220445734375 0.728561046875 0.5317344953124999 0.7342387359375 0.5359738375 0.7326489828125 0.5511143421875 0.7290152609375 0.5571705421875001 0.7365098109375 0.5583817828125001 0.7412790703125001 0.57261385625 0.7412790703125001 0.5916908921874999 0.7465025437499999 0.5980499015625 0.75399709375 0.5877543609375 0.7626271796874999 0.58835998125 0.7728470203125 0.5807897296875 0.7767078484375001 0.5738250984375 0.7692133 0.5635295546875 0.775345203125 0.5638323640625 0.7864734734375001 0.5589874015625 0.7855650437499999 0.55081153125 0.7891987640625 0.55081153125 0.7935138078125 0.5565649234375 0.8037336484375001 0.5598958328125 0.8110795453125 0.5448232328125 0.817587209375 0.5556564921875 0.82803415625 0.5583817828125001 0.844840115625 0.5574733515625 0.8507449125000001 0.5502059109374999 0.8484738374999999 0.5356710265625 0.8416606109375 0.5326429265625 0.8405250734375 0.5153827515625 0.8452943312500001 0.5044815890625001 0.850063590625 0.49509447656249994 0.857785246875 0.4947916671875 0.8611918609375 0.5050872078124999 0.8659611187499999 0.5135658921874999 0.8757836984375 0.5165882953125001 0.8860697484375001 0.513649425 0.893661834375 0.5058124359375 0.9012539187499999 0.5064655171875 0.9159482765625 0.5080982234375 0.9176626171875 0.5224660390625 0.9201116765625 0.53520115 0.929173196875 0.5384665625 0.9387245296875 0.5332419015625 0.9370101875 0.5126698015625 0.939704153125 0.5015673984375 0.9472962375 0.5028735625 0.9521943578125001 0.5159352140625 0.9580721000000001 0.51299634375 0.9649294671875 0.4986285265625 0.976195140625 0.49666927968749996 0.9832974140624999 0.49797544374999997 0.991869121875 0.5038531875000001 0.9984375 0.5 0.9984375 0.3583333328125 0.9962774296875001 0.35299111875 0.9867260968749999 0.34286833906249997 0.9749706109374999 0.3441745046875 0.9651743734375 0.33339864218750004 0.9548883234375 0.3294801453125 0.9495003921875 0.3409090921875 0.9406837781249999 0.33143939375000003 0.9377449062500001 0.3154388703125 0.9289282921875 0.31511232968749997 0.91619318125 0.3118469171875 0.9103154390625001 0.3154388703125 0.909335815625 0.3213166140625 0.9005192 0.30988767031250003 0.893661834375 0.3118469171875 0.8877840906250001 0.30988767031250003 0.8843554078125001 0.30107105624999997 0.8748040749999999 0.2978056421875 0.8652527421875 0.2942136890625 0.859375 0.2974791015625 0.851538009375 0.305969175 0.8412063953125 0.3073522296875 0.8334847390625001 0.30916908906249996 0.825081759375 0.31340843125 0.8257630812500001 0.31946463125 0.8144077031249999 0.3246124015625 0.808957121875 0.32733769375 0.802371003125 0.32097868125
1 0.1615397140625 0.791015625 0.16845703125 0.7953559015625 0.1761881515625 0.7942708328125 0.1786295578125 0.7823350687499999 0.1863606765625 0.78125 0.1973470046875 0.7568359375 0.1888020828125 0.7622612859375 0.1774088546875 0.7606336812500001 0.17822265625 0.7535807296875 0.1708984375 0.7579210062499999 0.1607259109375 0.7470703125 0.1493326828125 0.7454427078125 0.1346842453125 0.7573784734375 0.1212565109375 0.7736545140625 0.1180013015625 0.7801649312500001 0.11962890625 0.7904730890625 0.1285807296875 0.7958984375 0.1411946609375 0.7969835062499999 0.1497395828125 0.8002387140625 0.155029296875 0.7948133687500001 0.1615397140625 0.791015625
3 0.9770114937500001 0.49808429218750006 0.9650383140625 0.5004789265625 0.9596503828125 0.51484674375 0.9512691578125001 0.5212324390624999 0.947677203125 0.5044699875 0.9398946359375 0.5044699875 0.9363026812499999 0.51484674375 0.9404932953125 0.53560025625 0.928520115625 0.5387931046875 0.917744253125 0.5371966796875001 0.9159482765625 0.5220306515625001 0.9153496171875 0.5092592578125 0.902777778125 0.5076628359375001 0.8937978921875 0.5060664109374999 0.8842193484375 0.51484674375 0.8734434859375 0.5196360140625 0.8650622609375 0.51404853125 0.8596743296874999 0.5044699875 0.85727969375 0.49409323125000004 0.8494971265625001 0.4956896546875 0.8405172406249999 0.5164431671874999 0.8411158999999999 0.53480204375 0.8488984671875001 0.5371966796875001 0.8518917625 0.5507662828125001 0.8453065140625 0.5611430390625001 0.826748084375 0.5587484046875 0.815972221875 0.5571519796875 0.8099856328125 0.5491698609375 0.8022030656249999 0.5683269484375 0.7920258625 0.57391443125 0.780651340625 0.5747126437500001 0.7620929125 0.5898786703125001 0.7549090031250001 0.5906768828125 0.7477250953125 0.5986590046875 0.7375478921874999 0.6018518515625 0.72677203125 0.6010536390625 0.7142001921875 0.6170178796875 0.7136015328124999 0.6385696046875 0.70102969375 0.6417624515625 0.70522030625 0.6529374203125 0.700431034375 0.6712962953125 0.6884578546875 0.6792784171874999 0.6770833328125 0.67608556875 0.6722940609375 0.6848658999999999 0.666307471875 0.6832694765625 0.66451149375 0.6593231171875 0.659722221875 0.6617177515625 0.6567289265625 0.6904533859375 0.6525383140625001 0.6904533859375 0.655531609375 0.7303639859375 0.6429597703125001 0.73515325625 0.6471503828125 0.7511174953124999 0.648946359375 0.7654853125 0.635177203125 0.77586206875 0.6208093875 0.7886334609375 0.6130268203125 0.8014048546874999 0.609434865625 0.8125798203124999 0.6124281609375 0.83732439375 0.601053640625 0.8445083015625 0.5860871640624999 0.8500957859374999 0.605244253125 0.8780332062499999 0.6220067046875 0.9051724140624999 0.6315852484375 0.9203384421875 0.639367815625 0.9498722859375001 0.659722221875 0.9650383140625 0.6776819921875 0.9722222234375 0.693028846875 0.9722222234375 0.7034455125 0.974358975 0.7074519234375 0.99465811875 0.9296875 0.9979166671874999 0.9984375 0.9979166671874999 0.9983173078125 0.5106837609375 0.9913793109375 0.5052682 0.9812021078125 0.5004789265625 0.9770114937500001 0.49808429218750006