1 0.7395607375 0.9006688359374999 0.7388828640625 0.89072668125 0.729392625 0.8803326109375 0.7124147171875 0.8731319046875001 0.7093689078125001 0.8751624437500001 0.70601851875 0.8723196874999999 0.7051047765625 0.8832846 0.7099780703125 0.8877517875000001 0.7178971734374999 0.8962800515625 0.7283758140625001 0.9015726687500001 0.7395607375 0.9006688359374999
1 0.5822649578125 0.8506944437499999 0.5912793796875 0.8409009984375 0.5896100421875 0.8328881765625 0.575921475 0.83066239375 0.564569978125 0.8337784890625001 0.551215278125 0.8404558390625001 0.54019765 0.84312678125 0.5498798078125 0.849358975 0.552884615625 0.8591524203124999 0.5495459406250001 0.8725071234374999 0.5555555562500001 0.8653846140624999 0.55889423125 0.8542556984375 0.5709134609375 0.8547008546875 0.5822649578125 0.8506944437499999
1 0.5053367078125001 0.5406396703125 0.49625880312500004 0.5424735921875 0.48855633750000005 0.5322036375 0.48855633750000005 0.5560446 0.49350792187500003 0.5542106812500001 0.49763424218749996 0.56338028125 0.5039612671875 0.57328345 0.516340228125 0.5795187796875 0.5190911093749999 0.5677816890625 0.5144146125 0.5505428390625 0.5053367078125001 0.5406396703125
1 0.8824823937499999 0.9151261734375 0.887433978125 0.9239289890625001 0.900363115625 0.9319982390625 0.9097161093749999 0.9319982390625 0.9138424296875 0.9268632625000001 0.9066901406250001 0.9187940140625 0.8945862671875 0.9140258203125 0.8824823937499999 0.9151261734375
1 0.9597821296875001 0.9591402578125001 0.96033230625 0.9521713625 0.9479533453125001 0.9529049296875 0.95373019375 0.9628080984375 0.9597821296875001 0.9771126765625 0.9694102109375 0.9892165500000001 0.9754621484375001 0.9910504687499999 0.9738116203124999 0.9760123234375 0.9677596828125001 0.9642752359375001 0.9597821296875001 0.9591402578125001
1 0.9468529921875 0.967943075 0.9416263203125 0.9661091546874999 0.9377750875 0.9606073937499999 0.9352992953125 0.9650088015625 0.9363996484375001 0.9741784046875 0.9397007046875 0.98444835625 0.9468529921875 0.9899501171875 0.955105634375 0.9917840375000001 0.9573063375 0.9833480046874999 0.95373019375 0.9723444828125001 0.9468529921875 0.967943075
1 0.9302325578125 0.7450473734374999 0.9346737718749999 0.75204565 0.9370962531249999 0.7676571921875001 0.9500161500000001 0.78111541875 0.952034884375 0.7698105078124999 0.9463824296875 0.755275625 0.9391149875 0.7482773484374999 0.9391149875 0.738587425 0.9302325578125 0.7450473734374999
1 0.952034884375 0.8306416875 0.9431524546875 0.8252583984375 0.9463824296875 0.8344099921874999 0.9439599484375 0.8419465984375 0.9516311375000001 0.8403316109375 0.9645510328125001 0.8462532296875 0.9750484500000001 0.8510981921875 0.973837209375 0.8403316109375 0.9657622734375 0.8311800171874999 0.952034884375 0.8306416875
1 0.8955103359375001 0.6998277359375 0.8979328171875001 0.71113264375 0.902777778125 0.6992894062499999 0.898740309375 0.68260120625 0.8926841078125 0.6739879421875 0.890261628125 0.6879844953124999 0.8955103359375001 0.6998277359375
1 0.7760012921875 0.5141042203125 0.7723675703125 0.50872093125 0.7703488375 0.5162575375 0.7646963828125 0.52217915625 0.7723675703125 0.5232558140625 0.7844799734375 0.53133075 0.79618863125 0.53402239375 0.79134366875 0.52056416875 0.78205749375 0.51464255 0.7760012921875 0.5141042203125
1 0.7097868218750001 0.8570198109374999 0.7178617578125001 0.8607881140625 0.7235142125 0.85809646875 0.720687984375 0.8462532296875 0.7093830750000001 0.8365633078125001 0.7073643406250001 0.8489448749999999 0.7097868218750001 0.8570198109374999
1 0.9209463828125 0.8694013765624999 0.9140826875 0.8688630500000001 0.9096414734374999 0.8650947453125 0.9096414734374999 0.8715546937499999 0.9076227390625 0.8790913 0.9140826875 0.8763996562499999 0.9213501296875 0.8828596046875001 0.9314437984374999 0.8855512484375 0.9375 0.8855512484375 0.9318475453125 0.8731696812499999 0.9209463828125 0.8694013765624999
1 0.8688630484375001 0.9523040484375 0.863614340625 0.9533807062499999 0.8603843671875 0.9496124015625 0.8599806203125 0.9555340234375 0.8579618859375 0.9609173125 0.8640180875000001 0.9603789828125 0.8680555562500001 0.9673772609375 0.8737080109375001 0.9716838937500001 0.8809754515625 0.9711455640625 0.8773417312499999 0.9582256671874999 0.8688630484375001 0.9523040484375
1 0.7437818875 0.702062075 0.7517538265625 0.704187925 0.76171875 0.7132227890625 0.759725765625 0.6994047625 0.759725765625 0.6903698984375 0.7533482140625 0.6855867359375 0.745376275 0.6839923484375 0.7370057390625 0.6935586734375 0.7262436218749999 0.6802721078125 0.727040815625 0.6909013609375 0.724649234375 0.6967474499999999 0.7306281890624999 0.703125 0.723852040625 0.7153486390625 0.7091039546875 0.7116284015625001 0.7083067609375 0.7164115640625 0.71867028125 0.7227891171875 0.719467475 0.73713860625 0.725845025 0.7291666671875 0.7405931125 0.7185374140625 0.7437818875 0.702062075
1 0.8685427296875 0.74298469375 0.88289221875 0.74670493125 0.8892697703125 0.74085884375 0.8797034437500001 0.7312925171875 0.8685427296875 0.7259778921875 0.859375 0.7254464296875 0.858179209375 0.7318239796875 0.8685427296875 0.74298469375
1 0.5911192609375 0.6366921765625 0.5947066328124999 0.626062925 0.5887276781249999 0.6095875859375 0.583944515625 0.6058673484375 0.5795599484375 0.6154336734375 0.583944515625 0.6308460874999999 0.5911192609375 0.6366921765625
1 0.7720822703125 0.6159651359375 0.7692920921875 0.628188775 0.7732780609375001 0.6265943875 0.780851403125 0.6350977890625 0.7916135203125 0.6372236390625 0.7912149234375 0.6244685375000001 0.7840401781249999 0.6186224499999999 0.7744738515625 0.6207483 0.7720822703125 0.6159651359375
1 0.100324453125 0.39674407968750003 0.0909323765625 0.38194444375000003 0.0717213109375 0.3705601078125 0.053790984374999996 0.3614526421875 0.03586065625 0.3603142078125 0.020064890625 0.35177595625 0.004269125 0.34722222343750003 0.005976776562499999 0.3603142078125 0.016649590625 0.3637295078125 0.028603142187500003 0.37112932656250003 0.0490949453125 0.3847905296875 0.05976775937499999 0.3893442625 0.077271175 0.3961748625 0.0858094265625 0.3978825140625 0.100324453125 0.39674407968750003
1 0.0853018375 0.6228127734375 0.0898129921875 0.61625109375 0.0889927828125 0.6031277328125 0.0807906828125 0.5938320203125 0.06766732343750001 0.5938320203125 0.059875328125 0.59984689375 0.05208333281250001 0.6157042875000001 0.033628609375 0.6189851265625 0.041420603125 0.6233595796875 0.047572178124999996 0.6288276453125 0.0430610234375 0.6523403328125 0.035679134375 0.6572615921875 0.035679134375 0.6917104109375 0.044291339062500004 0.6824146984375 0.0492125984375 0.66655730625 0.0615157484375 0.6545275578124999 0.072178478125 0.6375765515625 0.0853018375 0.6228127734375
3 0.2319733265625 0.23922543749999997 0.24525316406250003 0.23583483906249997 0.2607934 0.2426160328125 0.2788765828125 0.24487643124999997 0.28198462968750004 0.26032248281250003 0.2910262203125 0.2712477390625 0.3040235078125 0.2738848703125 0.315890596875 0.2851868609375 0.3269100359375 0.2964888484375 0.338777125 0.29874924531249997 0.3497965640625 0.3032700421875 0.36274885156250003 0.2992598265625 0.36648336875 0.28880543593749997 0.3663380546875 0.27309851875 0.372798621875 0.2692700359375 0.3798953859375 0.2633226046875 0.38189127031250003 0.2510847375 0.3912956015625 0.2601931328125 0.40034871250000004 0.2592989984375 0.40571351875 0.2557224609375 0.4094018234375 0.2449928484375 0.40976821250000006 0.2331677703125 0.42011589374999997 0.2269591609375 0.4185637421875 0.1910871953125 0.40873344375 0.1862582796875 0.413907284375 0.1759105953125 0.413907284375 0.15521523125 0.437706953125 0.1427980125 0.44695547187500007 0.1233905578125 0.44391556249999997 0.1069260484375 0.4304635765625 0.09036975625 0.439776490625 0.07036423750000001 0.43512003281249995 0.0531181015625 0.42011589374999997 0.0365618109375 0.4056291390625 0.0234547453125 0.3994205296875 0.0241445921875 0.3994205296875 0.0110375265625 0.3890728484375 0.0089679921875 0.3766556296875 0.0013796921875 0 0.0013796921875 0.00103476875 0.3042218546875 0.0077607609375 0.2945640171875 0.0325951984375 0.28283664375 0.0574296359375 0.2883554078125 0.07139900625 0.2980132453125 0.09364652343749999 0.26145143593750003 0.10244205312500002 0.24213576250000002 0.091059603125 0.22144039843750002 0.0864031453125 0.19729580625 0.10761589375 0.1993653421875 0.1288286421875 0.202124725 0.13193294687499998 0.1731512140625 0.14486755 0.1759105953125 0.1546978484375 0.16073399531250002 0.16218354375 0.15860458125000002 0.17631103125 0.165385775 0.1946767625 0.1740506328125 0.2124773953125 0.18083182656250002 0.2232142859375 0.18874321875 0.22603978281249998 0.21473779375 0.2319733265625 0.23922543749999997
3 0.2776287546875 0.24722818281249997 0.2601931328125 0.24409871249999998 0.24543991406250001 0.2378397703125 0.23102199531249998 0.2400751078125 0.2256571890625 0.21682761093749997 0.221633584375 0.1900035765625 0.21224517187499997 0.18374463593749998 0.19480955 0.17569742500000002 0.1629560078125 0.16005007031250001 0.154238196875 0.1631795421875 0.1455203859375 0.17748569375 0.13143776875 0.17435622343749999 0.12875536406250002 0.2029685265625 0.0875134125 0.1980507875 0.0912017171875 0.22040414843749997 0.10293723125000001 0.24231044375000002 0.0969018234375 0.2606402 0.0969018234375 0.2758404859375 0.0841604078125 0.293723175 0.0767837984375 0.30713519375 0.05666577187500001 0.2896995703125 0.032188840625 0.28478183125 0.0087178109375 0.2959585125 0.0003353 0.30758226093749996 0 0.99695994375 0.63941791875 0.9960658078125 0.6380767171875 0.9786301859375 0.62969420625 0.9683476390625 0.6162821890625 0.9656652359375 0.6065584765625001 0.9683476390625 0.60119366875 0.9741595140625 0.5918052578124999 0.9598533625 0.60119366875 0.9473354796875 0.5971700640625001 0.9379470671875 0.583422746875 0.9307939921875 0.5820815453125 0.9227467812500001 0.5773873390625 0.917381975 0.565987125 0.9142525046875001 0.5633047203125 0.90262875625 0.5549222109375 0.89100500625 0.55156920625 0.9021816875 0.5485515015625 0.8963698140625 0.5455337984375 0.8869814015624999 0.5384924890625 0.87804005625 0.5351394843749999 0.8659692421875 0.53245708125 0.8498748203125001 0.52306866875 0.8498748203125001 0.5197156656249999 0.8422746765625 0.5116684546875 0.8266273249999999 0.504962446875 0.8226037187499999 0.500268240625 0.8150035765625001 0.500603540625 0.8033798296875 0.49490343281250004 0.7939914171875 0.495909334375 0.7872854078125 0.5039565453125 0.7863912734375 0.5163626609375 0.7832618015625 0.5180391625 0.77297925625 0.510662553125 0.7635908437500001 0.4982564375 0.7626967109375 0.49657993593749994 0.74704935625 0.491215128125 0.7318490703125 0.4848444203125 0.7202253234375 0.475791309375 0.7166487828125 0.471432403125 0.7090486421875 0.4721030046875 0.696977825 0.48316791875 0.6996602296875001 0.48216201718749996 0.6853540765624999 0.48652092343750003 0.6773068671875 0.4788090125 0.67149499375 0.46875 0.6634477828125 0.46640289687500003 0.6549535046875 0.4596968890625 0.6522711015625 0.447290771875 0.6478004296875 0.4593615875 0.6357296140625001 0.46506169531249997 0.6281294703125 0.47914431406249997 0.6214234624999999 0.47914431406249997 0.6089055796875 0.47344420625000005 0.606223175 0.48283261875 0.5847639484375 0.48316791875 0.5735872671875 0.4744501078125 0.5655400562499999 0.46137339062500005 0.5525751078125001 0.44796137343750003 0.5436337625000001 0.451649678125 0.5369277546875 0.44930257500000004 0.5212804 0.4395788625 0.5092095859375 0.42951985 0.5105507874999999 0.42650214531249997 0.5042918453125 0.4070547203125 0.5016094421874999 0.4060488203125 0.4931151640625 0.4181196359375 0.4756795421875 0.42281384062500005 0.4577968515625 0.42449034374999994 0.4358905578125 0.41946083749999996 0.4332081546875 0.41946083749999996 0.42560801093749995 0.426837446875 0.4068311875 0.417113734375 0.4041487828125 0.41543723125 0.3929721015625 0.41577253281250004 0.37195994374999997 0.407725321875 0.3835836921875 0.4087312234375 0.36659513593750004 0.3993428109375 0.36659513593750004 0.392972103125 0.37553648125 0.38526019375 0.37464234531249996 0.37922478593750003 0.3688304734375 0.37117757500000004 0.3558655234375 0.3671539703125 0.3384299 0.3609913796875 0.3264687109375 0.35201149374999996 0.3232758625 0.34363026875 0.31130268125 0.338988734375 0.3026645203125 0.3279238203125 0.29864091406250004 0.3158530046875 0.2879113015625 0.3044527890625 0.27539341875 0.2917113734375 0.2731580828125 0.28131705937499996 0.2610872671875 0.2776287546875 0.24722818281249997