3 0.7947916671875 0.5555555562500001 0.7971955125 0.5363247859375 0.784375 0.5235042734375 0.79078525625 0.5117521375 0.8084134609375001 0.49893162343749997 0.8044070515625 0.4732905984375 0.7771634609375 0.4797008546875 0.7571314109375 0.4871794875 0.750721153125 0.49358974375000003 0.7322916671875 0.4903846140625 0.7122596156250001 0.49358974375000003 0.699439103125 0.49572649531249996 0.6922275640625 0.5128205125 0.6914262828125 0.5395299140625001 0.7042467953125 0.5587606828125 0.725080128125 0.5726495734375 0.7459134609375 0.5758547 0.778766025 0.5705128203125 0.7947916671875 0.5555555562500001
3 0.8612980765625 0.4508547 0.886939103125 0.4380341875 0.886939103125 0.41987179531249996 0.8885416671874999 0.4038461546875 0.906971153125 0.3910256421875 0.9013621796875 0.37393162343749997 0.893349359375 0.3589743578125 0.874919871875 0.3547008546875 0.855689103125 0.3525641015625 0.838060896875 0.3643162390625 0.8284455124999999 0.37606837656250003 0.8140224359375001 0.36858974375 0.8012019234375 0.37393162343749997 0.793990384375 0.39316239375 0.7915865390625 0.4123931625 0.8012019234375 0.4487179484375 0.8164262828125001 0.44551282031249995 0.8356570515625 0.45512820468750004 0.8612980765625 0.4508547
3 0.971875 0.3963675203125 0.9919070515625 0.3952991453125 0.9984375 0.3916666671875 0.9984375 0.3166666671875 0.9984375 0.30625 0.9822916671874999 0.2970085484375 0.9670673078125 0.29059828906249996 0.946233975 0.2948717953125 0.935016025 0.2991453 0.9157852562500001 0.3076923078125 0.9021634609375001 0.31837606875 0.8957532046875001 0.34188034218749996 0.8965544875000001 0.36004273593749997 0.9053685890625 0.3824786328125 0.9237980765625 0.37820512968750003 0.9366185890625 0.37820512968750003 0.9510416671874999 0.3888888890625 0.971875 0.3963675203125
3 0.969471153125 0.2371794875 0.9758814109375 0.2211538453125 0.969471153125 0.20833333281250002 0.9550480765625 0.18910256406249998 0.9414262828125001 0.16987179531250002 0.9294070515625 0.1709401703125 0.9157852562500001 0.1730769234375 0.899759615625 0.1794871796875 0.8853365390624999 0.1730769234375 0.8677083328125 0.1826923078125 0.8572916671874999 0.1923076921875 0.8540865390624999 0.2126068375 0.868509615625 0.21901709375 0.881330128125 0.224358975 0.8885416671874999 0.2200854703125 0.8981570515625 0.2094017109375 0.8941506406249999 0.22863247968749997 0.893349359375 0.2414529921875 0.9045673078125 0.2585470078125 0.9294070515625 0.2617521375 0.9398237171874999 0.2585470078125 0.9542467953125 0.2478632484375 0.969471153125 0.2371794875
3 0.9422275640625 0.1399572640625 0.9614583328125 0.13675213749999998 0.9710737171874999 0.1292735046875 0.9766826921874999 0.1100427359375 0.975080128125 0.0886752140625 0.9670673078125 0.0737179484375 0.9534455124999999 0.0673076921875 0.931810896875 0.08012820468750001 0.9085737171874999 0.0876068375 0.8989583328125 0.09401709375 0.8893429484375 0.09401709375 0.878125 0.10470085468749998 0.868509615625 0.1100427359375 0.849278846875 0.13034188124999999 0.849278846875 0.1549145296875 0.8653044875000001 0.15705128125 0.8949519234375 0.15598290625 0.918189103125 0.14957265 0.9422275640625 0.1399572640625
3 0.9887019234375 0.011752137499999999 0.977483975 0.0202991453125 0.9726762828125001 0.04273504375 0.9782852562500001 0.0705128203125 0.9927083328125 0.09188034218749999 0.9984375 0.09375 0.9984375 0.01875 0.9984375 0.00625 0.9887019234375 0.011752137499999999
3 0.7451121796875 0.026709401562500002 0.7298878203125 0.0128205125 0.7074519234375 0.0010683765625 0.6898237171875 0 0.6713942312500001 0.0021367515625 0.6577724359375 0.01816239375 0.6513621796875 0.04380341875 0.6737980765625 0.061965812499999995 0.6834134609375 0.06623931718750001 0.7010416671875 0.0982905984375 0.7202724359375 0.1025641015625 0.74671474375 0.0769230765625 0.7523237171875 0.0544871796875 0.7451121796875 0.026709401562500002
3 0.46947115312500004 0.0758547 0.455849359375 0.0705128203125 0.4390224359375 0.0715811953125 0.42299679531249995 0.0865384625 0.4109775640625 0.1132478625 0.41017628281249996 0.14423076875000002 0.41979166718750005 0.1666666671875 0.437419871875 0.1623931625 0.45665064062500005 0.1335470078125 0.4734775640625 0.1111111109375 0.4830929484375 0.0908119671875 0.46947115312500004 0.0758547
3 0.5856570515625 0.33119658125 0.593669871875 0.3044871796875 0.5928685890625001 0.2841880328125 0.59046474375 0.2628205125 0.5832532046875001 0.25641025625 0.563221153125 0.2617521375 0.550400640625 0.2585470078125 0.5383814109375 0.2596153859375 0.5239583328124999 0.27991452968749997 0.5199519234375 0.2948717953125 0.5263621796875 0.31944444375000003 0.531169871875 0.33653846249999997 0.537580128125 0.3589743578125 0.5696314109375 0.34508547031250003 0.5856570515625 0.33119658125
3 0.914983975 0.6132478625 0.9213942312500001 0.5982905984375 0.9270032046875001 0.5790598296875 0.9366185890625 0.56837606875 0.9390224359375001 0.5470085484375 0.9262019234375 0.5384615375 0.9101762828125001 0.5341880328124999 0.8981570515625 0.5395299140625001 0.8901442312500001 0.5491453 0.875721153125 0.55662393125 0.872516025 0.5737179484375 0.86610576875 0.5865384625 0.849278846875 0.6047008546875 0.8532852562500001 0.6217948703125 0.872516025 0.6346153859375 0.9029647437499999 0.63034188125 0.914983975 0.6132478625
3 0.9133814109375 0.7681623937500001 0.9013621796875 0.7467948703125 0.8829326921874999 0.7339743578125 0.8645032046875001 0.7329059828125 0.849278846875 0.7467948703125 0.8268429484375 0.7638888890625 0.824439103125 0.7948717953125 0.8388621796875 0.8365384625000001 0.8572916671874999 0.8600427359375 0.875721153125 0.8621794875000001 0.8981570515625 0.849358975 0.9109775640625 0.8012820515625 0.9133814109375 0.7681623937500001
3 0.44703525624999996 0.7617521375 0.45985576874999995 0.7521367515625 0.4646634609375 0.7211538453124999 0.45745192343749996 0.7168803421875001 0.4366185890625 0.7200854703124999 0.41899038437499997 0.7211538453124999 0.4165865390625 0.7350427359375 0.41017628281249996 0.7457264953125 0.394150640625 0.7596153859375 0.39014423125 0.7777777765625 0.3893429484375 0.8012820515625 0.39334935937500004 0.8226495734375 0.4085737171875 0.8162393171875 0.412580128125 0.7767094015625 0.44703525624999996 0.7617521375
1 0.099278846875 0.7617521375 0.091266025 0.7863247859375 0.091266025 0.8044871796875 0.09286858906249999 0.8226495734375 0.10488782031249999 0.8108974359375001 0.1169070515625 0.7873931625 0.12171474374999999 0.7649572640625 0.1169070515625 0.7510683765625 0.099278846875 0.7617521375
1 0.136939103125 0.6613247859375 0.130528846875 0.6837606828125 0.130528846875 0.7019230765625 0.1321314109375 0.7115384625 0.14495192343750002 0.70726495625 0.156971153125 0.6901709390625 0.156971153125 0.6666666671875 0.153766025 0.6549145296875001 0.136939103125 0.6613247859375
1 0.149759615625 0.6965811953125 0.1409455125 0.7115384625 0.130528846875 0.7126068375 0.12331730781250001 0.7297008546875 0.118509615625 0.7371794875 0.10809294843749999 0.74465811875 0.128125 0.7478632484375 0.1457532046875 0.7361111109375 0.156971153125 0.7158119671875001 0.164983975 0.6987179484375 0.149759615625 0.6965811953125
1 0.4053685890625 0.6089743578125 0.40136217968750004 0.625 0.40056089687499996 0.64423076875 0.41899038437499997 0.6356837609375 0.4270032046875 0.6282051296875 0.42860576874999995 0.6121794875 0.4173878203125 0.6014957265625 0.4053685890625 0.6089743578125
1 0.4173878203125 0.4647435890625 0.4085737171875 0.45726495624999997 0.40056089687499996 0.45512820468750004 0.40136217968750004 0.4722222234375 0.40456730781249994 0.4893162390625 0.40296474375 0.5085470078125 0.41017628281249996 0.5064102562499999 0.4173878203125 0.5085470078125 0.41899038437499997 0.49358974375000003 0.41899038437499997 0.4786324796875 0.4173878203125 0.4647435890625
3 0.8116185890625 0.2414529921875 0.8028044875000001 0.2200854703125 0.7923878203125 0.2104700859375 0.7771634609375 0.2168803421875 0.769150640625 0.24038461406249997 0.761939103125 0.25534188125 0.762740384375 0.2767094015625 0.7827724359375 0.2863247859375 0.8020032046875001 0.29059828906249996 0.821233975 0.27991452968749997 0.818028846875 0.25641025625 0.8116185890625 0.2414529921875