1 0.7798913046875 0.34722222343750003 0.789855071875 0.3520531390625 0.8007246374999999 0.35326086874999996 0.8274456515624999 0.3580917875 0.8423913046875 0.3544686 0.8528079703125 0.351449275 0.867300725 0.34118357499999996 0.8777173906250001 0.33212560468749996 0.8845108703125 0.31944444375000003 0.8840579703125 0.3121980671875 0.897644928125 0.3001207734375 0.90625 0.2892512078125 0.9144021734375001 0.27898550625 0.9153079703125 0.26570048281249997 0.926630434375 0.26570048281249997 0.9352355078125001 0.2699275359375 0.945199275 0.27536231875 0.956068840625 0.27475845468750004 0.9664855078125001 0.26509661875 0.9673913046875 0.2566425125 0.961050725 0.2355072453125 0.957880434375 0.2131642515625 0.951992753125 0.21074879218749998 0.9402173906250001 0.216183575 0.9343297093749999 0.22041062656250002 0.9234601453125 0.2324879234375 0.9103260875 0.2385265703125 0.8990036234375 0.22403381718749998 0.8831521734375001 0.21074879218749998 0.8659420296875 0.21074879218749998 0.84193840625 0.2016908203125 0.8383152171875 0.2035024140625 0.83016304375 0.20833333281250002 0.8220108703125 0.2071256046875 0.8206521734375001 0.20229468593750002 0.8097826093749999 0.2065217390625 0.801630434375 0.2125603875 0.7894021734375001 0.2155797109375 0.7767210140625 0.22282608750000002 0.768568840625 0.23007246406249998 0.7536231890625 0.24637681250000001 0.7336956515625 0.273550725 0.7196557968749999 0.28321256093749997 0.7205615937500001 0.2946859890625 0.7228260875 0.3067632859375 0.7368659421875 0.3140096625 0.7404891296875 0.3200483078125 0.7481884062499999 0.3272946859375 0.7545289859375 0.3351449265625 0.7649456515625 0.34118357499999996 0.7690217390625 0.34420289843749996 0.7798913046875 0.34722222343750003
1 0.7555344359375 0.1140429328125 0.7507826468750001 0.11292486718750001 0.746030859375 0.1095706625 0.7376453484375001 0.10770721406249999 0.732893559375 0.1095706625 0.7267441859375 0.11255217656250001 0.7245080500000001 0.11665175781249999 0.7236694984375001 0.12261478750000002 0.72646466875 0.1259689921875 0.7306574234375 0.1293231953125 0.7396019671875 0.1282051296875 0.744912790625 0.1285778171875 0.756932021875 0.11888789531249999 0.7555344359375 0.1140429328125
1 0.7516211984375001 0.0659660109375 0.7485465109375 0.07230172968750001 0.7502236140625 0.08050089375 0.75134168125 0.08795468125 0.760845259375 0.08795468125 0.7630813953125 0.0808735828125 0.7625223609375 0.07528324374999999 0.7611247765625 0.06745676874999999 0.7641994640625 0.06000298125 0.7546958859374999 0.0603756703125 0.7516211984375001 0.0659660109375
1 0.65379025 0.0540399515625 0.6518336312499999 0.06000298125 0.652392665625 0.06559332031250001 0.6481999109375 0.07006559375 0.647361359375 0.0719290390625 0.650436046875 0.0790101375 0.6591010734375 0.0771466890625 0.6649709296874999 0.0696929046875 0.6669275484375 0.06484794375 0.6649709296874999 0.05478533125 0.66580948125 0.0465861671875 0.658262521875 0.049194992187499995 0.65379025 0.0540399515625
1 0.429338103125 0.14758497343750002 0.43408989218749994 0.14833035156250002 0.439400715625 0.14423076875000002 0.44555008906250004 0.1438580796875 0.44359347031249996 0.1513118671875 0.4550536671875 0.1501937984375 0.46288014375 0.1487030421875 0.46986806875 0.14683959375 0.47573792499999995 0.14423076875000002 0.48160778125 0.1386404296875 0.48580053593750006 0.1345408453125 0.4835644 0.12485092499999999 0.4796511625 0.12373285625 0.47294275468749997 0.11851520625 0.46120304062499995 0.11851520625 0.4530970484375 0.1196332734375 0.44974284375 0.12336016718750001 0.44499105468750005 0.13081395468749998 0.4396802328125 0.1349135359375 0.4301766546875 0.1349135359375 0.43408989218749994 0.1375223609375 0.43772361406250004 0.14162194374999998 0.429338103125 0.14758497343750002
1 0.43688506250000003 0.0618664296875 0.4447115390625 0.0663387 0.458407871875 0.0704382828125 0.46315965937500003 0.0667113890625 0.46399821093750004 0.054412642187500006 0.45868738750000004 0.0462134765625 0.453376565625 0.043977339062499995 0.4416368515625 0.04211389375 0.43576699531249996 0.048822301562499996 0.43688506250000003 0.0618664296875
1 0.47769454375000003 0.07006559375 0.469309034375 0.074165175 0.46371869375 0.08012820468750001 0.46092352343750004 0.08795468125 0.457289803125 0.09466308906250001 0.46204159218749996 0.0991353609375 0.47853309531250005 0.0976446046875 0.49027280781250004 0.09838998125000001 0.49167039375000005 0.091681575 0.4972607328125 0.0838550984375 0.49754025 0.07528324374999999 0.48971377499999996 0.0711836609375 0.48663908749999996 0.068947525 0.47769454375000003 0.07006559375
1 0.5984458859374999 0.03205128125 0.5956507156249999 0.031305904687500004 0.605713328125 0.0175163984375 0.5981663687500001 0.0197525328125 0.5914579609375 0.02422480625 0.5858676203125001 0.0204979125 0.5794387296875 0.0290697671875 0.5724508046875 0.0365235546875 0.5676990156249999 0.043977339062499995 0.5651833625 0.0551580203125 0.5674194984375001 0.06559332031250001 0.5713327375 0.0667113890625 0.5786001781250001 0.0663387 0.5853085874999999 0.0596302921875 0.5883832734375 0.0529218828125 0.5920169953125 0.0462134765625 0.5948121640624999 0.0402504484375 0.5984458859374999 0.03205128125
1 0.5769230765625 0.1138965203125 0.5640453296875 0.10989011093750001 0.55631868125 0.1196199625 0.5520260984375 0.12763278281249998 0.5580357140625 0.13335622656249999 0.5687671703125 0.1373626375 0.5760645609374999 0.13793498125 0.581215659375 0.12763278281249998 0.5867960171875 0.1282051296875 0.587225275 0.1156135515625 0.5769230765625 0.1138965203125
1 0.339972528125 0.21520146406250001 0.3343921703125 0.23122710624999998 0.349416209375 0.21348443125 0.3580013734375 0.2037545796875 0.353708790625 0.18830128125 0.34340659375000004 0.17799908281250001 0.3412603015625 0.18086080625 0.34211881875 0.19345238125 0.3412603015625 0.2031822359375 0.339972528125 0.21520146406250001
1 0.305202609375 0.25240384531250004 0.3082074171875 0.2632783875 0.3133585171875 0.25812728906250004 0.31936813124999996 0.24610805781249998 0.3215144234375 0.2340888265625 0.3215144234375 0.21863553125 0.3129292578125 0.2300824171875 0.309065934375 0.24381868125 0.305202609375 0.25240384531250004
3 0.8679467078125 0.9058254953124999 0.8463949843749999 0.9339080453124999 0.8424764890625 0.910397075 0.83806818125 0.8986415875 0.841496865625 0.8712121203125 0.8635384015625001 0.8744775328125 0.8885188093749999 0.8548850578125 0.893416928125 0.8137408562499999 0.9247648906249999 0.7961076265625 0.961500784375 0.7706374078125 0.969337775 0.7634535 0.9908894984375 0.7667189125 0.9984375 0.7729166671875001 0.9984375 0.4125 0.9575822890625 0.39903343750000003 0.9618974671875 0.392742375 0.9719893296875 0.3628048765625 0.9670036765625 0.33555283125 0.9424938718750001 0.3151279953125 0.9133003046875 0.30691056875 0.8896722562500001 0.3201219515625 0.8447027437499999 0.3597560984375 0.824123475 0.3841463421875 0.79592225625 0.3546747953125 0.7700076218749999 0.3414634140625 0.722751525 0.3058943078125 0.7174161578125 0.28556910625 0.7167994281250001 0.2565767984375 0.7208843953125 0.22662037031249999 0.7178206703125001 0.1980256 0.7127144609375 0.17487745 0.700459559375 0.1299428109375 0.6688010625 0.1204112203125 0.63203635625 0.1299428109375 0.6095690359375 0.1326661234375 0.5891442 0.157175925 0.537060865625 0.14083605625 0.510508578125 0.1462826796875 0.523784721875 0.18168572968750002 0.507444853125 0.18713235156250002 0.4829350484375 0.19394063125 0.460467728125 0.21164215625 0.4584252453125 0.22253540156249998 0.46353145468749996 0.2742783234375 0.4445503046875 0.29979674843750004 0.4133003046875 0.30691056875 0.380810865625 0.30423475 0.35842225625 0.3191056921875 0.3416539640625 0.282520325 0.329748775 0.2906181921875 0.2970690359375 0.33419117656249997 0.26949550625 0.3655092578125 0.2555259140625 0.4034552859375 0.25213439531250004 0.4485702609375 0.221497140625 0.42950708125 0.22580030468749998 0.41056910625 0.208220996875 0.39410403125000004 0.1837111921875 0.3682325703125 0.16635008125 0.37231753749999996 0.16328635625000001 0.42406045781249996 0.14388276093750002 0.40908224375 0.11835171562499999 0.4009123078125 0.0989481203125 0.39138071874999997 0.088735703125 0.37640250625 0.094863153125 0.3478077328125 0.0907781859375 0.3137663390625 0.091799428125 0.2906181921875 0.075459559375 0.24976851875 0.0499285125 0.2456835515625 0.03052491875 0.22662037031249999 0.0029513890625 0.2238970578125 0 0.9979166671874999 0.8546875 0.9979166671874999 0.8552115984374999 0.98027690625 0.8664772734374999 0.9574190187499999 0.903213165625 0.9058254953124999 0.8782327593750001 0.8940700109374999 0.8679467078125 0.9058254953124999
1 0.9526649671874999 0.7771393375 0.934689303125 0.7946540859375 0.9070344359375 0.79926323125 0.88975014375 0.821387125 0.8807623124999999 0.8444328484374999 0.8634780203125001 0.8610257671875001 0.844810984375 0.8656349125 0.8385886390625 0.89697709375 0.8482678437500001 0.9292411062499999 0.8683176218750001 0.8951334375 0.8731572234374999 0.8794623453125 0.881453684375 0.8785405171875 0.89251563125 0.87024405625 0.925701471875 0.8739313734374999 0.9429857640625 0.87300954375 0.98101120625 0.8628694250000001 0.992073153125 0.85826028125 0.9962213828125 0.7587027578125001 0.9837766921875 0.7596245875000001 0.9692578875000001 0.762390075 0.9526649671874999 0.7771393375