1 0.20506027968749999 0.20621827499999998 0.1987151015625 0.1914128609375 0.189197334375 0.18929780000000002 0.159057740625 0.1861252125 0.150333121875 0.1977580375 0.14398794374999999 0.19352791875 0.1320907359375 0.1977580375 0.1336770296875 0.2115059234375 0.134470178125 0.22208121875 0.143194796875 0.22525380625000002 0.143194796875 0.23688663281250003 0.159057740625 0.24746192968749997 0.1844384515625 0.24746192968749997 0.22171637031250002 0.22525380625000002 0.20506027968749999 0.20621827499999998
1 0.5643559640625 0.4177241953125 0.588943528125 0.43041455156249997 0.6032201781250001 0.43041455156249997 0.617496828125 0.42301184375 0.613531090625 0.39974619375 0.6016338828125 0.3764805421875 0.5960818531250001 0.3532148890625 0.58101205625 0.35109983125 0.5580107875 0.34369712343750003 0.538975253125 0.338409475 0.5397684015624999 0.3521573609375 0.5334232234375 0.3574450078125 0.52390545625 0.3500423015625 0.507249365625 0.34792724218750004 0.5056630703125 0.3616751265625 0.49535215781249997 0.3659052453125 0.5191465734375 0.366962775 0.52390545625 0.3764805421875 0.5191465734375 0.3870558375 0.5342163703125 0.3934010140625 0.5476998734375 0.40609137031250003 0.5643559640625 0.4177241953125
1 0.6516021578125 0.9168781734375001 0.6476364218749999 0.8872673437499999 0.6389118015624999 0.8661167515624999 0.627807740625 0.8523688671875 0.6167036796875001 0.8513113375 0.6000475890625 0.8428511000000001 0.6079790609375 0.85871404375 0.5937024109375 0.8766920484374999 0.5937024109375 0.8862098140624999 0.5952887062500001 0.9031302875 0.6079790609375 0.9211082921875 0.633359771875 0.9253384109375 0.6516021578125 0.9306260578125001 0.6516021578125 0.9168781734375001
1 0.44776332500000005 0.3214890015625 0.44538388281249996 0.31408629375 0.42634835000000004 0.3119712359375 0.404933375 0.315143825 0.3946224625 0.3362944171875 0.40572652343750004 0.3405245359375 0.42793464531250003 0.34792724218750004 0.44697017812500006 0.3489847703125 0.4430044421875 0.3362944171875 0.462039975 0.3405245359375 0.4596605328125 0.3320642984375 0.46362626875 0.3214890015625 0.44776332500000005 0.3214890015625
1 0.28913388281249996 0.1501692046875 0.2812024109375 0.14699661718749998 0.27485723281249996 0.13747884999999999 0.269305203125 0.13747884999999999 0.2724777921875 0.1543993234375 0.26137373125 0.1427664984375 0.25661484843750004 0.1290186125 0.247890228125 0.1406514375 0.248683375 0.15334179375 0.25661484843750004 0.15334179375 0.2582011421875 0.1670896796875 0.2661326140625 0.1787225046875 0.2954790609375 0.19352791875 0.304996828125 0.1871827421875 0.301031090625 0.1681472078125 0.297858503125 0.1586294421875 0.28913388281249996 0.1501692046875
1 0.6809486046875 0.5985617609375 0.6809486046875 0.58058375625 0.663499365625 0.58058375625 0.654774746875 0.5710659890625001 0.6523953046875001 0.5826988140625 0.6523953046875001 0.5901015234375 0.632566625 0.5763536375 0.6301871828125 0.5869289328125 0.6222557109375 0.5911590515625 0.6365323609375 0.59221658125 0.6286008890625 0.6027918796875 0.640498096875 0.6165397625 0.657947334375 0.6260575296875001 0.67698286875 0.6154822328125 0.6809486046875 0.5985617609375
1 0.736468909375 0.8629441625000001 0.7309168781250001 0.8439086296875 0.7174333749999999 0.8343908624999999 0.71584708125 0.8153553296875 0.7063293140625 0.8174703890625 0.7055361671875 0.8322758046875001 0.7031567265625001 0.8174703890625 0.70157043125 0.8111252125 0.68729378125 0.81006768125 0.6944321062500001 0.8259306265624999 0.6809486046875 0.831218275 0.6841211921875 0.8449661578125 0.6944321062500001 0.8608291046875 0.6999841375 0.8724619296875 0.7095019031249999 0.8893824015625 0.729330584375 0.8904399328125001 0.736468909375 0.8629441625000001
1 0.9490323609375 0.8692893390625 0.938721446875 0.8703468687499999 0.9379282999999999 0.8608291046875 0.9379282999999999 0.8491962765625001 0.926031090625 0.8555414546875 0.9268242390625 0.8703468687499999 0.9268242390625 0.8809221671874999 0.9268242390625 0.9147631125 0.9450666249999999 0.9422588828125 0.9609295687499999 0.9316835875 0.9609295687499999 0.9211082921875 0.9537912437499999 0.8925549921875 0.9490323609375 0.8692893390625
1 0.423968909375 0.4261844328125 0.41365799531249997 0.43781725781249997 0.4120717 0.4441624375 0.42158946718749996 0.4536802015625 0.43507297031250003 0.4536802015625 0.4533153546875 0.4526226734375 0.45648794375 0.43464467031250004 0.46362626875 0.43252961093750003 0.423968909375 0.4261844328125
1 0.8966846453124999 0.5763536375 0.8998572328125001 0.5901015234375 0.9196859140625 0.6049069375 0.9220653546875001 0.5816412859375 0.9188927671875 0.5700084609375 0.9141338828125001 0.5594331640625 0.9046161171874999 0.5478003375 0.8966846453124999 0.5763536375
3 0 0.9979166671874999 0.3546875 0.9979166671874999 0.345447334375 0.9644670046874999 0.3486199234375 0.9454314734375 0.359723984375 0.9242808796875 0.366862309375 0.9073604062499999 0.372414340625 0.8936125203125 0.3716211921875 0.85871404375 0.372414340625 0.8428511000000001 0.3732074875 0.8238155671875 0.3684486046875 0.8005499140625 0.359723984375 0.7677664984375 0.35020621875 0.7244077828125 0.34306789375 0.6757614203125 0.3398953046875 0.6080795265625001 0.3391021578125 0.5742385796875 0.3343432734375 0.5573181046875 0.3264118015625 0.5329949234375 0.2962722078125 0.5171319796875 0.2962722078125 0.48540609218749997 0.290720178125 0.4557952625 0.28278870624999997 0.4409898484375 0.262166878125 0.4156091375 0.23599302031249997 0.3733079515625 0.22171637031250002 0.3458121828125 0.2026808375 0.3299492390625 0.18602474687499998 0.3183164125 0.159057740625 0.3077411171875 0.14240165 0.3035109984375 0.097192259375 0.29399323125 0.0710184015625 0.28130287656249997 0.0710184015625 0.3035109984375 0.049603426562500004 0.29822335 0.040085659375 0.2961082921875 0.0115323609375 0.2633248734375 0.009946065625 0.2442893390625 0.008359771875 0.2199661578125 0.009152918749999999 0.2009306265625 0.009152918749999999 0.17343485625 0.00201459375 0.1575719125 0 0.1604166671875 0 0.9979166671874999