1 0.5300317796875 0.7715395484375 0.55055614375 0.7997881359375001 0.5644597453125 0.7927259890625 0.56313559375 0.7609463265625 0.5591631359375 0.7309322046875 0.5498940671875 0.69562146875 0.5399629234375001 0.6594279671875001 0.5366525421875 0.65413135625 0.51745233125 0.6400070625 0.51149364375 0.6020480234375001 0.5048728812500001 0.58086158125 0.500238346875 0.58262711875 0.49163135625 0.6205861578125 0.47309322031249995 0.6347104515625 0.47243114375 0.6435381359375001 0.488320975 0.6470692078125 0.49494173750000003 0.6576624296875 0.4975900421875 0.68237994375 0.5009004234375001 0.7176906765625 0.514804025 0.7397598875 0.5300317796875 0.7715395484375
1 0.75182733125 0.7459392640625 0.7425582625 0.7424081921875 0.7313029656250001 0.7450564984375 0.7134269062499999 0.7627118640624999 0.7034957625 0.7856638421875 0.7134269062499999 0.8050847453125 0.733951271875 0.8094985875 0.743882415625 0.7909604515625 0.7551377125000001 0.78036723125 0.7564618640624999 0.7618290953125 0.75182733125 0.7459392640625
1 0.3254502125 0.7618290953125 0.343326271875 0.7591807921875 0.33339512656250003 0.7459392640625 0.32942266875000004 0.7326977390625 0.32942266875000004 0.7194562140625 0.317505296875 0.7229872875 0.310884534375 0.7344632765625 0.28969809375 0.7282838984375 0.2810911015625 0.7441737296875 0.2731461859375 0.7635946328125 0.2797669484375 0.78213276875 0.2956567796875 0.79537429375 0.304925846875 0.7891949140625 0.308236228125 0.7750706203125 0.319491525 0.7627118640624999 0.3254502125 0.7618290953125
1 0.2517110953125 0.4250720453125 0.25081051875 0.422070125 0.2377521609375 0.42627281406249995 0.23054755 0.4250720453125 0.2228926515625 0.42627281406249995 0.2143371765625 0.43107588906250005 0.2089337171875 0.43948126875 0.2066822765625 0.4520893375 0.2246938046875 0.4550912578125 0.236401296875 0.44428434218749996 0.2494596546875 0.44068203749999996 0.246757925 0.43347742499999997 0.2517110953125 0.4250720453125
1 0.297640490625 0.1657060515625 0.289985590625 0.1753122 0.2823306921875 0.1819164265625 0.264769453125 0.21133525468749997 0.27512608125 0.21853986406249998 0.2863832859375 0.2059317953125 0.2913364546875 0.1957252640625 0.2971902015625 0.1891210375 0.298541065625 0.1819164265625 0.296289625 0.1759125828125 0.297640490625 0.1657060515625
1 0.1202269453125 0.2269452453125 0.109420028125 0.2233429390625 0.09456051875 0.2257444765625 0.0896073484375 0.235350625 0.090507925 0.24735830781249998 0.108969740625 0.2527617671875 0.1233789625 0.24615754218750002 0.1287824203125 0.24015369843749998 0.1346361671875 0.2359510078125 0.1202269453125 0.2269452453125
1 0.8174590687500001 0.5090260296875 0.8162783375 0.5200461796875 0.815491184375 0.55887909375 0.8182462218750001 0.5657010921875 0.8253306046875 0.5531066328125 0.8300535265625 0.5284424859375 0.8296599499999999 0.5147984890624999 0.8241498734375 0.5095507984375 0.8174590687500001 0.5090260296875
1 0.78125 0.0120696890625 0.7619647359374999 0.0141687671875 0.7505510078125 0.0131192265625 0.7474023921875 0.01784215 0.74228589375 0.0288623 0.7489766999999999 0.03725860625 0.764326196875 0.037783375 0.780462846875 0.030961376562499997 0.7840050375 0.021515532812499998 0.78125 0.0120696890625
1 0.760390428125 0.04617968125 0.7572418140625 0.05510075625000001 0.7615711593750001 0.0703190609375 0.772591309375 0.0745172125 0.7733784640625 0.0488035265625 0.7678683875 0.041981529687500005 0.7627518890625 0.0498530640625 0.760390428125 0.04617968125
3 0.6321597031249999 0.3790431265625 0.6325808625 0.3504043125 0.651954178125 0.3498427671875 0.648163746875 0.33243486093749997 0.64395215625 0.3139038625 0.6372136125 0.3009883203125 0.6325808625 0.28077268593750004 0.6233153640625 0.25999550781249997 0.6035208890625 0.2644878703125 0.598888140625 0.2588724171875 0.6001516171875 0.2229335125 0.5921495953125 0.19485624375 0.5668800546874999 0.1931716078125 0.555508759375 0.2066486984375 0.54834905625 0.22405660468750002 0.5315026953124999 0.2347259671875 0.5201314015625 0.24876459999999997 0.5201314015625 0.26055705156250003 0.518867925 0.28526505 0.533608490625 0.3139038625 0.5395047171875 0.32906558750000003 0.5618261453125 0.3689353109375 0.567722371875 0.3992587609375 0.5824629375 0.427897575 0.6153133421875 0.4262129375 0.6321597031249999 0.3790431265625
3 0.5041273578125 0.22517969375 0.517604446875 0.2038409703125 0.5163409703124999 0.17800988281250002 0.49528301875 0.16004043125 0.480542453125 0.17070979375 0.46369609218749996 0.1628481578125 0.4561152296875 0.16621743125 0.4396900265625 0.1869946078125 0.427476415625 0.19373315468750002 0.41189353124999994 0.21619496875 0.397152965625 0.23584905625000002 0.3756738546875 0.25381850781250004 0.3655660375 0.2880727765625 0.354615903125 0.3386118609375 0.35419474375000004 0.3605121296875 0.349983153125 0.38746630625 0.3529312671875 0.4009433953125 0.36893530937499996 0.4059973046875 0.3899932609375 0.3925202171875 0.4110512125 0.3605121296875 0.41947439375 0.32906558750000003 0.43253032343750003 0.29368822968749997 0.442638140625 0.2622416890625 0.453167115625 0.25381850781250004 0.46243261406249997 0.25550314375 0.47548854374999994 0.26168014375 0.5041273578125 0.22517969375