1 0.17469618125 0.2994791671875 0.18446180625 0.2907986109375 0.19422743125 0.2806712953125 0.1822916671875 0.2676504625 0.166015625 0.265480325 0.15028211875 0.27054398125 0.15407986093749998 0.2799479171875 0.14268663125 0.27633101875 0.1432291671875 0.2922453703125 0.15353732656250002 0.29152199218749997 0.15353732656250002 0.29730902656249997 0.1692708328125 0.2965856484375 0.17469618125 0.2994791671875
1 0.4638671875 0.3190104171875 0.44813368125 0.3125 0.4378255203125 0.31394675781250003 0.4248046875 0.3226273140625 0.42588975625 0.33058449218749997 0.4372829859375 0.3313078703125 0.4508463546875 0.33203125 0.4654947921875 0.3269675921875 0.46983506875 0.32769097343750003 0.46766493125 0.3175636578125 0.4638671875 0.3190104171875
1 0.133348109375 0.1704097703125 0.1433215125 0.1748423953125 0.1411052015625 0.1635145796875 0.13482565 0.15563435781249998 0.1318705671875 0.15415681718750002 0.1318705671875 0.15169424843749998 0.12743794375 0.15415681718750002 0.13039302656250001 0.15809692656250002 0.131131796875 0.1654846328125 0.133348109375 0.1704097703125
1 0.22938829843750003 0.066981875 0.22384751718749998 0.0650118203125 0.21978427968749997 0.0655043328125 0.2153516546875 0.06254925156249999 0.215721040625 0.0679669015625 0.21498226874999998 0.0704294734375 0.21904550781249998 0.0704294734375 0.223108746875 0.07683215156249999 0.2268026 0.0783096921875 0.23677600468749999 0.08027974843749999 0.23492907812500002 0.07387706875 0.22938829843750003 0.066981875
1 0.3760342796875 0.0753546109375 0.3741873515625 0.0704294734375 0.3638445625 0.0704294734375 0.3586731671875 0.07239952656250001 0.35276300312500003 0.0674743890625 0.3560874703125 0.0758471234375 0.350546690625 0.0783096921875 0.3619976359375 0.07880220624999999 0.3701241140625 0.0778171796875 0.3760342796875 0.0753546109375
1 0.36532210468750004 0.0847123734375 0.37123226875 0.08815996875 0.380466903125 0.08766745468750001 0.37935874687500004 0.08372734375 0.37455673749999996 0.0792947203125 0.367538415625 0.0792947203125 0.36236702187500003 0.0792947203125 0.3571956265625 0.08323483125 0.36532210468750004 0.0847123734375
1 0.84552305 0.1492316796875 0.8388741140624999 0.15415681718750002 0.8403516546875001 0.1487391640625 0.8296394796875 0.1507092203125 0.8218823875 0.1512017328125 0.8141252953125001 0.16252955 0.8244680843750001 0.1704097703125 0.8300088656250001 0.1684397171875 0.8440455078125 0.16449960624999999 0.8429373515625 0.1590819546875 0.8477393609374999 0.1620370375 0.8462618203125001 0.1566193859375 0.84552305 0.1492316796875
1 0.6863179671874999 0.1182033109375 0.6815159578125 0.11721828125 0.67745271875 0.1113081171875 0.6770833328125 0.11918833749999999 0.6792996453125 0.12608353125 0.6818853421875 0.13150118125000002 0.6866873515624999 0.13494877968750002 0.694075059375 0.1364263203125 0.690750590625 0.124113475 0.6863179671874999 0.1182033109375
1 0.8458924343750001 0.10638297968749999 0.847000590625 0.11229314374999999 0.85291075625 0.11229314374999999 0.86140661875 0.1068754921875 0.867316784375 0.09899527031250001 0.85734338125 0.09948778593749999 0.8506944437499999 0.09948778593749999 0.8458924343750001 0.10638297968749999
1 0.9982366765625 0.4813218390625 0.9982366765625 0.45454545468749996 0.989909875 0.4578108671875 0.9825626953125 0.4695663546875 0.9903996859375 0.4787095078125 0.9982366765625 0.4813218390625
1 0.2191350109375 0.444045175 0.2265143734375 0.44960643281249996 0.23549794687499997 0.4577344296875 0.2486524640625 0.46244011093750004 0.257956878125 0.46115674218749997 0.2650154 0.46244011093750004 0.2704697125 0.4577344296875 0.2695071875 0.4500342234375 0.2650154 0.44062286093749997 0.2611652984375 0.4333504453125 0.25506930156249996 0.43035592031250003 0.2470482546875 0.4286447640625 0.23934804999999998 0.4320670765625 0.22715605781249998 0.4354893921875 0.2162474328125 0.42992813124999996 0.21079312187500002 0.4312115 0.2191350109375 0.444045175
3 0.7306547625 0.9424603171875001 0.7266865078125 0.95568783125 0.7251984125 0.9669312171875 0.721230159375 0.9596560859375 0.7251984125 0.9391534390625 0.7227182546875001 0.9199735453125 0.7132936515625 0.9126984125 0.7083333328125 0.9014550265624999 0.69990079375 0.8835978828125001 0.69345238125 0.8829365078125001 0.68799603125 0.86970899375 0.6820436515625 0.8531746046875 0.6770833328125 0.8538359796874999 0.666170634375 0.8538359796874999 0.65575396875 0.85714285625 0.6478174609375 0.8551587296875001 0.6369047625 0.8591269828125 0.6329365078125 0.8518518515625001 0.6259920640625001 0.85582010625 0.6230158734375 0.875 0.621527778125 0.9107142859374999 0.625 0.9358465609375 0.627480159375 0.9530423265625 0.6235119046875 0.9794973546874999 0.615575396875 0.9761904765624999 0.6056547625 0.98082010625 0.6026785718750001 0.9761904765624999 0.6016865078125 0.9629629625 0.606646825 0.9477513234374999 0.6056547625 0.9371693125 0.596726190625 0.9298941796875001 0.5992063484375 0.9014550265624999 0.6011904765625 0.8829365078125001 0.5987103171875 0.875661375 0.5917658734375 0.8730158734375 0.5922619046875 0.8591269828125 0.58779761875 0.8472222234375 0.5818452375 0.8419312171875 0.5803571421875 0.8267195765625001 0.572420634375 0.8220899484374999 0.5674603171875 0.8240740750000001 0.5674603171875 0.8161375671875 0.5729166671875 0.7962962953125 0.575396825 0.7830687828125 0.5709325390625 0.78108465625 0.564980159375 0.7896825390625 0.559027778125 0.8048941796875001 0.549603175 0.8359788359375001 0.5456349203124999 0.8650793640625001 0.5426587296875 0.8829365078125001 0.53720238125 0.8895502640625 0.528769840625 0.89351851875 0.527777778125 0.8650793640625001 0.53075396875 0.83068783125 0.5322420640625001 0.8082010578125001 0.5332341265625 0.7910052921874999 0.52529761875 0.79431216875 0.5178571421875 0.8167989421874999 0.5133928578125 0.8240740750000001 0.5079365078125 0.825396825 0.50595238125 0.8392857140625001 0.503472221875 0.8677248687500001 0.4990079359375 0.8386243390624999 0.4950396828125 0.8333333328125001 0.49007936562500004 0.84325396875 0.4861111109375 0.8544973546874999 0.481646825 0.8683862437500001 0.47569444375 0.8888888890625 0.471726190625 0.9034391546875 0.471230159375 0.8875661375 0.46478174531249994 0.8664021171874999 0.46279761875 0.8478835984374999 0.45882936562500004 0.8333333328125001 0.453373015625 0.8287037046875 0.4479166671875 0.8366402125000001 0.4484126984375 0.84391534375 0.44444444375 0.8505290999999999 0.4449404765625 0.8591269828125 0.4375 0.8511904765624999 0.435019840625 0.8637566140624999 0.44196428593750003 0.8776455015625 0.44890872968749995 0.8882275125 0.43700396875 0.8915343921875 0.4375 0.8968253953125 0.452876984375 0.8981481484374999 0.45734127031250005 0.9100529109375 0.453373015625 0.9219576734375 0.4513888890625 0.94312169375 0.4484126984375 0.9550264546875 0.4325396828125 0.9259259249999999 0.4265873015625 0.9232804234374999 0.41865079375 0.8902116390625 0.41319444375 0.8835978828125001 0.40823412656249997 0.8835978828125001 0.40674603125 0.8981481484374999 0.403273809375 0.8796296296874999 0.3983134921875 0.8670634921874999 0.393353175 0.8670634921874999 0.3893849203125 0.8730158734375 0.396329365625 0.9041005296875 0.40029761875 0.9285714296875 0.40972222187499996 0.94312169375 0.4265873015625 0.974867725 0.4439484125 0.9953703703125001 0.7265625 0.9979166671874999 0.73115079375 0.99470899375 0.7385912703125 0.9900793640625001 0.73115079375 0.974867725 0.734126984375 0.9642857140625001 0.7415674609375 0.9490740750000001 0.7306547625 0.9424603171875001
3 0.4012896828125 0.9305555562500001 0.396329365625 0.9093915359375 0.3928571421875 0.8862433859375001 0.3883928578125 0.8703703703125001 0.3928571421875 0.8637566140624999 0.40029761875 0.8650793640625001 0.4052579359375 0.875661375 0.41021825468750006 0.8789682546875 0.41964285781250005 0.8875661375 0.4265873015625 0.9153439140625 0.43353174531249994 0.9239417984375 0.44890872968749995 0.9477513234374999 0.452876984375 0.9226190484375 0.45535714218749995 0.9107142859374999 0.452876984375 0.8988095234375001 0.4360119046875 0.8948412703124999 0.4384920640625 0.8895502640625 0.446428571875 0.8862433859375001 0.440476190625 0.8763227515625 0.43353174531249994 0.8597883609375 0.4365079359375 0.8505290999999999 0.44097222187499996 0.8511904765624999 0.44345238125 0.8472222234375 0.44742063437499996 0.8425925921875 0.44742063437499996 0.8353174609374999 0.4548611109375 0.8201058203124999 0.4389880953125 0.8115079375 0.424603175 0.8134920625 0.415674603125 0.8115079375 0.41865079375 0.8042328046874999 0.4300595234375 0.7923280421875 0.439980159375 0.7923280421875 0.44940476250000005 0.7863756609375 0.4578373015625 0.7718253953125 0.46428571406249997 0.75595238125 0.46428571406249997 0.74272486875 0.455853175 0.7486772484374999 0.4429563484375 0.7592592578125 0.4295634921875 0.7738095234375 0.4112103171875 0.7784391546875 0.3978174609375 0.7678571437499999 0.37946428593750003 0.750661375 0.358630953125 0.7228835984375 0.3571428578125 0.7129629625 0.3616071421875 0.7116402125 0.3735119046875 0.7281746046875 0.3834325390625 0.7400793640625001 0.40029761875 0.7513227515625001 0.4112103171875 0.7566137562499999 0.41865079375 0.7519841265625 0.4072420640625 0.7486772484374999 0.4047619046875 0.74272486875 0.4136904765625 0.74272486875 0.42559523749999995 0.7466931203125 0.3869047625 0.6825396828125 0.3799603171875 0.6666666671875 0.384920634375 0.6613756609375 0.390873015625 0.6706349203124999 0.3998015875 0.6845238109375 0.41319444375 0.7070105812499999 0.41765872968749995 0.7023809515625 0.4236111109375 0.7023809515625 0.4270833328125 0.7142857140625 0.43303571406249997 0.7208994703125 0.43700396875 0.7261904765625 0.4439484125 0.7301587296875 0.45386904687499996 0.7354497359375001 0.45684523749999995 0.7294973546875 0.4454365078125 0.7156084640625 0.44097222187499996 0.7017195765625 0.44146825468750006 0.6904761890625 0.42609127031250005 0.6666666671875 0.4126984125 0.6521164015625 0.396329365625 0.6461640203125001 0.3883928578125 0.6421957671875 0.37053571406249997 0.6428571437499999 0.3541666671875 0.6421957671875 0.3382936515625 0.6369047625 0.322420634375 0.6269841265625 0.31150793593750004 0.61772486875 0.303075396875 0.6071428562500001 0.3050595234375 0.6011904765625 0.3199404765625 0.6097883609375 0.3298611109375 0.6203703703125 0.34474206406249996 0.625 0.3571428578125 0.6296296296875 0.3546626984375 0.6230158734375 0.3457341265625 0.6104497359375001 0.330853175 0.59325396875 0.31597222187499996 0.5767195765625 0.314980159375 0.5701058203125 0.3179563484375 0.5648148140625 0.32490079375 0.5707671953125 0.3363095234375 0.5839947078125001 0.34722222187499996 0.5952380953125 0.358630953125 0.6124338625 0.3665674609375 0.6316137562499999 0.377480159375 0.6329365078125 0.3864087296875 0.6269841265625 0.390376984375 0.6164021171875 0.389880953125 0.6018518515625 0.37847222187499996 0.5906084640625 0.3665674609375 0.5800264546875 0.3541666671875 0.5674603171875 0.33928571406249997 0.5628306875 0.3239087296875 0.5628306875 0.3070436515625 0.55687830625 0.2951388890625 0.5529100515625001 0.2931547625 0.5456349203124999 0.2991071421875 0.5449735453125 0.31150793593750004 0.55026455 0.328373015625 0.5535714296875 0.340773809375 0.5555555562500001 0.35267857187499996 0.5582010578125 0.365079365625 0.5667989421875 0.3710317453125 0.5661375671875 0.38740079375 0.5654761890625 0.40178571406249997 0.5621693125 0.3953373015625 0.5588624328125 0.3869047625 0.5575396828125 0.372519840625 0.5522486765625 0.3675595234375 0.54431216875 0.37053571406249997 0.5423280421875 0.38095238125 0.5449735453125 0.384920634375 0.5429894187500001 0.3789682546875 0.5284391546875 0.375 0.5205026453125 0.3640873015625 0.5105820109375 0.3501984125 0.5125661375 0.33779761875 0.5218253953125 0.3303571421875 0.5304232812499999 0.3298611109375 0.5171957671875 0.321924603125 0.5013227515625001 0.3139880953125 0.49603174531249994 0.3005952375 0.4953703703125 0.2876984125 0.49404761875 0.271825396875 0.4920634921875 0.2549603171875 0.4966931203125 0.2435515875 0.500661375 0.2321428578125 0.49404761875 0.2197420640625 0.49404761875 0.1979166671875 0.4986772484375 0.18055555625 0.5039682546875001 0.15674603125 0.5085978828125 0.1369047625 0.5165343921875001 0.1235119046875 0.5284391546875 0.1170634921875 0.5522486765625 0.116071428125 0.56878306875 0.10615079375 0.57473545 0.0982142859375 0.5866402125 0.091269840625 0.6031746046875 0.0823412703125 0.6216931203125 0.06994047656249999 0.61970899375 0.0644841265625 0.6031746046875 0.0605158734375 0.5899470890625 0.051091270312500006 0.5734126984375 0.03819444375 0.56878306875 0.0262896828125 0.5727513234375 0.012896825 0.5720899484374999 0.0019841265625 0.5839947078125001 0 0.9979166671874999 0.4453125 0.9979166671874999 0.4424603171875 0.9920634921874999 0.42509920625 0.9775132265625001 0.408730159375 0.94378306875 0.4012896828125 0.9305555562500001
3 0.13598549531249998 0.5169226390625 0.15518344687500002 0.5069681453125 0.164249146875 0.5027019328125 0.16371587031249998 0.4977246875 0.17278157031250002 0.4927474390625 0.1807807171875 0.493458475 0.1866467578125 0.49914675781250006 0.20691126249999997 0.49559158124999997 0.22664249218750002 0.4920364046875 0.24104095625 0.4984357234375 0.2527730375 0.49559158124999997 0.2623720140625 0.48990330000000004 0.2602389078125 0.47497155781249994 0.2554394203125 0.46146188749999995 0.2454780359375 0.4624246328125 0.2345768734375 0.45704134375 0.2248869515625 0.4489664078125 0.21842700312500002 0.44142980156249995 0.20954457343750002 0.43120155000000004 0.20914082656250002 0.4263565890625 0.21600452187500002 0.4279715765625 0.22730943125 0.4338931953125 0.2374031 0.4306632203125 0.2462855296875 0.4279715765625 0.2547642125 0.43012489218749994 0.2559754515625 0.4242032734375 0.2547642125 0.41020671875000003 0.2491117578125 0.3870585703125 0.2462855296875 0.4015934546875 0.24144056875 0.4198966421875 0.238614340625 0.40428509999999995 0.2365956078125 0.37844530625 0.2341731265625 0.3773686484375 0.2329618859375 0.3908268734375 0.2313469 0.39944013749999996 0.2236757109375 0.40643841406250003 0.21923449687500002 0.4107450484375 0.21923449687500002 0.40267011249999995 0.2248869515625 0.384366925 0.2204457359375 0.3644487515625 0.21802325625000002 0.3682170546875 0.21802325625000002 0.38006029375 0.21115956093750002 0.39513350625 0.20429586562500002 0.3967484921875 0.20510335937500002 0.3838285953125 0.1986434109375 0.3671403953125 0.1877422484375 0.3558354875 0.1796673125 0.3558354875 0.17805232499999998 0.3439922484375 0.17320736406249998 0.3407622734375 0.17159237656249998 0.34722222343750003 0.17361111093749998 0.3692937125 0.17320736406249998 0.3773686484375 0.16795865625 0.3666020671875 0.1635174421875 0.3639104234375 0.157461240625 0.3671403953125 0.1522125328125 0.35691214375 0.1493863046875 0.3493755375 0.145752584375 0.3402239453125 0.14010012968750002 0.3337639953125 0.12435400468749999 0.3262273890625 0.12354651093749999 0.3305340234375 0.1328326875 0.3369939703125 0.1364664078125 0.3429155890625 0.13767764843750002 0.3563738171875 0.132428940625 0.3579888015625 0.1287952203125 0.36337209375 0.1203165375 0.36014211875 0.1142603359375 0.3429155890625 0.10981912187500001 0.34183893125 0.10901162812500001 0.34668389374999997 0.1138565890625 0.3606804484375 0.10860788125000001 0.3655254078125 0.10860788125000001 0.37360034375 0.11103036250000001 0.3838285953125 0.10699289375000001 0.38221360781249997 0.0993217046875 0.367678725 0.0896317828125 0.3504521953125 0.074693153125 0.3359173125 0.06177325625 0.3359173125 0.0670219640625 0.34183893125 0.0787306203125 0.350990525 0.0892280359375 0.3660637375 0.0896317828125 0.3746770015625 0.082364340625 0.367678725 0.0775193796875 0.367678725 0.0750969 0.3682170546875 0.0775193796875 0.37521533125 0.08519056875 0.38813522968749997 0.0872093015625 0.3983634796875 0.0811531 0.3908268734375 0.0787306203125 0.38813522968749997 0.0775193796875 0.3892118859375 0.0775193796875 0.3940568484375 0.0827680875 0.4112833765625 0.0795381140625 0.417743325 0.073078165625 0.40051679531250006 0.069848190625 0.3859819125 0.0650032296875 0.3816752796875 0.05854328125 0.3709087 0.05289082656250001 0.3703703703125 0.054505814062500005 0.3838285953125 0.054909560937500004 0.3989018078125 0.048045865625 0.3870585703125 0.0411821703125 0.38113695000000003 0.0407784234375 0.3865202421875 0.046834625000000005 0.39782514999999996 0.05087209375 0.41451335 0.046834625000000005 0.42204995624999997 0.0419896640625 0.4182816546875 0.0407784234375 0.42850990624999996 0.0423934109375 0.44465977656250005 0.038759690624999996 0.4473514203125 0.0294735140625 0.4408914734375 0.0266472875 0.4457364328125 0.03512596875 0.4548880265625 0.0302810078125 0.4618863046875 0.0250323 0.4608096453125 0.0205910859375 0.46296296249999996 0.011708656250000001 0.44950473750000003 0.009689921875 0.44950473750000003 0.0109011625 0.45919466093750005 0.0169573640625 0.4758828609375 0.021398578125 0.4866494390625 0.027051032812499997 0.49687769218750005 0.0359334625 0.5027993109375 0.046430878125000005 0.50387596875 0.05289082656250001 0.50710594375 0.039163435937500005 0.5157192078125 0.0327034890625 0.5264857875 0.031895995312499995 0.53725236875 0.033914728125 0.5512489234375 0.037952196875 0.5604005171875001 0.0448158921875 0.5663221359375 0.0561208015625 0.5717054265625 0.0637919890625 0.5803186921875 0.070655684375 0.5803186921875 0.0759043921875 0.57224375625 0.0650032296875 0.5630921625 0.06298449687499999 0.5507105937500001 0.06742571093750001 0.5367140390625 0.074693153125 0.5345607234374999 0.0811531 0.53886735625 0.0853242328125 0.5368316265625 0.0874573375 0.5489192265625 0.0853242328125 0.5688282140625 0.0938566546875 0.58304891875 0.1055887375 0.57522753125 0.1141211609375 0.5688282140625 0.11732081875 0.55105233125 0.12105375468749999 0.5240329921875 0.13598549531249998 0.5169226390625
3 0.5252259031250001 0.36228246249999996 0.527108434375 0.34471218124999997 0.5233433734374999 0.3313253015625 0.5120481921875 0.32463186093749996 0.5070281125 0.32295850000000004 0.5107931734375 0.34722222343750003 0.5051455828125 0.3664658625 0.498242971875 0.3873828640625 0.4913403609375 0.3857095046875 0.488830321875 0.3731593046875 0.48318273125 0.37148594375 0.47251506093750006 0.3580990625 0.47314257031249995 0.3505689421875 0.466239959375 0.3488955828125 0.45808232968749996 0.393239625 0.45933735000000003 0.4241967875 0.45055220937499996 0.4258701484375 0.44992469843749994 0.4049531453125 0.44302208906249996 0.380689425 0.43486445781249994 0.3555890234375 0.427961846875 0.35224230156249997 0.41478413593749996 0.3145917 0.410391565625 0.31542837968750004 0.41478413593749996 0.3329986609375 0.41917670625000003 0.3497322625 0.4317269078125 0.3907295859375 0.4304718875 0.4166666671875 0.40223393593749995 0.3572623828125 0.397841365625 0.36060910156250003 0.4285893578125 0.4367469875 0.4367469875 0.46686747031250003 0.431099396875 0.46435742968750005 0.42545180781249997 0.44511378749999997 0.421686746875 0.4476238296875 0.42733433749999994 0.47774431093749997 0.43360943750000003 0.5011713515625 0.4317269078125 0.5262717546875 0.41917670625000003 0.5053547515625 0.41101907656250003 0.48443775 0.4028614453125 0.45933735000000003 0.395331325 0.45933735000000003 0.4078815265625 0.4911311921875 0.38089859375 0.4534805890625 0.35893574375 0.4384203484375 0.3488955828125 0.43925702656250004 0.36834839375 0.45766398906249994 0.3940763046875 0.48527443124999997 0.4141566265625 0.5212516734375 0.42545180781249997 0.5321285140625001 0.429844378125 0.5446787140625 0.436119478125 0.5664323953125 0.42733433749999994 0.5572289171875 0.4059989953125 0.53714859375 0.40035140625 0.5296184734375 0.395331325 0.5212516734375 0.385918675 0.5179049546875001 0.3733684734375 0.5145582328125 0.38215361406250004 0.5354752328125 0.386546184375 0.5471887546875001 0.37148594375 0.542168675 0.3639558234375 0.5455153953125 0.3815261046875 0.5563922359375 0.40160642500000004 0.5622489953125 0.38403614531249997 0.56392235625 0.3608182734375 0.5630856750000001 0.33007028125 0.55137215625 0.30183232968749996 0.5496987953125 0.2999497984375 0.55137215625 0.3074799203125 0.5555555562500001 0.33069779062500004 0.5622489953125 0.3545431734375 0.5714524765625 0.3783885546875 0.5890227578125 0.3965863453125 0.6149598390625 0.38215361406250004 0.63002008125 0.3645833328125 0.6325301203125 0.35579819218750003 0.6107764390625 0.3376004015625 0.5873493984375 0.3187751 0.5672690765625 0.31438252968749997 0.5739625171875 0.3350903609375 0.5973895578125 0.35203313281250004 0.6166332 0.3583082328125 0.6342034812499999 0.34450301250000004 0.6308567609375 0.31061747031250003 0.60742971875 0.3049698796875 0.6082663984375001 0.32379518125 0.6275100390625 0.35517068281249997 0.6408969203125 0.3752510046875 0.6417336015624999 0.386546184375 0.6367135203125 0.4059989953125 0.6224899609375 0.421686746875 0.6191432390625 0.43862951875 0.6040829984375 0.45055220937499996 0.5848393578125 0.45682730937500005 0.5881860765625 0.45808232968749996 0.6099397578125 0.45431726875 0.6266733609374999 0.4467871484375 0.6308567609375 0.44741465937499997 0.6475903609375 0.4637299203125 0.6743641234375 0.46875 0.7061579640625 0.4637299203125 0.7203815265625 0.45180722968750003 0.7145247671875 0.45117971875 0.6952811249999999 0.4461596390625 0.691097725 0.445532128125 0.7153614453125 0.45745481874999994 0.7287483265625 0.45180722968750003 0.7346050875000001 0.43298192812499997 0.7245649265624999 0.4210592375 0.7061579640625 0.40976405624999995 0.7111780453125001 0.39909638593749996 0.6936077640625 0.38215361406250004 0.6626506015625 0.377133534375 0.6634872828125 0.4085090359375 0.7203815265625 0.4285893578125 0.7488286484375 0.41478413593749996 0.7454819265625 0.4059989953125 0.7471552875 0.421686746875 0.7530120484375 0.4141566265625 0.75635876875 0.3871736953125 0.7446452484375 0.37462349375000004 0.7320950453124999 0.3601907625 0.716198125 0.3608182734375 0.7245649265624999 0.3783885546875 0.7463186078125 0.398468875 0.7647255687500001 0.40976405624999995 0.7756024109374999 0.43360943750000003 0.7647255687500001 0.45682730937500005 0.7471552875 0.466239959375 0.7337684062500001 0.4756526109375 0.707831325 0.48004518125000006 0.7095046859374999 0.48192771093750003 0.7354417671875 0.47439759062500003 0.7555220874999999 0.47439759062500003 0.7705823296875 0.49008534062500003 0.7973560921875 0.5051455828125 0.8157630515625 0.5133032125 0.8115796515625 0.5264809234375 0.79149933125 0.5352660640625 0.7923360109375001 0.5352660640625 0.8316599734375 0.5377761046875 0.848393575 0.5440512046875 0.8718206171875 0.5478162656250001 0.8417001328125 0.5559738953125 0.8073962515625001 0.571661646875 0.78229585 0.57856425625 0.7814591703125 0.57856425625 0.8232931734375001 0.5898594375 0.84337349375 0.6005271078125001 0.8601070953125 0.625 0.8450468546875 0.6532379515625 0.8400267734375 0.6821034140625 0.8425368140625 0.705321284375 0.856760375 0.7555220890625 0.8592704140625 0.7856425703125 0.8944109765625001 0.8088604421875001 0.9119812578125 0.8189006031250001 0.9412650609375 0.8195281124999999 0.9688755015625 0.8145080328125 0.9956492640624999 0.8226656625000001 0.9956492640624999 0.8264307234375 0.9738955828125 0.845883534375 0.9889558234375 0.8621987953125 0.9872824625 0.8684738953125001 0.9780789828125 0.8791415656250001 0.9755689421874999 0.9149096390624999 0.9588353421875 0.9111445781249999 0.9278781796875 0.8841616468750001 0.9513052203125 0.8628263046875 0.9621820624999999 0.857178715625 0.95716198125 0.861571284375 0.9395917 0.857178715625 0.9379183390625 0.8502761046874999 0.9538152609375 0.84023594375 0.9437751000000001 0.8264307234375 0.9245314578125001 0.8377259031250001 0.9211847390625 0.8527861453125001 0.9195113796875001 0.8659638546874999 0.9287148609375 0.8810240968749999 0.9303882187499999 0.8973393578125 0.9144912984375001 0.9092620484375 0.9011044171875 0.917419678125 0.8952476578124999 0.9450301203125001 0.8768406953125 0.9726405625 0.8617804546875 0.9695030125 0.8550870140625 0.9556977906249999 0.8634538140625001 0.9299698796874999 0.8810240953124999 0.9092620484375 0.8893908984375001 0.8929467875 0.8826974562500001 0.9004769078124999 0.8743306562500001 0.9105170687499999 0.873493975 0.9155371484374999 0.8642904953125001 0.9117720890625 0.8601070953125 0.9218122484375 0.856760375 0.9437751000000001 0.8425368140625 0.9418925703125 0.8333333328125001 0.9268323296875 0.8450468546875 0.9155371484374999 0.8458835328125 0.91679216875 0.8375167328125 0.901731928125 0.8450468546875 0.8822791171875 0.8458835328125 0.8747489953124999 0.8400267734375 0.8829066265625001 0.8191097734375001 0.88792670625 0.8065595703125 0.8810240968749999 0.8073962515625001 0.8684738953125001 0.8375167328125 0.8672188750000001 0.8232931734375001 0.8534136546875001 0.8216198125 0.8847891562499999 0.79066265 0.8841616468750001 0.78647925 0.8709839359375 0.7856425703125 0.8471385546875 0.7965194109375 0.8502761046874999 0.7881526109375 0.8565512046875 0.7647255687500001 0.8264307234375 0.74799196875 0.855296184375 0.7555220874999999 0.877886546875 0.7630522078124999 0.8967118468749999 0.7630522078124999 0.9211847390625 0.7580321296875 0.9418925703125 0.7488286484375 0.95820783125 0.7597054890625 0.9711299671875 0.7588300234375 0.98613410625 0.7533112578125001 0.9975165562500001 0.7457229578125 0.9938948671875 0.7112306828125 0.980960265625 0.7429635765625 0.9768211921875001 0.7484823390625001 0.9612996687500001 0.74986203125 0.9493998343750001 0.7443432671875 0.9602649 0.7367549671875 0.9633692046875 0.7257174390625 0.984581953125 0.6988134671874999 0.9871688734375 0.6905353203125 0.9794081125 0.6939845484375 0.968543046875 0.70985099375 0.9659561265625 0.6912251640625 0.9726821187500001 0.6877759375 0.9695778140625 0.6843267109375 0.9576779796875 0.6877759375 0.9623344375 0.67535871875 0.9612996687500001 0.66225165625 0.96699089375 0.65466335625 0.9602649 0.6539735109375 0.9571605953125 0.66225165625 0.956125828125 0.6808774828125 0.943708609375 0.69260485625 0.9261175500000001 0.6939845484375 0.9116307953125 0.6932947015625001 0.9193915562500001 0.67742825625 0.9230132453125 0.6760485640625 0.93853476875 0.6719094921875 0.9375 0.6629415015625 0.943191225 0.6539735109375 0.9659561265625 0.62224061875 0.9804428812499999 0.61258278125 0.9814776484375001 0.6036147890625 0.9819950328125 0.5905077265625 0.9788907281249999 0.58981788125 0.9540562906250001 0.6256898453125 0.9406043046875 0.6463852109375 0.944743378125 0.6332781453125 0.9535389078125001 0.6001655625 0.954573675 0.5815397359375 0.9592301328125 0.5622240625 0.966473509375 0.5491169984375001 0.961817053125 0.5415286984375001 0.9768211921875001 0.51738410625 0.9944122515625 0.48151214218750005 0.9897557953125 0.48013245 0.9633692046875 0.5249724062500001 0.9700951984374999 0.49185982343749995 0.9680256625 0.4856512140625 0.9581953640625 0.49737858749999997 0.943191225 0.5263520984375 0.93853476875 0.5567052984374999 0.9354304640625 0.54980684375 0.931808775 0.54980684375 0.9333609265625 0.5691225171875 0.9256001656249999 0.5849889625 0.9256001656249999 0.57257174375 0.9266349343750001 0.5580849890625 0.9224958609374999 0.5504966890625 0.9292218546875001 0.537389625 0.931808775 0.5194536421875 0.9287044703125 0.51531456875 0.9157698671875 0.5242825609375 0.908526490625 0.53256070625 0.9054221859375 0.529801325 0.9126655625 0.50289735 0.9173220203125 0.49530905000000003 0.9224958609374999 0.4759933765625 0.9219784765625001 0.45736755 0.9224958609374999 0.44495033125 0.9224958609374999 0.41735651249999994 0.9266349343750001 0.39252207499999997 0.9235306296875001 0.3890728484375 0.9261175500000001 0.3759657828125 0.9224958609374999 0.37320640156249996 0.9173220203125 0.38562362031249997 0.90800910625 0.41459713125000003 0.9012831125 0.4477097125 0.9012831125 0.42425496718750005 0.9049048015625001 0.40080022031249996 0.9002483437500001 0.400110375 0.8909354296875 0.4249448125 0.8867963578125 0.43322295781250003 0.8867963578125 0.4587472390625 0.8899006625 0.48151214218750005 0.8816225171875001 0.50772626875 0.8805877484375 0.49185982343749995 0.8774834437499999 0.48910044218750004 0.878000828125 0.45736755 0.8790355953125 0.4415011046875 0.878000828125 0.4014900671875 0.8759312906250001 0.3704470203125 0.8723096031249999 0.3711368640625 0.8728269875000001 0.3870033109375 0.8738617546875 0.42425496718750005 0.8723096031249999 0.4552980125 0.8707574499999999 0.49530905000000003 0.8661009937499999 0.5160044140625 0.8624793046875 0.5194536421875 0.8661009937499999 0.529801325 0.86040976875 0.54773730625 0.8578228484375 0.5194536421875 0.859892384375 0.50220750625 0.8624793046875 0.4787527609375 0.8629966890625 0.4615066234375 0.8578228484375 0.4656456953125 0.8567880796875 0.4897902875 0.8516142390624999 0.4594370859375 0.8490273171875 0.4380518765625 0.8443708609374999 0.4408112578125 0.8479925500000001 0.47461368750000005 0.8495447015625001 0.5070364234375 0.8474751656249999 0.51738410625 0.8448882453125 0.5518763796874999 0.8391970203125 0.522213025 0.8355753312499999 0.48772075 0.8376448671875 0.4552980125 0.8309188734375 0.44977925 0.824710265625 0.4518487859375 0.8210885765624999 0.46771523125 0.8190190390625001 0.4711644578125 0.8190190390625001 0.522213025 0.824710265625 0.5787803546875 0.815914734375 0.5291114796875 0.8138451984374999 0.49392936093750006 0.810223509375 0.4835816765625 0.8071192046875 0.4870309046875 0.810223509375 0.5256622515625 0.8143625828125 0.5511865328125001 0.8097061265625 0.54773730625 0.799875828125 0.5201434875000001 0.7926324499999999 0.4994481234375 0.786941225 0.4980684328125 0.8003932125000001 0.544977925 0.8138451984374999 0.5587748359375 0.8174668875 0.5718818984375 0.8205711921875001 0.5939569546875 0.8226407281249999 0.6339679921875 0.8200538078124999 0.6187913921875 0.815914734375 0.6194812359374999 0.8185016562499999 0.6463852109375 0.811258278125 0.6084437078125 0.8050496687500001 0.5670529796875 0.8003932125000001 0.5670529796875 0.8024627484375 0.5808498890625 0.799875828125 0.58774834375 0.7941846031249999 0.5863686546875 0.7967715234375 0.625 0.79366721875 0.6463852109375 0.786941225 0.6153421625 0.7822847687500001 0.5849889625 0.7796978484375 0.5870584984375 0.7807326156250001 0.5994757171875 0.786423840625 0.6367273734375 0.7931498343750001 0.6615618109375 0.7905629140625 0.6781181015625 0.786423840625 0.6953642375 0.775558775 0.7029525390625 0.775558775 0.6808774828125 0.7714197015625001 0.6608719640625 0.7652110921874999 0.6643211921875001 0.764693709375 0.6788079484375 0.7610720203125 0.7064017671875 0.75175910625 0.7167494484375 0.7491721859375 0.7188189859375 0.7481374171875 0.7305463578125 0.739859271875 0.7395143484375 0.728476821875 0.74779249375 0.720716059375 0.7491721859375 0.7176117546875 0.7450331125 0.720198675 0.7284768203125 0.7150248343750001 0.7284768203125 0.7124379140625 0.74020419375 0.708816225 0.7512417203124999 0.697951159375 0.7526214125 0.7062293046875 0.7270971312500001 0.7186465234375 0.6988134671874999 0.728476821875 0.6725993375 0.7352028140625 0.6684602640625 0.7533112578125001 0.6581125828125 0.7527938734374999 0.6505242828125 0.738824503125 0.6581125828125 0.7336506625 0.6574227375 0.7357201984375 0.6408664453124999 0.74037665625 0.6187913921875 0.7486548015625 0.6056843265625 0.7657284765625 0.5801600437500001 0.77659354375 0.5587748359375 0.7709023171875 0.5580849890625 0.7621067874999999 0.5767108171875 0.755898178125 0.5870584984375 0.737789734375 0.6112030890625 0.7253725171875 0.6181015453125001 0.7233029796875 0.6160320078125 0.7310637421874999 0.6022350999999999 0.74399834375 0.5691225171875 0.7512417218749999 0.55739514375 0.7672806296875 0.5263520984375 0.7621067874999999 0.5242825609375 0.7548634109375 0.5408388515625 0.7434809609374999 0.552566225 0.74037665625 0.5415286984375001 0.7414114234375 0.5304911703124999 0.74606788125 0.5111754953125 0.7429635765625 0.5063465796875 0.739859271875 0.514624725 0.7346854296875 0.529801325 0.7279594375 0.5394591609375 0.7310637421874999 0.5242825609375 0.7372723515625 0.5104856515625 0.734168046875 0.5084161140625 0.7279594375 0.5187637984375 0.720198675 0.5415286984375001 0.7191639078125001 0.53463024375 0.7222682125000001 0.5187637984375 0.728476821875 0.49875827968750003 0.7248551328125 0.49875827968750003 0.7186465234375 0.50979580625 0.721750828125 0.4718543046875 0.728476821875 0.4642660046875 0.7289942046875 0.45736755 0.7222682125000001 0.45805739531249995 0.7305463578125 0.4394315671875 0.7342548078125 0.4255698 0.728912928125 0.4255698 0.720232371875 0.44693732343750003 0.7222355765625 0.40598290625000005 0.7168936968749999 0.400641025 0.71422275625 0.44693732343750003 0.70420673125 0.4585113953125 0.70420673125 0.44426638125 0.701535790625 0.437143875 0.698197115625 0.44070512968750003 0.6975293796875001 0.4611823359375 0.692855234375 0.49145299218750005 0.6881810890625 0.4736467234375 0.6901842953124999 0.44604700781249995 0.6961939109374999 0.43892450156249996 0.6935229703125 0.43625356093749995 0.6861778843749999 0.44248575468749995 0.6881810890625 0.43180199375 0.6968616453124999 0.4113247859375 0.6921875 0.4113247859375 0.6801682687499999 0.43269230781249995 0.6915197656250001 0.3855056984375 0.6935229703125 0.3712606828125 0.6901842953124999 0.3712606828125 0.682171475 0.4042022796875 0.670819978125 0.43002136718750006 0.66347489375 0.44070512968750003 0.6501201921875001 0.4674145296875 0.6614716875 0.42913105468749996 0.670819978125 0.37660256406250003 0.6694845078125 0.33208689375 0.670819978125 0.2973646734375 0.6668135687500001 0.2973646734375 0.6648103625 0.34099002968750003 0.6654780984374999 0.38194444375000003 0.6561298078125 0.42200854843749996 0.645446046875 0.37304131093750004 0.6414396375 0.33208689375 0.6367654921875 0.33208689375 0.6394364312499999 0.38016381718750003 0.6214075859375 0.4246794875 0.62073985 0.41310541250000005 0.626749465625 0.3961894578125 0.626749465625 0.38817663750000003 0.616733440625 0.3961894578125 0.623410790625 0.3703703703125 0.626749465625 0.337428775 0.6220753203125 0.33653846249999997 0.616733440625 0.34455128125 0.6127270296875 0.34544159531249996 0.6133947656250001 0.36769942968749997 0.6093883546875001 0.37749287656249997 0.6067174140625 0.35701566875 0.6087206203125 0.3481125359375 0.6187366453124999 0.3044871796875 0.6194043796875001 0.28400997031249997 0.6153979703125 0.27955840468750004 0.6127270296875 0.30537749375 0.60738515 0.324074075 0.601375534375 0.33030626875 0.59536591875 0.3142806265625 0.5913595078125 0.3035968671875 0.5873530984374999 0.3214031328125 0.5826789531250001 0.33119658125 0.5759440109375 0.36710069375 0.5710611984375 0.37144097343750004 0.56943359375 0.346484375 0.571875 0.32803819375 0.5775716140625 0.30633680625 0.5832682296875 0.29765625 0.5808268234375 0.29331597343750004 0.5710611984375 0.30308159843750004 0.5653645828125 0.32586805625 0.5604817703125 0.3009114578125 0.5588541671875 0.2759548609375 0.54990234375 0.28355034843750004 0.54501953125 0.29006076406250003 0.54013671875 0.26727430625 0.5360677078125 0.25750868125 0.5336263015625 0.26401909843750004 0.53525390625 0.29657118125 0.5295572921875 0.28029513906250003 0.5246744796875 0.2412326390625 0.52060546875 0.24014756875 0.5258534140625 0.2878179375 0.53401104375 0.3078982609375 0.5308734937499999 0.3171017390625 0.536521084375 0.3422021421875 0.5346385546875 0.35977242343750004 0.5346385546875 0.3865461859375 0.5252259031250001 0.36228246249999996