1 0.122418090625 0.20358499531250002 0.10016025625 0.2107075015625 0.084579771875 0.21783001093749998 0.06899928749999999 0.22970085468749998 0.083689459375 0.2308879390625 0.09704415937500001 0.22495251718749998 0.1121794875 0.23444919375 0.1357727921875 0.24572649531250002 0.1451210828125 0.2463200375 0.153579059375 0.24216524218750002 0.1544693734375 0.23029439843750002 0.1393340453125 0.20833333281250002 0.122418090625 0.20358499531250002
1 0.3387642453125 0.4410019 0.308938746875 0.42616334375 0.2764423078125 0.39826685624999997 0.25373931562499996 0.3840218421875 0.2261396015625 0.3632478625 0.20610754999999997 0.34840930625 0.2127849 0.37333808125 0.23682336249999997 0.3952991453125 0.2644230765625 0.4202279203125 0.294248575 0.44040835625 0.330751425 0.4516856609375 0.34188034218749996 0.4487179484375 0.3387642453125 0.4410019
1 0.6321225078125 0.8713200375 0.6361289171875 0.8903133890625 0.6441417375 0.8968423546875 0.65616096875 0.88912630625 0.6548254984375 0.86894586875 0.653490028125 0.8523266859374999 0.6770833328125 0.8333333328125001 0.70601851875 0.8072174734375 0.7202635328125 0.7799145296875001 0.721153846875 0.7555792984374999 0.6957799140625001 0.7460826203125001 0.66194800625 0.7514245015625 0.6187678062499999 0.76923076875 0.5684651 0.8036562203125 0.521278490625 0.8422364671875 0.4981303421875 0.883784425 0.42423433125 0.9176163328125 0.421563390625 0.9389838562499999 0.42245370312499997 0.9787511875 0.4522792015625 0.9496676171875 0.4994658125 0.9176163328125 0.56801994375 0.9021842359375001 0.6187678062499999 0.8790360875 0.6321225078125 0.8713200375
1 0.7572115390625 0.42972459531249996 0.7358440171875 0.4172602078125 0.7122507125 0.41369895625 0.6828703703125 0.4071699890625 0.678863959375 0.41844729375 0.689992878125 0.4255698 0.7109152421875 0.43862773125 0.7496438750000001 0.4546533703125 0.7736823359375 0.45584045624999997 0.76923076875 0.43744064531250004 0.7572115390625 0.42972459531249996
1 0.8538105406250001 0.3501899328125 0.8538105406250001 0.3448480546875 0.8368945875 0.34840930625 0.8368945875 0.33119658125 0.8364494296875 0.3252611578125 0.8257656687500001 0.33653846249999997 0.8244301999999999 0.35078347499999996 0.8012820515625 0.3674026578125 0.797275640625 0.40301519375000006 0.799501425 0.4202279203125 0.815972221875 0.40301519375000006 0.8319978625 0.3751187078125 0.8337784906250001 0.3644349484375 0.8422364671875 0.3579059828125 0.8538105406250001 0.3501899328125
1 0.821314103125 0.4884852796875 0.821759259375 0.49976258281249997 0.8355591171875 0.508072175 0.8515847578125 0.5128205125 0.8600427343750001 0.5074786328124999 0.8569266375 0.49857549843750004 0.841346153125 0.49145299218750005 0.821314103125 0.4884852796875
1 0.7589921656249999 0.31517093906250004 0.7438568375 0.3074548921875 0.7291666671875 0.3074548921875 0.7260505703125 0.2961775875 0.7198183765625 0.28964862343750003 0.71848290625 0.2955840453125 0.7202635328125 0.3116096875 0.7175925921874999 0.3294159546875 0.734953703125 0.34425451093750004 0.7514245015625 0.35137701875 0.7616631046875 0.3430674265625 0.76923076875 0.33891263125000004 0.7670049859375 0.3258547 0.7589921656249999 0.31517093906250004
1 0.6797542734375 0.21308167031249997 0.672631765625 0.1946818609375 0.6766381765625 0.2071462484375 0.6735220796875 0.22673314375000003 0.658831909375 0.2481006640625 0.6512642453125 0.2659069328125 0.6521545578125 0.27718423593749997 0.6623931625 0.28964862343750003 0.672631765625 0.2825261171875 0.6833155265624999 0.2682811015625 0.6855413109375 0.23326210781249998 0.6797542734375 0.21308167031249997
1 0.866343896875 0.23131846718750002 0.8685446015625 0.21517996875 0.86927816875 0.2102895140625 0.8604753515624999 0.21664710468749998 0.856440728125 0.19953051718749998 0.8502053984375 0.1975743359375 0.849838615625 0.20393192500000001 0.8432365031250001 0.21517996875 0.8447036390625 0.2269170578125 0.8516725359375 0.23914319218750002 0.8579078640625 0.24109937499999998 0.8597417843749999 0.2381651015625 0.8678110328124999 0.2518583734375 0.8711120890625 0.24696791875000002 0.866343896875 0.23131846718750002
1 0.9330985921874999 0.19268388125 0.924662559375 0.1877934265625 0.9184272296874999 0.1961071984375 0.9151261734375 0.2034428796875 0.9092576296875 0.21517996875 0.900821596875 0.22349373906249997 0.8945862671875 0.22936228593750002 0.9081572765624999 0.2371870109375 0.92026115 0.22936228593750002 0.9297975359375 0.22055946875000002 0.9330985921874999 0.19268388125
1 0.9866490609375 0.12519561875000002 0.9815140843749999 0.10514475781249999 0.9657423703125 0.09487480468750001 0.9499706578125 0.0978090765625 0.9463028171874999 0.08802816875 0.9411678406249999 0.08656103281250001 0.9426349765625 0.0987871671875 0.9294307515625 0.10074335000000001 0.9415346250000001 0.11199139375 0.9499706578125 0.1154147109375 0.9587734734375 0.1247065734375 0.9675762906250001 0.12715179999999998 0.9822476531250001 0.1276408453125 0.9866490609375 0.12519561875000002
1 0.5582453046875 0.1789906109375 0.56081279375 0.172143975 0.5494424875 0.166764475 0.5457746484375 0.1696987484375 0.536605046875 0.18632629218750002 0.53036971875 0.19953051718749998 0.5281690140624999 0.2142018765625 0.5314700703125 0.2210485125 0.5395393187499999 0.2088223796875 0.546875 0.1961071984375 0.5542106812500001 0.18681533749999998 0.5582453046875 0.1789906109375
1 0.10628633750000001 0.3276405046875 0.11173691875 0.32037306249999997 0.13353924374999998 0.3015988375 0.1544331390625 0.27979651250000004 0.17260174374999998 0.2622335265625 0.1944040703125 0.2598110453125 0.2607194765625 0.2646560078125 0.2748001453125 0.27192345 0.2748001453125 0.27919089218750004 0.259811046875 0.2828246125 0.25663154062500004 0.2955426359375 0.2698037796875 0.31007751875 0.284792878125 0.3306686046875 0.3025072671875 0.3488372078125 0.32658066875 0.3682170546875 0.3311228203125 0.3803294578125 0.4001635171875 0.48146802343750006 0.4283248546875 0.5287063953125 0.4819222390625 0.6128875984375 0.5146257265624999 0.67102713125 0.53052325625 0.6928294578124999 0.544149709375 0.6910125984375 0.5750363375 0.6922238375 0.599563953125 0.7079699609375 0.622274709375 0.7364341078125001 0.622728925 0.7255329453125 0.62182049375 0.68980135625 0.6181867734375001 0.6552810078125 0.620003634375 0.5922965125 0.6181867734375001 0.56807170625 0.6109193312500001 0.5432412796875 0.602743459375 0.51477713125 0.605922965625 0.5081153109375001 0.644985465625 0.4917635671875 0.677688953125 0.46329941874999997 0.6649709296874999 0.46329941874999997 0.6154614828125 0.48025678281250006 0.5932049421875 0.4760174421875 0.588208575 0.4384689921875 0.5841206390625 0.3875969 0.5763989828125 0.35307655 0.5699823937499999 0.34233176875 0.5659477703125 0.3584702671875 0.557144953125 0.40248435000000005 0.534037559375 0.3692292640625 0.516431925 0.33939749531249996 0.48855633750000005 0.3149452265625 0.4738849765625 0.29685054843750003 0.46288145468749997 0.27337636875000004 0.4427083328125 0.24305555625 0.4232687796875 0.22447183124999998 0.400894953125 0.20491001718750002 0.38328931875 0.18877151875 0.3612822765625 0.1785015640625 0.3378080984375 0.16823161250000002 0.3191021125 0.1613849765625 0.3205692484375 0.16823161250000002 0.329372065625 0.1892605625 0.342943075 0.2146909234375 0.35137910781250004 0.2371870109375 0.336707746875 0.22887323906249998 0.29526115 0.20393192500000001 0.2582159625 0.1804577453125 0.23254107968749999 0.1755672921875 0.2075763078125 0.19985465156249999 0.19077034843750001 0.2246850765625 0.17260174374999998 0.2422480625 0.1580668609375 0.24890988281249998 0.13671875 0.2622335265625 0.10537790625000001 0.2925145359375 0.10628633750000001 0.3276405046875
1 0.275054465625 0.32815904218749997 0.2570125265625 0.3231663046875 0.2563317 0.33405955 0.248502178125 0.3494916484375 0.244076796875 0.3667392875 0.25258714531250004 0.3826252734375 0.263139978125 0.38580246875 0.270629084375 0.3576615828125 0.2753948796875 0.3399600578125 0.275054465625 0.32815904218749997
1 0.164419934375 0.42665214218749997 0.15284586093750002 0.41802832343749996 0.1331018515625 0.4130355859375 0.12322984687500001 0.4221132890625 0.121527778125 0.4284676828125 0.1262935734375 0.43890704375 0.1446759265625 0.44163035624999997 0.15386710312500002 0.44389978125 0.165781590625 0.4429920125 0.16101579531250002 0.43890704375 0.164419934375 0.42665214218749997
1 0.051402504687499996 0.5573710953125001 0.05208333281250001 0.5469317359375 0.05174291875 0.53785403125 0.04289215625 0.5305918671875001 0.0292755984375 0.5255991296875 0.00748910625 0.5296840953124999 0.0061274515625 0.54012345625 0.0017020703125000002 0.5573710953125001 0.0040849671875 0.5614560640625 0.0159994546875 0.56554103125 0.034722221875 0.56554103125 0.049360021875 0.5641793749999999 0.051402504687499996 0.5573710953125001
3 0.2260257640625 0.6750954203124999 0.23854961874999997 0.6591921125 0.248091603125 0.6432888046875 0.2665791984375 0.6321564890625 0.2731393125 0.64408396875 0.2880486640625 0.64726463125 0.29281965625 0.6321564890625 0.2975906484375 0.61307251875 0.3053435109375 0.59239821875 0.30832538125000003 0.5645674296875 0.3095181296875 0.53753180625 0.32442748125 0.5423028000000001 0.3333730921875 0.5804707375 0.3423187015625 0.6114821874999999 0.36020992343749997 0.6162531812500001 0.392414121875 0.6114821874999999 0.415672709375 0.5908078875 0.43117843437500003 0.5661577609374999 0.4329675578125 0.5367366421875001 0.42223282500000003 0.5001590328125001 0.388239503125 0.45562977031249996 0.372733778125 0.4468829515625 0.33933683281250004 0.47868956718750005 0.33396946562499996 0.5009541984375 0.31667461874999997 0.5271946562500001 0.2731393125 0.515267175 0.25644083906250004 0.5311704828125 0.2427242359375 0.55820610625 0.2337786265625 0.5780852421875 0.21648377812500003 0.5884223921875 0.20395992343749997 0.5836514 0.1830868328125 0.5677480921875 0.15625 0.5605916015625 0.1353769078125 0.5693384234375001 0.10078721406249999 0.57172391875 0.08885973281250001 0.5772900765625 0.0703721375 0.6083015265625 0.058444656250000004 0.62659033125 0.0322041984375 0.6536259546875 0.021469465625 0.6822519078125 0.0005963734375 0.7053117046875 0.002385496875 0.7355279890624999 0.002385496875 0.7609732828125 0.0280295796875 0.7681297703125 0.033993320312500006 0.7824427484375 0.049499045312500004 0.7943702296875 0.0512881671875 0.8158396937499999 0.0638120234375 0.8365139953125 0.072161259375 0.8452608140625 0.1139074421875 0.8126590328125 0.1377624046875 0.78800890625 0.15982824375 0.7649491109375 0.17831583906249998 0.7458651390625 0.19918893124999998 0.7291666671875 0.1926288171875 0.7013358765625 0.1962070609375 0.6878180671874999 0.2260257640625 0.6750954203124999
3 0.1061545796875 0.9891857500000001 0.1359732828125 0.9780534359375 0.1723521 0.9541984734375 0.1908396953125 0.92716285 0.2212547703125 0.9056933828125 0.2397423671875 0.8754771 0.2427242359375 0.8595737921875 0.248091603125 0.8245865140624999 0.23795324375 0.7999363875000001 0.20157442812499998 0.7927798984375001 0.1532681296875 0.8007315515625001 0.08885973281250001 0.8396946562500001 0.07454675625 0.8516221375 0.050691793750000005 0.8794529265625 0.0286259546875 0.9144402046875 0.012523854687499999 0.9398854953125 0.0047709921875 0.97010178125 0.00625 0.9979166671874999 0.1061545796875 0.9891857500000001
3 0.217647059375 0.2769607828125 0.2227941171875 0.2818627453125 0.236397059375 0.2862745109375 0.2818904390625 0.4708721765625 0.33740550156250004 0.7444945796875 0.3411259546875 0.745069975 0.339461615625 0.7546287421875 0.338144084375 0.7562022890625 0.34151772812500003 0.76476290625 0.3351622140625 0.76733460625 0.3390386453125 0.7800572515625 0.3435738421875 0.77489706875 0.3456299546875 0.78503123125 0.34828244218750004 0.7872137390625 0.34291507656250003 0.7927798984375001 0.34768606874999997 0.79516539375 0.35573711874999997 0.7907919859375 0.39897423593750003 0.8118638671875 0.38645038125000003 0.8365139953125 0.3125 0.8953562328125001 0.2886450375 0.9247773546875001 0.271946565625 0.9510178125 0.2409351140625 0.9852099234375 0.2375 0.9979166671874999 0.6703125 0.9979166671874999 0.68404103125 0.9621501265625 0.69954675625 0.9295483453125 0.6846374046875 0.9033078874999999 0.662571565625 0.8929707375 0.6452767171875 0.8937659046875 0.63692748125 0.8730916015625001 0.611283396875 0.8762722640625 0.592199428125 0.8874045796875001 0.5653625953125 0.9072837140625 0.537333015625 0.9176208640624999 0.4991650765625 0.9176208640624999 0.4872375953125 0.9223918578125 0.4735209921875 0.8876696359375 0.49021946562499996 0.8786577609374999 0.5116889312499999 0.8635496187499999 0.5188454203124999 0.8476463109375001 0.55880248125 0.8078880421875001 0.6047232828125 0.7808524171875 0.6303673671875 0.7697201015624999 0.646469465625 0.7569974562499999 0.6405057249999999 0.7442748078125 0.595777671875 0.7116730265625 0.5641698468749999 0.7005407124999999 0.5236164125 0.69179389375 0.509899809375 0.6941793890625 0.49499045781250006 0.6822519078125 0.48843034375 0.6798664125 0.43952767187499997 0.7005407124999999 0.39599236718749997 0.7045165390625 0.3721374046875 0.7108778625000001 0.27983432656249996 0.4607380140625 0.2448803984375 0.2884572421875 0.2602941171875 0.2892156859375 0.26801470625 0.28676470625 0.27647058750000003 0.28039215624999997 0.276102940625 0.2730392171875 0.2720588234375 0.26862745 0.2412990203125 0.2647058828125 0.2387120578125 0.2580547546875 0.22226315156249998 0.17698144843750002 0.24448529375 0.18088235156250002 0.33676470625 0.2299019609375 0.3375 0.2240196078125 0.325367646875 0.18676470625 0.317647059375 0.1661764703125 0.30698529375 0.14754901874999998 0.280882353125 0.1318627453125 0.251102940625 0.1215686265625 0.21360294062500002 0.11372548906249999 0.20992647031249997 0.1161764703125 0.21038602968750003 0.1234375 0.211982584375 0.1263106328125 0.2071691171875 0.1331495109375 0.20208333281250002 0.12450980468749999 0.186397059375 0.1411764703125 0.18676470625 0.15392156875000002 0.18051470625 0.17843137343749998 0.16433823593750002 0.19411764843749998 0.1595588234375 0.2019607828125 0.1540441171875 0.2401960796875 0.1685661765625 0.2496936265625 0.1653492640625 0.2594056375 0.1702205875 0.2671568625 0.16213235312500002 0.2691176484375 0.16433823593750002 0.2818627453125 0.1830882359375 0.2901960796875 0.217647059375 0.2769607828125