1 0.5674019609375 0.2120098046875 0.5692401953124999 0.20669934531249998 0.5707720593750001 0.20057189531250003 0.5704656859375 0.1928104578125 0.56954656875 0.1834150328125 0.5686274515624999 0.1752450984375 0.568321078125 0.1691176484375 0.562806371875 0.1752450984375 0.5606617640625 0.18137255000000002 0.559742646875 0.18995098125 0.5606617640625 0.19771241875 0.5615808828125 0.2042483671875 0.5606617640625 0.20915032656250002 0.562193628125 0.21486928125000002 0.565563725 0.2177287578125 0.5674019609375 0.2120098046875
1 0.6470588234375 0.18464052343749998 0.646446078125 0.17565359375 0.6473651953124999 0.17034313750000002 0.64613970625 0.16217320156249998 0.6427696078125 0.15931372500000002 0.6372549015625 0.1552287578125 0.63511029375 0.15931372500000002 0.6341911765625 0.1638071890625 0.637561275 0.16789215625 0.640625 0.1760620921875 0.6427696078125 0.1821895421875 0.6439950984375 0.17728758125 0.6470588234375 0.18464052343749998
1 0.6142769609375 0.3921568625 0.6216299015625 0.3909313734375 0.6200980390625 0.38357843125 0.6167279406249999 0.3799019609375 0.608149509375 0.37745098125 0.60079656875 0.37745098125 0.5962009796875 0.3827614375 0.5971200984375 0.38725490156250003 0.6017156859375 0.390522875 0.6069240203125 0.39460784375 0.6056985296875 0.3888888890625 0.6078431375 0.3909313734375 0.6099877453125 0.39297385625 0.6142769609375 0.3921568625
1 0.762867646875 0.5559640515625001 0.771446078125 0.5563725500000001 0.7766544125 0.55392156875 0.7708333328125 0.546977125 0.7650122546875 0.5449346390625001 0.7591911765625 0.5449346390625001 0.754289215625 0.5477941171875 0.751225490625 0.5486111109375 0.746936275 0.5473856203125 0.7493872546875 0.55228758125 0.745710784375 0.5551470578125001 0.7506127453125 0.5543300640625 0.7545955875 0.5563725500000001 0.762867646875 0.5559640515625001
1 0.826899509375 0.8112745109375 0.8219975484375001 0.8080065359375 0.81801470625 0.8088235296875 0.8186274515624999 0.8153594765625 0.8219975484375001 0.8218954249999999 0.827818628125 0.8231209140625 0.832414215625 0.8198529421874999 0.8318014703125 0.8161764703125 0.826899509375 0.8112745109375
1 0.8189338234375001 0.4227941171875 0.8131127453125 0.4150326796875 0.8072916671874999 0.41053921718749997 0.8005514703125 0.40849673124999997 0.8017769609375 0.41380718906249997 0.8051470593750001 0.4207516328125 0.8103553921875 0.42687908593749996 0.8161764703125 0.43300653593750005 0.8204656859374999 0.43300653593750005 0.8189338234375001 0.4227941171875
1 0.7935049015625 0.48774509843749997 0.7895220593750001 0.4852941171875 0.78676470625 0.48978758125 0.7876838234375 0.49795751718750003 0.7904411765625 0.5028594765625 0.79289215625 0.50857843125 0.796568628125 0.50857843125 0.798100490625 0.5044934640625 0.797181371875 0.49468954218750005 0.7935049015625 0.48774509843749997
1 0.734375 0.4625 0.7359375 0.46845238125 0.7381696421874999 0.4654761890625 0.744196428125 0.46160714374999995 0.7388392859375 0.4595238109375 0.7392857140625 0.45565476250000003 0.7372767859375 0.4455357140625 0.7328125 0.43869047656250004 0.7272321421875 0.43541666718750005 0.720758928125 0.4327380953125 0.716741071875 0.4357142859375 0.7116071421875 0.43869047656250004 0.7158482140625 0.4467261890625 0.7189732140625 0.45416666718750004 0.7225446421874999 0.4577380953125 0.728571428125 0.46279761875 0.734375 0.4625
1 0.7291666671875 0.8233173078125 0.7296674671875001 0.8146367515625 0.7196514421875 0.8092948703125 0.71063701875 0.8086271375 0.7101362171875001 0.8179754265625 0.7141426281250001 0.8226495734375 0.7181490390625 0.8293269234375 0.7181490390625 0.8239850437499999 0.723657853125 0.8266559828125001 0.7351762828124999 0.8286591874999999 0.7291666671875 0.8233173078125
1 0.7840401781249999 0.8375850328125001 0.78125 0.8404282765625 0.7828443875 0.8492772109375 0.7880261484375 0.8519345234375001 0.7959980875 0.8471513609375 0.7932079078125 0.8418367359375001 0.79679528125 0.8359906453124999 0.7900191328124999 0.8375850328125001 0.7840401781249999 0.8375850328125001
3 0 0.9979166671874999 0.5828125 0.9979166671874999 0.5780029296875 0.9879557296874999 0.572509765625 0.9749348953125001 0.57861328125 0.9537760421874999 0.58349609375 0.9293619796874999 0.592041015625 0.9114583328125001 0.6085205078125 0.908203125 0.616455078125 0.8968098953125001 0.61767578125 0.8732096359374999 0.6121826171875 0.8585611984374999 0.614013671875 0.8390299484374999 0.611572265625 0.82275390625 0.618896484375 0.8072916671874999 0.6268310546875 0.80322265625 0.618896484375 0.7861328125 0.6195068359375 0.7731119796875 0.6072998046875 0.7552083328125 0.6085205078125 0.7356770828125 0.6085205078125 0.7218424484375 0.6024169921875 0.7080078125 0.5914306640625 0.6974283859375 0.57861328125 0.6925455734375 0.57373046875 0.6982421875 0.5767822265625 0.7137044265625 0.570068359375 0.7169596359375 0.560302734375 0.6998697921875 0.5450439453125 0.6884765625 0.5279541015625 0.6844075515625 0.518798828125 0.6787109375 0.5084228515625 0.6673177078125 0.4888916015625 0.65185546875 0.4693603515625 0.6404622390625 0.4595947265625 0.62744140625 0.4534912109375 0.6111653640625 0.4364013671875 0.6119791671875 0.42236328125 0.6184895828125 0.4229736328125 0.6282552078125 0.4071044921875 0.6339518234375 0.39306640625 0.6494140625 0.3863525390625 0.63720703125 0.3759765625 0.634765625 0.3643798828125 0.62255859375 0.34912109375 0.62744140625 0.3399658203125 0.6355794265625 0.3350830078125 0.6502278640625 0.32470703125 0.6510416671875 0.313720703125 0.6380208328125 0.2984619140625 0.6306966140625 0.303955078125 0.60791015625 0.3131103515625 0.5891927078125 0.30517578125 0.5777994796875 0.291748046875 0.5867513015625 0.2825927734375 0.60546875 0.29052734375 0.5769856765625 0.29296875 0.5387369796875 0.283203125 0.5330403640625 0.2777099609375 0.5216471359375 0.269775390625 0.5240885421875 0.264892578125 0.5192057296875 0.2484130859375 0.4988606765625 0.2374267578125 0.4720052078125 0.232058625 0.45597484374999997 0.221950809375 0.4554132984375 0.20763140156249998 0.4632749328125 0.19710242656250002 0.4666442046875 0.1912062 0.46159029531250007 0.186152290625 0.45316711718749997 0.18067722343749998 0.44362084375000005 0.17520215625 0.4340745734375 0.167200134375 0.427897575 0.16004043125 0.4318283921875 0.1507749328125 0.44193620781250004 0.144457546875 0.4363207546875 0.136455525 0.43014375625 0.1309804578125 0.4177897578125 0.1238207546875 0.41273584999999996 0.11497641562500001 0.40655884999999997 0.1040262796875 0.4071203953125 0.09981469062500001 0.4071203953125 0.0934973046875 0.4116127578125 0.07412398906249999 0.40655884999999997 0.061068059375 0.4026280328125 0.0469970703125 0.4142252609375 0.0384521484375 0.4215494796875 0.03173828125 0.41015625 0.0244140625 0.40283203125 0.0140380859375 0.4036458328125 0.001220703125 0.4069010421875 0 0.9979166671874999
3 0.007127193749999999 0.39766081875000003 0.023026315624999998 0.39619883125 0.0290570171875 0.40423976718750004 0.0400219296875 0.41301169531250004 0.049890351562500004 0.40716374218749996 0.058114034375 0.39766081875000003 0.0756578953125 0.40350877343749997 0.09923245625 0.40570175468749997 0.11019736875 0.40570175468749997 0.120614034375 0.4064327484375 0.1299342109375 0.41739766093749997 0.1359649125 0.4276315796875 0.15021929843749998 0.43859649218749996 0.15625 0.43347953125 0.1666666671875 0.4247076015625 0.17817982500000001 0.43640350781250004 0.1858552625 0.4510233921875 0.19956140312499998 0.4597953203125 0.2110745609375 0.45614034999999997 0.22149122812500002 0.4502923984375 0.2330043859375 0.45321637499999995 0.2401315796875 0.47295321718750005 0.2516447375 0.5 0.2686403515625 0.5190058484375 0.28125 0.5197368421874999 0.28508771875 0.5307017546874999 0.294956140625 0.5409356734374999 0.2938596484375 0.5621345015625 0.2944078953125 0.5796783624999999 0.30646929843750004 0.5745614046874999 0.3146929828125 0.5884502921875 0.3108552625 0.60233918125 0.304276315625 0.6154970750000001 0.304276315625 0.6279239765625 0.315241228125 0.6359649125 0.3256578953125 0.6483918125 0.334429825 0.6491228062500001 0.33991228125 0.6359649125 0.3486842109375 0.62573099375 0.366776315625 0.6198830421875 0.3771929828125 0.6323099421875 0.3892543859375 0.63815789375 0.3930921046875 0.646929825 0.40953947343749997 0.6315789484375001 0.42324561406249994 0.6271929828125 0.4221491234375 0.6213450296875 0.4265350875 0.6111111109375 0.4375 0.6096491234375 0.455043859375 0.61476608125 0.4588815796875 0.6271929828125 0.471491228125 0.6418128640625 0.49067982499999996 0.6527777765625 0.5032894734375 0.6673976609375 0.5153508765625 0.6739766078125 0.5307017546874999 0.6827485375 0.5400219296875 0.6747076015625 0.5400219296875 0.6535087734375 0.555921053125 0.6542397671875 0.566885965625 0.6432748546875 0.5685307015625 0.6271929828125 0.5603070171875 0.6125731 0.563596490625 0.603070175 0.5712719296875 0.6045321640625 0.5751096484375 0.5928362578125 0.56633771875 0.5840643265625001 0.5537280703125 0.56871345 0.5389254390625 0.5577485375 0.5252192984375 0.54605263125 0.506578946875 0.5453216375000001 0.501096490625 0.5299707609375 0.4895833328125 0.521929825 0.47203947343749997 0.5080409359375 0.46491228125 0.4934210515625 0.4490131578125 0.49049707500000006 0.44188596562500004 0.47880116875 0.43037280625 0.4722222234375 0.423793859375 0.46418128750000004 0.4265350875 0.4480994140625 0.4287280703125 0.43421052656250003 0.42105263125 0.4298245609375 0.4150219296875 0.41812865468749993 0.4216008765625 0.4005847953125 0.4248903515625 0.3823099421875 0.44298245625000005 0.3808479546875 0.45449561406249994 0.3691520453125 0.46217105312499995 0.36038011718749996 0.46929824531250003 0.3676900578125 0.48300438593750006 0.3728070171875 0.49561403437499996 0.3691520453125 0.4940257359375 0.35768995000000003 0.5026424625 0.3354779421875 0.5043658093750001 0.31556372499999996 0.4934512875 0.3048406859375 0.4923023890625 0.2925857828125 0.49000459531249996 0.27420343125 0.48196231562499997 0.2688419125 0.4658777578125 0.2688419125 0.46128216875000005 0.26194852968750004 0.4538143375 0.2489276953125 0.45151654375000005 0.23360906875 0.4423253671875 0.23207720625 0.43600643437500003 0.22212009843749997 0.44577205937500003 0.2182904421875 0.46070772031249996 0.2090992640625 0.4647288609375 0.19607843125 0.46070772031249996 0.1784620109375 0.4532398890625 0.1639093140625 0.45151654375000005 0.1416973046875 0.45553768437500003 0.1302083328125 0.4744944859375 0.1348039203125 0.48787150312499994 0.13111888124999999 0.5004370625 0.12092074531250001 0.503715034375 0.10343822968750001 0.5004370625 0.0917832171875 0.48951048906250005 0.0859557109375 0.4856861890625 0.06774475625000001 0.4801985984375 0.052570093750000005 0.47946845781249997 0.039914331250000004 0.467056075 0.02433800625 0.4572368421875 0.0175438609375 0.45065789531249995 0.01315789375 0.451206140625 0.0029239765625 0.44407894687500005 0 0.001096490625 0.0021929828125 0.0016447375 0.3932748546875 0.007127193749999999 0.39766081875000003
3 0.6852678578125 0.42619047656250003 0.697321428125 0.42142857031250003 0.7205357140624999 0.4232142859375 0.73125 0.4238095234375 0.7450892859375 0.41845238125 0.755803571875 0.40654761875 0.7665178578125 0.4142857140625 0.778125 0.40416666718750005 0.7924107140625 0.4047619046875 0.8022321421875 0.3964285703125 0.7991071421875 0.38154761875 0.7897321421875 0.3660714296875 0.778571428125 0.35595238125 0.765178571875 0.3416666671875 0.753125 0.33809523750000003 0.7410714281249999 0.3261904765625 0.740625 0.3089285703125 0.7267857140625 0.30654761875 0.71875 0.2976190484375 0.7102678578125 0.2851190484375 0.7040178578125 0.2738095234375 0.706696428125 0.2577380953125 0.7142857140625 0.25833333281250004 0.7267857140625 0.2535714296875 0.7375 0.2404761890625 0.7375 0.22678571406249998 0.7290178578125001 0.22619047656250002 0.7249579125000001 0.2181537609375 0.7302188546874999 0.19851290625 0.7170664984374999 0.18588664375 0.709175084375 0.17326038125 0.700757575 0.1592312 0.6949705390625 0.1452020203125 0.6860269359375 0.1395903484375 0.6765572390625 0.13327721718750002 0.6681397312499999 0.1262626265625 0.6728745796875 0.1108305265625 0.6744528625 0.0925925921875 0.6734006734375 0.0799663296875 0.6665614484375 0.07295173906249999 0.65077861875 0.0778619515625 0.6486742421875 0.0638327734375 0.64972643125 0.0498035921875 0.6570917515625 0.03928170625 0.66235269375 0.021043770312499998 0.65656565625 0.01402918125 0.6518308078125 0.00140291875 0.45401936093749995 0 0.45401936093749995 0.01122334375 0.4613846796875 0.016133557812499998 0.4761153203125 0.0294612796875 0.4813762625 0.0399831640625 0.4813762625 0.0533108875 0.48821548750000004 0.0666386078125 0.49031986562499996 0.0827721671875 0.5013678453125 0.0904882140625 0.5055766 0.1038159375 0.5008417515625 0.12275533125 0.4897937703125 0.1325757578125 0.4771675078125 0.1367845125 0.47085437656250007 0.133978675 0.45559764375 0.13327721718750002 0.45401936093749995 0.1452020203125 0.45559764375 0.1620370375 0.46191077500000005 0.17817059531249999 0.465593434375 0.1978114484375 0.459806396875 0.21043771093750002 0.44928451249999996 0.2181537609375 0.43981481406249995 0.2230639734375 0.44454966406249996 0.2293771046875 0.45559764375 0.2342873171875 0.45664983125 0.2476150390625 0.4603324921875 0.25953984375 0.46927609375 0.2651515140625 0.485058921875 0.2665544328125 0.4918981484375 0.27567339999999996 0.4918981484375 0.2854938265625 0.49400252499999997 0.3030303015625 0.5050505046875 0.316358025 0.503472221875 0.3324915828125 0.49400252499999997 0.35563973125000004 0.496632996875 0.3703703703125 0.48190235625 0.3738776640625 0.46822390625 0.3675645328125 0.46296296249999996 0.3619528625 0.45401936093749995 0.3696689109375 0.44297138125 0.3843995515625 0.425084175 0.3836980921875 0.4229797984375 0.39983165 0.4171927609375 0.4194725015625 0.42245370312499997 0.4278900109375 0.43192339999999996 0.432800225 0.42718855156249996 0.4510381578125 0.42613636406250005 0.46506733906250003 0.43192339999999996 0.4685746359375 0.44349747500000003 0.48190235625 0.44981060624999997 0.48961840624999997 0.46664562343749993 0.49382716093749995 0.47506313125000005 0.5085578 0.4892676765625 0.5204826046875 0.503472221875 0.5281986546875 0.50610269375 0.5436307515625 0.5266203703125 0.5464365875 0.540824915625 0.5569584734374999 0.5555555562500001 0.5681818187500001 0.5666035359375 0.58080808125 0.5760732328125 0.59343434375 0.56923400625 0.6046576875 0.5644991578125 0.6039562296875001 0.5608164984374999 0.6165824921875 0.56923400625 0.6292087546875 0.565025253125 0.6467452296875 0.553451178125 0.65656565625 0.5429292921875 0.6572671140625 0.5429292921875 0.665684625 0.5366161609375 0.68462401875 0.5434553875 0.6860269359375 0.5518728953125 0.68953423125 0.56239478125 0.700757575 0.5702861953125 0.7133838375 0.5765993265625 0.7133838375 0.5729166671875 0.6951459046874999 0.5818602687500001 0.69093715 0.5923821546875 0.6951459046874999 0.6018518515625 0.7042648703125 0.6097432656249999 0.7218013453125 0.6113215484375 0.7330246921875 0.6076388890625 0.7561728390625 0.621843434375 0.7702020203125 0.6197390578124999 0.7863355765625 0.628156565625 0.8052749734375 0.618160775 0.8094837265624999 0.6134259265625001 0.8235129062500001 0.616056396875 0.8403479234375 0.6139520203125 0.8585858578125001 0.6197390578124999 0.8740179578125 0.616056396875 0.8992704828125 0.6102693609375 0.90698653125 0.5918560609375 0.91470258125 0.5839646468749999 0.9329405171875 0.58080808125 0.9560886640625 0.5755471375 0.9764309765625001 0.58080808125 0.9890572390625 0.5871212124999999 0.9974747484375 0.9984375 0.9979166671874999 0.9984375 0.975 0.9980008421875001 0.8978675640624999 0.991161615625 0.8978675640624999 0.9753787875000001 0.8978675640624999 0.965382996875 0.8964646453125 0.953282828125 0.8796296296874999 0.9432870375 0.87191358125 0.9296085859375 0.8670033671875 0.9169823234375001 0.8592873171875001 0.9190867 0.8452581374999999 0.9275042093750001 0.8284231203125 0.9264520203125001 0.7996633 0.9169823234375001 0.7877384953125001 0.90593434375 0.78072390625 0.8922558921875 0.7842312 0.8801557234375 0.78563411875 0.8680555562500001 0.7786195296875 0.8549031984375001 0.7617845125 0.8391203703125001 0.7547699203125 0.8291245796875 0.7386363640625 0.824915825 0.7210998875 0.8186026937499999 0.7126823796874999 0.8054503359374999 0.7042648703125 0.7965067343750001 0.70216049375 0.78125 0.7028619515625001 0.7707281140625 0.7035634125 0.759680134375 0.7049663296875 0.7528409093749999 0.6923400671875 0.747053871875 0.6860269359375 0.7381102687500001 0.6741021328125 0.741266834375 0.657968575 0.7365319859375 0.64884960625 0.7260101015625 0.6467452296875 0.7165404046875 0.6432379359375 0.714962121875 0.6348204265625 0.7249579125000001 0.6271043765625001 0.7249579125000001 0.60606060625 0.722327440625 0.5906285078125 0.7170664984374999 0.5723905734375 0.702861953125 0.5618686875 0.6991792921875 0.5520482609374999 0.691287878125 0.5317059484375 0.6812920874999999 0.5127665546875 0.6964285718750001 0.50535714375 0.699553571875 0.49464285625000004 0.6982142859375 0.48333333281249996 0.696875 0.46904761875 0.687946428125 0.4595238109375 0.687053571875 0.44404761875 0.6852678578125 0.42619047656250003