1 0.7393391921875 0.1676432296875 0.751953125 0.1676432296875 0.7609049484375 0.1665581609375 0.7511393234375 0.1763237859375 0.7421875 0.18283420156250002 0.753173828125 0.1812065984375 0.7625325515625 0.1741536453125 0.7694498703125 0.1714409734375 0.7649739578125 0.1806640625 0.7706705734375 0.1790364578125 0.7808430984375 0.17849392343749998 0.7954915359375 0.17686631875 0.8064778640625001 0.17198350625 0.8174641921875001 0.1578776046875 0.823974609375 0.1470269109375 0.8256022140624999 0.1361762140625 0.8162434890625001 0.1312934015625 0.809326171875 0.1253255203125 0.7999674484375 0.12315538125 0.7950846359375 0.12586805625 0.784912109375 0.1318359375 0.7731119796875 0.1410590265625 0.7657877609375 0.146484375 0.7572428390625 0.1519097234375 0.7670084640625 0.1567925359375 0.76171875 0.1595052078125 0.7511393234375 0.1616753484375 0.7393391921875 0.1676432296875
1 0.5818684890625 0.08572048593750001 0.5879720046875 0.08626302031250001 0.5973307296875 0.09385850625 0.6070963546875 0.09602864531250001 0.6184895828125 0.0971137140625 0.6282552078125 0.09657118125 0.6392415359375 0.09168836875 0.6494140625 0.0835503484375 0.6595865890625 0.0726996515625 0.6660970046875 0.0640190984375 0.6563313796875 0.05533854218749999 0.6441243484375 0.0482855890625 0.6327311203125 0.04503038125 0.6233723953125 0.0455729171875 0.6136067703125 0.048828125 0.6034342453125 0.0580512140625 0.5908203125 0.06564670156249999 0.5814615890625 0.0726996515625 0.5745442703125 0.07161458281250001 0.5659993484375 0.07161458281250001 0.5692545578125 0.07975260468749999 0.5696614578125 0.08951822968749999 0.5818684890625 0.08572048593750001
1 0.9309895828125001 0.20887586875 0.9224446609375001 0.205078125 0.9126790359375001 0.20562066093750003 0.902099609375 0.2099609375 0.897216796875 0.21321614531250002 0.8935546875 0.224609375 0.894775390625 0.23383246406249997 0.906982421875 0.23220486093749998 0.9195963546874999 0.22515191093750003 0.9269205734374999 0.21918402656249997 0.9309895828125001 0.20887586875
1 0.9200032546875001 0.12315538125 0.926513671875 0.1144748265625 0.926513671875 0.1047092015625 0.9224446609375001 0.09548611093750001 0.9147135421874999 0.0927734375 0.9061686203124999 0.09494357656249999 0.8976236984374999 0.1003689234375 0.8907063796875001 0.09874131875 0.8894856765625001 0.1106770828125 0.8943684890625001 0.1106770828125 0.9004720046875001 0.11338975625 0.9077962234375001 0.1199001734375 0.9200032546875001 0.12315538125
1 0.2766927078125 0.0515407984375 0.2693684890625 0.06456163125 0.2775065109375 0.06184895781250001 0.2860514328125 0.05696614531250001 0.2901204421875 0.059678818749999994 0.279541015625 0.06618923593750001 0.2848307296875 0.06673177031250001 0.2958170578125 0.068359375 0.3072102859375 0.06998697968749999 0.3181966140625 0.07161458281250001 0.3304036453125 0.06564670156249999 0.3348795578125 0.0558810765625 0.3385416671875 0.0439453125 0.33203125 0.0358072921875 0.3214518234375 0.028754339062500002 0.3129069015625 0.0244140625 0.302734375 0.024956598437499998 0.291748046875 0.029296875 0.28564453125 0.0336371515625 0.2734375 0.0347222234375 0.28564453125 0.04286024375 0.2750651046875 0.0417751734375 0.2616373703125 0.0385199640625 0.264892578125 0.04286024375 0.2766927078125 0.0515407984375
1 0.2986653640625 0.39496527656249997 0.3006998703125 0.38628472343750003 0.3006998703125 0.3738064234375 0.29541015625 0.37489149374999997 0.2888997390625 0.3683810765625 0.29052734375 0.38031683906249997 0.2888997390625 0.3927951390625 0.2848307296875 0.4020182296875 0.28076171875 0.40907118125 0.2791341140625 0.41883680625 0.2823893234375 0.4280598953125 0.2864583328125 0.4351128484375 0.291748046875 0.4318576390625 0.296630859375 0.4220920140625 0.2982584640625 0.4058159734375 0.2986653640625 0.39496527656249997
1 0.1798502609375 0.4009331609375 0.1835123703125 0.39496527656249997 0.1790364578125 0.3841145828125 0.172119140625 0.3841145828125 0.1676432296875 0.3830295140625 0.1611328125 0.3830295140625 0.1566569015625 0.3830295140625 0.1493326828125 0.3830295140625 0.1481119796875 0.3884548609375 0.1521809890625 0.3971354171875 0.15869140625 0.400390625 0.169677734375 0.4009331609375 0.1798502609375 0.4009331609375
1 0.07486979218749999 0.20779079843749998 0.06998697968749999 0.21538628593750003 0.081787109375 0.21809895781250002 0.09480794218750001 0.22623697968749998 0.10498046875 0.224609375 0.113525390625 0.21213107656250002 0.1151529953125 0.19911024375 0.107421875 0.18934461875 0.098876953125 0.1801215265625 0.08870442656250001 0.1801215265625 0.07609049531249999 0.1822916671875 0.06551106718750001 0.185546875 0.076904296875 0.1904296875 0.059814453125 0.18934461875 0.06917317656250001 0.19802517343749998 0.059814453125 0.20453558906249997 0.07486979218749999 0.20779079843749998
1 0.062163978125 0.09557945 0.0532034046875 0.0985663078125 0.0481630828125 0.10454002343749999 0.054883512499999995 0.10603345156249999 0.06944444375 0.10603345156249999 0.07896505312499999 0.1030465953125 0.0716845875 0.0948327359375 0.062163978125 0.09557945
1 0.0178571421875 0.10289115625 0.0057397953125 0.11309523749999999 0.0114795921875 0.11309523749999999 0.021683673437500002 0.12244897968749999 0.03507653125 0.12329931875 0.03507653125 0.11309523749999999 0.0267857140625 0.10629251718749999 0.0178571421875 0.10289115625
3 0.41685070625 0.22305653749999999 0.41188162500000003 0.22305653749999999 0.4063604234375 0.214958775 0.40470406406250004 0.19876325 0.395870140625 0.19508245 0.3936616609375 0.20833333281250002 0.3920053 0.2237926984375 0.3864840984375 0.22452885781249998 0.3820671375 0.2142226140625 0.3715768546875 0.20391637343750002 0.3594302125 0.20538869218750003 0.3566696109375 0.21643109531250002 0.3677120140625 0.22894581875000003 0.37268109531250004 0.2436690234375 0.3787544171875 0.26060070625 0.3677120140625 0.2532391046875 0.3594302125 0.25691990625 0.3638471734375 0.2731154296875 0.368264134375 0.2922555953125 0.375441696875 0.3018256765625 0.38096289687499996 0.31728504218750003 0.3815150171875 0.3356890453125 0.385379859375 0.3592461734375 0.3892447 0.3850117796875 0.385931978125 0.4012073015625 0.3776501765625 0.3982626625 0.3666077734375 0.39752650156249997 0.35998233281249997 0.4093050640625 0.3605344515625 0.4225559484375 0.35446113125 0.44464075468750003 0.34673144843750003 0.4623085984375 0.33734540625 0.47187868125000004 0.34397084843750003 0.4534746765625 0.35446113125 0.42770906875000003 0.3505962890625 0.42623675 0.3406581265625 0.43065371093750004 0.331272084375 0.43507067031249996 0.3224381625 0.44611307499999997 0.321333921875 0.46746171875 0.31636484062500003 0.47703180156249997 0.3053224375 0.4807126015625 0.3009054765625 0.49396348593750006 0.30200971718749997 0.50574205 0.301457596875 0.5182567734375 0.3069787984375 0.5212014125 0.3108436390625 0.51531213125 0.318573321875 0.5167844515625 0.318573321875 0.5322438171874999 0.323542403125 0.5484393390625 0.3356890453125 0.55506478125 0.3505962890625 0.5587455828125 0.3627429328125 0.5705241453125 0.363295053125 0.58303886875 0.366055653125 0.5999705546875 0.3638471734375 0.6198468796875 0.3566696109375 0.6404593640625 0.358325971875 0.6573910484375001 0.3566696109375 0.6735865734375001 0.3605344515625 0.6735865734375001 0.37654593593749996 0.6632803296875001 0.3892447 0.6441401640625 0.40139134218750006 0.6353062421875 0.4074646640625 0.6478209671874999 0.3986307421875 0.6566548875 0.3892447 0.6713780921875 0.3875883390625 0.68242049375 0.3986307421875 0.6794758546875 0.41243374531250004 0.6684334515625 0.4284452296875 0.66254416875 0.4411439921875 0.6559187265624999 0.4505300359375 0.6691696109375 0.47261484062500003 0.6750588937499999 0.4919390453125 0.6802120140625 0.5013250890625 0.6838928140625 0.517336571875 0.6765312125 0.5399734984375 0.6794758546875 0.5559849828125001 0.6618080109375 0.5659231453125 0.6419316828125 0.5725485859375 0.6404593640625 0.581382509375 0.6456124859375 0.5946333921875 0.6478209671874999 0.6056757953125 0.6272084812500001 0.607884275 0.608804475 0.601258834375 0.5933451125 0.5924249109375 0.5815665484375 0.59297703125 0.5771495875 0.6034673140625 0.5653710249999999 0.6045715546875 0.55506478125 0.5907685515625001 0.5499116609375 0.5846952296875 0.5403415796875 0.5725485859375 0.529299175 0.56040194375 0.5189929328125 0.547151059375 0.5072143703124999 0.5327959359375 0.49101884531250006 0.544390459375 0.49396348593750006 0.5554328625 0.49322732656249996 0.571444346875 0.5042697296875 0.5857994703125 0.5064782109375 0.6067800359375 0.50942285 0.62003091875 0.50942285 0.6316254421874999 0.5219375734375 0.6393551234375 0.5337161375 0.6548144875 0.5241460546875001 0.663648409375 0.5108951703125 0.6730344515625 0.5005889296875 0.6724823328125 0.485865725 0.6829726140625 0.4748233203125 0.690702296875 0.4667255609375 0.7011925796875 0.46893403906250003 0.7039531796875 0.4586277984375 0.680764134375 0.4564193171875 0.675795053125 0.44464075468750003 0.65978356875 0.43065371093750004 0.6476369265625 0.42402826875 0.6327296812500001 0.42476442968750006 0.6178224375 0.4174028265625 0.61285335625 0.4107773859375 0.6034673140625 0.3997349828125 0.5935291515625 0.3931095421875 0.605123675 0.39237338125 0.6172703187499999 0.3909010609375 0.6305212015625 0.38942873906250003 0.6443242046875 0.3909010609375 0.6526060078125 0.38795641875000003 0.65702296875 0.3805948171875 0.66199205 0.3857479390625 0.67689929375 0.3850117796875 0.663648409375 0.37249705624999996 0.6691696109375 0.3732332140625 0.6741386921875 0.3658716140625 0.665856890625 0.3555653703125 0.6531581265625 0.3511484109375 0.6492932859375 0.3459952890625 0.644876325 0.34820376875000003 0.633833921875 0.3489399296875 0.633833921875 0.3378975265625 0.6233436390625 0.3356890453125 0.6244478796874999 0.34378680781250004 0.61009275625 0.34010600625 0.6007067140625 0.3290636046875 0.5846952296875 0.3275912828125 0.594081271875 0.3386336875 0.5664752656250001 0.32832744375 0.5697879859375 0.3261189625 0.58800795 0.32022968125 0.596289753125 0.3150765609375 0.59297703125 0.30845111875 0.5786219078125 0.31213192031250003 0.5659231453125 0.31654888125 0.5554328625 0.3224381625 0.5388692578125001 0.3194935203125 0.524514134375 0.3194935203125 0.49911660781249995 0.3312720859375 0.4853136046875 0.3320082453125 0.49746024687499996 0.31286807968749997 0.4958038875 0.29667255625 0.49801236718749997 0.290783275 0.5029814484374999 0.2738515890625 0.507398409375 0.2473498234375 0.50850265 0.22747349843750003 0.5062941703125 0.21201413281249998 0.5101590109374999 0.2046525328125 0.5151280921875 0.1862485265625 0.5018772078125 0.1796230859375 0.4952517671875 0.1877208484375 0.4958038875 0.1994994109375 0.49028268593749996 0.2134864546875 0.48807420468749996 0.23483510000000002 0.485865725 0.21275029375 0.48420936406250004 0.1906654890625 0.47206272031249996 0.17667844531250002 0.469854240625 0.19140165 0.469854240625 0.20833333281250002 0.46654151875 0.1965547703125 0.45494699687500006 0.20391637343750002 0.44666519375 0.2156949359375 0.44059187343749995 0.2105418140625 0.43396643125 0.1994994109375 0.4284452296875 0.21275029375 0.4223719078125 0.214958775 0.41685070625 0.22305653749999999
3 0.6734375 0.48541666718750004 0.6734375 0.5020833328125 0.6630208328125 0.5090277765625 0.6557291671875001 0.5236111109375 0.6401041671875001 0.5340277765625 0.6317708328125 0.5263888890625 0.6223958328125 0.5263888890625 0.6140625 0.5298611109375 0.6 0.5375 0.59375 0.54930555625 0.5989583328125 0.5513888890625 0.6057291671875 0.5527777765625 0.603125 0.5652777765625 0.5932291671875001 0.5784722234374999 0.6005208328125 0.5895833328125 0.6067708328125 0.6041666671875 0.6067708328125 0.6180555562500001 0.6036458328125 0.6347222234375 0.5973958328125 0.65069444375 0.6057291671875 0.6638888890625 0.6109375 0.6840277765625 0.6197916671875 0.6895833328125 0.6333333328124999 0.6881944437499999 0.6453125 0.6902777765625 0.6572916671875 0.70555555625 0.675 0.7097222234375 0.6885416671875 0.7118055562500001 0.6755208328125 0.7215277765625 0.6640625 0.7388888890625 0.6484375 0.7416666671875001 0.6447916671875 0.7451388890625 0.6515625 0.7513888890625 0.634375 0.7506944437499999 0.6135416671875 0.7548611109375 0.6 0.76319444375 0.6078125 0.7722222234375 0.628125 0.76805555625 0.6494791671875 0.76875 0.66875 0.76180555625 0.6864583328125 0.7534722234375 0.6692708328125 0.7722222234375 0.65625 0.7819444437499999 0.6453125 0.7840277765625 0.634375 0.79444444375 0.6177083328124999 0.8173611109375001 0.6338541671875 0.81875 0.6442708328125 0.8131944437499999 0.6453125 0.8041666671875 0.6583333328125 0.8111111109375001 0.6713541671875001 0.8097222234375 0.6786458328125 0.8284722234374999 0.6890625 0.8486111109375001 0.70625 0.8423611109375001 0.7213541671875 0.8479166671874999 0.7359375 0.8604166671875 0.74375 0.8444444437499999 0.753125 0.8444444437499999 0.7541666671875 0.86875 0.7666666671875 0.8659722234375 0.7739583328124999 0.86875 0.7765625 0.8895833328125 0.7807291671875001 0.9090277765625 0.7807291671875001 0.9215277765625001 0.7895833328124999 0.9347222234375 0.7828125 0.9444444437499999 0.7713541671875 0.9416666671874999 0.7734375 0.9604166671875 0.7744791671875 0.9777777765625 0.7807291671875001 0.9951388890624999 0.9979166671874999 0.9965277765625 0.9979166671874999 0.1972222234375 0.9947916671874999 0.20138888906250002 0.98125 0.20833333281250002 0.9697916671875 0.20486111093749998 0.9578125 0.21180555625 0.9447916671875 0.2208333328125 0.9317708328125001 0.23541666718749998 0.9234375 0.24652777656249997 0.921875 0.2590277765625 0.9104166671874999 0.2597222234375 0.90625 0.26875 0.9078125 0.2784722234375 0.9166666671874999 0.2854166671875 0.9192708328125001 0.2958333328125 0.9104166671874999 0.29305555625 0.8958333328125001 0.30069444375 0.88125 0.28611111093749997 0.8755208328125 0.2875 0.8791666671874999 0.29930555625 0.8666666671875 0.3 0.859375 0.3104166671875 0.8567708328125001 0.3229166671875 0.8614583328125001 0.33194444375 0.865625 0.33680555624999997 0.8703125 0.34861111093749997 0.8744791671875 0.35625 0.8671875 0.3659722234375 0.8505208328125 0.38125 0.8515625 0.3888888890625 0.8645833328125001 0.38680555625 0.8744791671875 0.38194444375000003 0.8869791671874999 0.3861111109375 0.8864583328125001 0.3958333328125 0.8895833328125 0.4090277765625 0.8713541671874999 0.42569444375 0.8588541671875 0.43819444374999994 0.8463541671874999 0.44722222343749995 0.8291948890624999 0.4259031203125 0.8138007999999999 0.4289819375 0.8030249390625 0.4228243015625 0.7799338046875001 0.41769293906250005 0.765309421875 0.4197454859375 0.7494791671875001 0.4263888890625 0.7380208328125 0.4402777765625 0.7291666671875 0.4534722234375 0.7114583328124999 0.4625 0.6963541671875 0.4652777765625 0.6828125 0.47430555625000004 0.6734375 0.48541666718750004
3 0.1768410859375 0.47884366875 0.17805232499999998 0.4643087859375 0.1689680234375 0.4643087859375 0.1580668609375 0.459463825 0.15079941875 0.4635012921875 0.15079941875 0.4764211890625 0.141715115625 0.4699612390625 0.1302083328125 0.47722868125 0.13202519375 0.4739987078125 0.1265746125 0.4626937984375 0.11567345 0.4546188625 0.10537790625000001 0.45865633125 0.10780038750000001 0.4433139546875 0.10780038750000001 0.40778423750000004 0.10780038750000001 0.38194444375000003 0.10174418593750001 0.3609496125 0.10658914687500001 0.35368217031250004 0.1114341078125 0.33349483125 0.1041666671875 0.3125 0.10174418593750001 0.2939276484375 0.0908430234375 0.2931201546875 0.07570251875 0.290697675 0.07570251875 0.27697028281249997 0.071463178125 0.26808785625 0.08054748125 0.26970284218749996 0.092659884375 0.2559754515625 0.09144864375 0.2374031 0.08357558125 0.2244832046875 0.06782945781250001 0.21479328125000002 0.0744912796875 0.20914082656250002 0.0599563953125 0.20510335781250003 0.06722383750000001 0.19622093125 0.059350775 0.1857235140625 0.0611676359375 0.1800710609375 0.0666182171875 0.17118863125 0.076913759375 0.1703811375 0.0866036828125 0.16634366875 0.0866036828125 0.1606912140625 0.07570251875 0.1590762265625 0.0666182171875 0.1623062015625 0.0690406984375 0.1501937984375 0.073885659375 0.13808139531250002 0.0732800390625 0.12435400468749999 0.06480135625 0.12435400468749999 0.0641957359375 0.1356589140625 0.0587451546875 0.1501937984375 0.047843992187500003 0.14777131875 0.0345203484375 0.14292635625 0.021802325 0.14615633125 0.019379845312499998 0.1324289390625 0.0205910859375 0.1203165375 0.0090843015625 0.1146640828125 0.0006056203125 0.1154715765625 0 0.9964470296875 0.03125 0.9979166671874999 0.3682170546875 0.9948320421875 0.3748788765625 0.9770671828124999 0.359738371875 0.9697997421875 0.3403585265625 0.96010981875 0.3349079453125 0.934270025 0.351259690625 0.9455749359375 0.3748788765625 0.9488049109375 0.397286821875 0.9439599484375 0.3978924421875 0.9229651171875 0.402737403125 0.9035852703125 0.4142441859375 0.8874354 0.4118217046875 0.8704780359375001 0.405159884375 0.8672480625000001 0.40455426406250006 0.8519056859375 0.400314921875 0.8462532296875 0.3857800390625 0.8292958671875 0.368822675 0.8050710609375 0.3748788765625 0.7832687328125 0.3712451546875 0.77277131875 0.35731589218750004 0.7703488375 0.3452034890625 0.7816537453125 0.3349079453125 0.7986111109375 0.3330910859375 0.79295865625 0.331274225 0.7751937984375 0.3349079453125 0.7550064609375 0.35004845 0.7396640828125001 0.35549903125000004 0.74127906875 0.3803294578125 0.7323966421875 0.40455426406250006 0.7323966421875 0.4112160859375 0.7251292 0.40455426406250006 0.7202842375 0.389413759375 0.7170542640625001 0.40092054218750006 0.7033268734375 0.412427325 0.6904069765624999 0.4075823640625 0.6823320421875 0.3942587203125 0.6944444437499999 0.380935078125 0.6984819124999999 0.389413759375 0.6815245484375 0.3912306203125 0.6686046515624999 0.3997093015625 0.6532622734375 0.4075823640625 0.6443798453125 0.400314921875 0.6363049109375 0.389413759375 0.6484173125 0.3766957359375 0.6621447015624999 0.3603439921875 0.6734496125 0.35549903125000004 0.67264211875 0.3579215109375 0.6564922484375 0.3579215109375 0.6403423765625 0.359738371875 0.621770025 0.36337209375 0.60400516875 0.3627664734375 0.5846253234375001 0.362160853125 0.5692829453125 0.35307655 0.5612080109375001 0.3361191859375 0.5555555562500001 0.322189921875 0.5466731265625 0.31795058125 0.52890826875 0.31492248125 0.5200258390625 0.3088662796875 0.5216408265625 0.3009932171875 0.5337532296874999 0.293725775 0.5458656328125 0.2913032953125 0.5385981921874999 0.2858527125 0.5192183453125 0.28827519375 0.5079134375 0.2822189921875 0.5046834625 0.27616279062500004 0.5111434109374999 0.27010658906249996 0.5119509046874999 0.27676841093750004 0.52729328125 0.28040213125 0.5499031 0.27737403125000004 0.5620155046875001 0.26950096874999996 0.57412790625 0.27192345 0.5547480625000001 0.2670784890625 0.5394056859374999 0.26162790625 0.53213824375 0.257388565625 0.5192183453125 0.25072674375 0.5119509046874999 0.2483042640625 0.52567829375 0.2374031 0.52890826875 0.235586240625 0.5200258390625 0.2337693796875 0.5046834625 0.2337693796875 0.4853036171875 0.2295300390625 0.4699612390625 0.2228682171875 0.4659237734375 0.21317829531250002 0.4731912140625 0.21741763593750002 0.4869186046875 0.21499515468750002 0.503068475 0.211451740625 0.5175632921875 0.20591085312500002 0.5232558140625 0.20288275156250002 0.50710594375 0.1919815890625 0.4917635671875 0.1828972875 0.49257106093749997 0.176235465625 0.5006459953125 0.17139050312499998 0.4877260984375 0.1768410859375 0.47884366875
3 0.7755566796875 0.9379217265625 0.7856781374999999 0.9379217265625 0.7799848171875 0.9218960859375 0.7755566796875 0.9041835359375 0.7717611343749999 0.8805668015625001 0.7723937249999999 0.8738191625 0.7654352234374999 0.8679149796875001 0.7534159921875 0.8721322546874999 0.750885628125 0.849358975 0.743294534375 0.8459851546875001 0.7376012140625 0.8561066125 0.7369686234375 0.8704453437499999 0.7363360328125 0.8797233453125 0.7217864375 0.8822537109375 0.725581984375 0.8662280703125 0.721153846875 0.8544197015625 0.7141953437499999 0.8468286109375001 0.7053390687500001 0.8468286109375001 0.7021761140625 0.8502024296874999 0.6901568828125 0.849358975 0.6781376515625 0.8282726046875 0.6692813765625 0.8080296890625001 0.65915991875 0.8122469640625001 0.646508096875 0.8038124171875 0.6433451421874999 0.8156207828125 0.6287955468749999 0.8164642375 0.6142459515625001 0.8164642375 0.6072874500000001 0.8189946015625 0.6022267203125 0.8139338734375 0.5933704453125 0.8156207828125 0.5838815796875 0.8198380562500001 0.578188259375 0.8198380562500001 0.564903846875 0.8130904187500001 0.5579453437499999 0.8105600546874999 0.5554149796875001 0.8181511484374999 0.5579453437499999 0.8282726046875 0.5554149796875001 0.8400809703125001 0.5503542515625 0.8392375171875001 0.5516194328124999 0.8232118749999999 0.5459261140625 0.8181511484374999 0.5383350203124999 0.8097166 0.5307439265625 0.8097166 0.523785425 0.8198380562500001 0.5193572875 0.8316464234375 0.514296559375 0.8426113359375 0.5079706484375001 0.8577935234374999 0.49974696406249997 0.86285425 0.48519736875 0.8569500671875 0.47634109375 0.8510458828124999 0.477606275 0.8392375171875001 0.4700151828125 0.8350202437500001 0.460526315625 0.8291160609375 0.4554655875 0.8333333328125001 0.4535678140625 0.8468286109375001 0.44407894687500005 0.8510458828124999 0.42889676093749995 0.8502024296874999 0.4244686234375 0.86285425 0.42320344062500004 0.8771929828125 0.418775303125 0.8873144390625001 0.4111842109375 0.9008097171875 0.40928643750000004 0.9168353578125 0.41497975781249996 0.9328609984374999 0.4206730765625 0.9547908234375001 0.42826417031249997 0.9657557359375 0.4402834015625 0.9741902828125 0.4655870453125 0.9691295546875001 0.4801366390625 0.9531039140625 0.48709514218749994 0.9455128203125 0.4959514171875 0.9471997296874999 0.502277328125 0.96491228125 0.50733805625 0.9775641015625001 0.5098684203125 0.9885290140625 0.514296559375 0.9961201078125 0.7749240890625 0.9961201078125 0.7711285421875 0.9792510125 0.76923076875 0.9556342765625001 0.76480263125 0.9412955453125 0.7755566796875 0.9379217265625