1 0.8116185890625 0.20512820468749998 0.818830128125 0.20619658125 0.8292467953125 0.2136752140625 0.8428685890625 0.22863247968749997 0.8588942312500001 0.23076923124999998 0.8845352562500001 0.22970085468749998 0.912580128125 0.2200854703125 0.9366185890625 0.2104700859375 0.962259615625 0.20192307656250003 0.9838942312500001 0.1901709390625 0.9984375 0.1833333328125 0.9984375 0.1625 0.9854967953125 0.1602564109375 0.9984375 0.15625 0.9984375 0.1208333328125 0.99110576875 0.1217948703125 0.9984375 0.1125 0.9984375 0.0958333328125 0.9959134609375001 0.0950854703125 0.9758814109375 0.09401709375 0.9518429484375 0.09188034218749999 0.9302083328125 0.0908119671875 0.912580128125 0.09401709375 0.8893429484375 0.099358975 0.8733173078125 0.10470085468749998 0.8548878203125 0.1164529921875 0.8364583328125 0.1346153859375 0.8260416671874999 0.14957265 0.8172275640625 0.1730769234375 0.8076121796875 0.19337606875 0.8116185890625 0.20512820468749998
1 0.449439103125 0.1079059828125 0.44543269218750003 0.1217948703125 0.4518429484375 0.125 0.446233975 0.1356837609375 0.4478365390625 0.15170940156249998 0.45424679531249995 0.16559828906250001 0.4646634609375 0.17628205156250001 0.48229166718750005 0.1826923078125 0.49751602500000003 0.1826923078125 0.5071314109375 0.1666666671875 0.5159455125 0.1527777765625 0.5167467953125 0.1410256421875 0.519150640625 0.1260683765625 0.5159455125 0.1111111109375 0.508733975 0.0854700859375 0.5023237171875 0.0630341875 0.493509615625 0.049145299999999996 0.4830929484375 0.0395299140625 0.4678685890625 0.0363247859375 0.4582532046875 0.049145299999999996 0.4590544875 0.0608974359375 0.45745192343749996 0.0854700859375 0.45024038437499997 0.0512820515625 0.45264423125000003 0.0865384625 0.449439103125 0.1079059828125
1 0.5686051328125 0.30767108125 0.564466059375 0.3145695359375 0.5598096031249999 0.32974613750000004 0.5587748343750001 0.34216335625 0.5608443703125 0.3532008828125 0.5623965234375 0.35802980156249997 0.5680877484375 0.3490618109375 0.57067466875 0.3352649 0.5717094375 0.32284768124999996 0.5686051328125 0.30767108125
1 0.2855960265625 0.3235375265625 0.27835264843749996 0.3193984546875 0.26748758281249996 0.3187086078125 0.2602442046875 0.3221578375 0.253000828125 0.3318156734375 0.257657284375 0.33595474531249997 0.2664528140625 0.3394039734375 0.27835264843749996 0.3394039734375 0.2861134109375 0.33457505468750004 0.2912872515625 0.32836644531250003 0.2855960265625 0.3235375265625
1 0.3569950328125 0.42425496718750005 0.35182119218749996 0.4166666671875 0.3502690390625 0.4104580578125 0.34561258281249996 0.4014900671875 0.3394039734375 0.3966611484375 0.3331953640625 0.400110375 0.331125828125 0.4070088296875 0.33629966875 0.41942604843750003 0.3445778140625 0.42701434843749997 0.3487168875 0.42701434843749997 0.35337334375 0.42977373124999996 0.3569950328125 0.42425496718750005
1 0.331125828125 0.1593543046875 0.331125828125 0.1731512140625 0.336817053125 0.1731512140625 0.3373344375 0.1593543046875 0.3399213578125 0.1683222953125 0.34509519843750003 0.18004966875 0.349234271875 0.1731512140625 0.3528559609375 0.16004415 0.3487168875 0.1503863125 0.34043874218750003 0.1455573953125 0.3399213578125 0.13796909531249998 0.3399213578125 0.12210265000000001 0.3394039734375 0.1041666671875 0.337851821875 0.08761037499999999 0.3342301328125 0.0938189859375 0.3259519875 0.0979580578125 0.323365065625 0.11658388593749999 0.3228476828125 0.1269315671875 0.32491721875 0.1407284765625 0.3223302984375 0.1545253859375 0.32388245000000004 0.1621136875 0.3285389078125 0.1538355421875 0.331125828125 0.1593543046875
1 0.553083609375 0.1310706390625 0.5479097687500001 0.12486203124999999 0.5453228484375 0.1345198671875 0.5453228484375 0.14486755 0.5453228484375 0.1531456953125 0.55153145625 0.16763245 0.5556705296875 0.1621136875 0.5587748343750001 0.1565949234375 0.5551531453125 0.14486755 0.553083609375 0.1310706390625
1 0.5427359265625 0.39597130156250004 0.5510140734375 0.40286975625 0.552048840625 0.39597130156250004 0.5437706953125 0.3890728484375 0.5427359265625 0.39597130156250004
1 0.8272971859375 0.2800772625 0.8376448671875 0.26214128125 0.8479925500000001 0.24489514375 0.853683775 0.2345474609375 0.8454056296875001 0.23109823281250003 0.836092715625 0.2386865328125 0.8288493375 0.25041390625000004 0.8200538078124999 0.2683498890625 0.8097061265625 0.2842163359375 0.7972889078125001 0.30008278125 0.7962541390625 0.3062913921875 0.7895281453125 0.31801876406249996 0.8034975171875001 0.30767108125 0.8179842718750001 0.2959437078125 0.8272971859375 0.2800772625
1 0.8019453640625 0.2607615890625 0.8024627484375 0.255242825 0.7957367546875 0.2511037515625 0.786941225 0.2545529796875 0.7807326156250001 0.2573123625 0.776076159375 0.2538631359375 0.77659354375 0.2655905078125 0.7796978484375 0.2649006625 0.787458609375 0.2662803546875 0.7947019875 0.2642108171875 0.8019453640625 0.2607615890625
1 0.9375 0.22902869843749998 0.931291390625 0.2241997796875 0.9230132453125 0.2186810140625 0.9116307953125 0.2228200875 0.8986961921875001 0.22764900625 0.8873137421875 0.23178807968749998 0.8831746687500001 0.2414459171875 0.882657284375 0.2538631359375 0.8816225171875001 0.2649006625 0.8795529796875 0.2717991171875 0.8924875828125 0.2635209703125 0.908526490625 0.26145143593750003 0.9209437093749999 0.2531732890625 0.931291390625 0.24213576250000002 0.9375 0.22902869843749998
1 0.9499172187499999 0.2455849890625 0.9426738406249999 0.24834437031249998 0.9343956953125 0.2531732890625 0.9271523171875 0.2649006625 0.9333609265625 0.26697019843750003 0.94215645625 0.26697019843750003 0.9509519875000001 0.2717991171875 0.9540562906250001 0.2655905078125 0.9514693703124999 0.2545529796875 0.9499172187499999 0.2455849890625
1 0.029490893750000004 0.2566225171875 0.03725165625 0.2580022078125 0.0439776484375 0.2711092703125 0.0522557953125 0.2786975703125 0.042942881249999995 0.2593818984375 0.053807946875 0.2655905078125 0.0631208609375 0.26766004374999997 0.037769039062499996 0.2455849890625 0.0465645703125 0.2455849890625 0.04087334375 0.2414459171875 0.0331125828125 0.23247792500000003 0.022764899999999998 0.22075055156249998 0.013451987500000002 0.21247240625 0 0.20971302500000003 0.000517384375 0.2345474609375 0.005691224999999999 0.24075607031250001 0.0144867546875 0.24765452500000001 0.022764899999999998 0.2593818984375 0.0331125828125 0.2683498890625 0.029490893750000004 0.2566225171875
1 0.04087334375 0.06967439375 0.047081953125 0.06208609375 0.041390728125 0.0517384109375 0.0455298015625 0.054497792187500005 0.054842715625 0.055877482812500004 0.061051325000000004 0.0551876375 0.059499171875 0.0475993375 0.053290562500000006 0.0407008828125 0.052773178125 0.0338024296875 0.048634106249999996 0.0248344375 0.042425496875 0.0310430453125 0.0336299671875 0.0400110375 0.031043046875 0.0331125828125 0.0274213578125 0.0234547453125 0.0222475171875 0.0234547453125 0.013451987500000002 0.0213852109375 0.000517384375 0.0213852109375 0.0020695359375 0.072433775 0.0144867546875 0.0793322296875 0.0274213578125 0.0779525390625 0.018625828125 0.06967439375 0.025351821875000003 0.06967439375 0.04087334375 0.06967439375
1 0.20126241718750001 0.5918874171875 0.21109271562499998 0.5960264890625 0.22299254999999998 0.5980960265624999 0.23230546406250002 0.5946468 0.240583609375 0.5891280359375 0.240583609375 0.5842991171875 0.23282284843749998 0.575331125 0.2209230125 0.5691225171875 0.205401490625 0.5656732890625 0.1893625828125 0.5691225171875 0.1779801328125 0.5684326703125 0.1769453640625 0.57257174375 0.1790149 0.58774834375 0.185223509375 0.5884381890625 0.19246688750000002 0.5884381890625 0.20126241718750001 0.5918874171875
1 0.2488617546875 0.6581125828125 0.259726821875 0.66225165625 0.26748758281249996 0.6588024296875 0.26748758281249996 0.6484547453125 0.2592094375 0.6394867546875 0.26852235156250004 0.6291390734375 0.2762831125 0.6187913921875 0.2747309609375 0.6091335546875001 0.277835265625 0.6029249453125 0.288182946875 0.59740618125 0.2850786421875 0.5829194265625001 0.27990480156249997 0.57464128125 0.276800496875 0.5787803546875 0.270074503125 0.5891280359375 0.264383278125 0.5946468 0.2592094375 0.5870584984375 0.2550703640625 0.58774834375 0.2488617546875 0.5946468 0.239548840625 0.5960264890625 0.23023592656249997 0.6043046359375001 0.222475165625 0.6153421625 0.21471440468749997 0.6270695359375 0.2116101 0.6394867546875 0.2116101 0.6505242828125 0.217301325 0.65466335625 0.22661423906249997 0.6560430453125 0.23592715156250002 0.6560430453125 0.24265314531249998 0.6539735109375 0.2488617546875 0.6581125828125
1 0.9130486640625 0 0.9154341609375001 0.0047709921875 0.9136450375 0.0079516546875 0.9064885500000001 0.00874681875 0.9064885500000001 0.0159033078125 0.8939646953124999 0.031806617187500004 0.9023139312499999 0.031011450000000003 0.9112595421874999 0.0206743 0.9184160312499999 0.0238549625 0.9118559156250001 0.03260178125 0.9142414125 0.0373727734375 0.9303435109375 0.031011450000000003 0.9369036265625 0.033396945312499995 0.9345181296874999 0.0373727734375 0.9494274812500001 0.03260178125 0.9607585875 0.0230597953125 0.9619513359375 0.01192748125 0.9667223281249999 0.0071564890625 0.9595658390624999 0.0015903312499999998 0.9130486640625 0
1 0.31190362656250004 0.6997455484375 0.31786736718749997 0.6902035625 0.32084923593750003 0.67827608125 0.326216603125 0.6735050890625 0.3351622140625 0.6798664125 0.3351622140625 0.6743002546875 0.338144084375 0.6687340953125 0.34768606874999997 0.6727099234375 0.350071565625 0.6671437671875 0.357228053125 0.6552162859374999 0.345896946875 0.6480597953125 0.3369513359375 0.6464694671875 0.3286021 0.6416984734375 0.3154818703125 0.6361323140625 0.306536259375 0.6416984734375 0.306536259375 0.6226145046875 0.30057251875 0.6178435109375 0.295205153125 0.6321564890625 0.294608778125 0.6456743 0.2940124046875 0.66078244375 0.29103053437500004 0.6703244265625 0.29341603125 0.6798664125 0.2999761453125 0.69179389375 0.3053435109375 0.6997455484375 0.31190362656250004 0.6997455484375
1 0.2528625953125 0.7005407124999999 0.2433206109375 0.6933842234375 0.234375 0.6933842234375 0.2260257640625 0.69736005 0.218869275 0.7053117046875 0.22423664062499998 0.7148536890625 0.232585878125 0.7204198484375001 0.2433206109375 0.7212150125 0.249880725 0.7164440203125 0.2576335875 0.7084923671875 0.2528625953125 0.7005407124999999
1 0.20330475625000002 0.75313421875 0.20330475625000002 0.7439159296875 0.194316925 0.7411504421874999 0.1860204640625 0.7439159296875 0.17703263281249998 0.75036873125 0.168736171875 0.7512905609375 0.17703263281249998 0.7577433625000001 0.1708102875 0.7623525078125 0.183254978125 0.7595870203125 0.192242809375 0.7568215328125001 0.20330475625000002 0.75313421875
3 0.40103705781250004 0.57614306875 0.392049225 0.5779867249999999 0.3899751109375 0.5918141578125 0.382370021875 0.5927359875 0.374764934375 0.6010324484375 0.3664684734375 0.6111725671875 0.358863384375 0.625 0.3567892703125 0.6379056046875 0.3657771015625 0.6526548671875 0.35955475625 0.6627949859375 0.35194966875 0.67385693125 0.338122234375 0.6747787609375 0.3353567484375 0.67938790625 0.3229120578125 0.6803097359375 0.314615596875 0.7015118 0.3000967921875 0.6969026546875 0.2904175890625 0.7079646015625001 0.2745160390625 0.70612094375 0.2648368359375 0.7134955749999999 0.2565403765625 0.7190265484375 0.26345409218750004 0.7282448375 0.2544662609375 0.7365412984375 0.24340431406250002 0.7420722703125 0.2440956859375 0.7558997046875 0.235799225 0.772492625 0.239256084375 0.790007375 0.2530835171875 0.8029129796875001 0.2544662609375 0.8204277296875 0.271750553125 0.8268805312499999 0.2779728984375 0.8508480828125 0.271750553125 0.8619100296875001 0.2793556421875 0.8720501484375 0.273133296875 0.8886430687500001 0.283503871875 0.8932522125 0.30493639375 0.89786135625 0.3166897125 0.8914085546875 0.33673949062499997 0.88311209375 0.3526410390625 0.8821902640625 0.3740735625 0.8803466078125 0.3892837390625 0.8821902640625 0.4017284296875 0.88311209375 0.4114076328125 0.8628318578125 0.4238523234375 0.8508480828125 0.44182798749999996 0.84439528125 0.43422289843749995 0.8222713859375 0.43007466875 0.7992256640625001 0.439753871875 0.8001474921874999 0.4432107296875 0.7853982296875001 0.4321487828125 0.7623525078125 0.4445934734375 0.7660398234375 0.4521985625 0.7743362828125 0.46395188125000003 0.7577433625000001 0.47086559687499996 0.7577433625000001 0.4798534296875 0.7439159296875 0.49506360625 0.7374631265625 0.5137306421875001 0.7273230078124999 0.5130392703125 0.7070427734375 0.5213357296875001 0.6922935109374999 0.52894081875 0.68399705 0.537237278125 0.6867625375 0.5448423671875 0.6969026546875 0.5552129421875 0.7042772859374999 0.5718058625 0.6821533921875 0.5794109515625 0.6784660765625 0.597386615625 0.6710914453125 0.6139795359375 0.6581858421875 0.6319551984375 0.6498893812500001 0.6533877218749999 0.6314528015625 0.65269635 0.6167035390625 0.64094303125 0.6240781703125 0.6257328546875 0.6277654874999999 0.642325775 0.5798303828125 0.6554618359375 0.57614306875 0.6582273234375 0.55586283125 0.6630669250000001 0.5392699125 0.6589186953125 0.5365044250000001 0.65131360625 0.5448008859375 0.65131360625 0.53189528125 0.6478567484375 0.5309734515625 0.638868915625 0.5448008859375 0.6395602874999999 0.5134587015625 0.6347206859375001 0.5079277296875 0.6229673671875 0.5125368734375 0.6146709078125 0.5060840703125 0.6105226765625 0.49317846718749997 0.5953125 0.49410029531250005 0.584250553125 0.4987094390625 0.5669662609375 0.49594395156250004 0.551756084375 0.49594395156250004 0.5400027656249999 0.49410029531250005 0.5330890484374999 0.5014749265625 0.5227184734375 0.5125368734375 0.5130392703125 0.5199115046875 0.5047428093749999 0.5199115046875 0.497137721875 0.5208333328125 0.497137721875 0.5337389375 0.48676714531250004 0.5374262546875 0.482618915625 0.5475663703125 0.4729397125 0.5512536875 0.45980365 0.54664454375 0.45081581875000004 0.54387905625 0.4473589609375 0.5494100296875 0.44113661562499995 0.5494100296875 0.426617809375 0.5512536875 0.41348174843749996 0.56139380625 0.40795077500000004 0.5770648953124999 0.40103705781250004 0.57614306875
5 0.998074128125 0.9931686046875001 0.9984375 0.4916666671875 0.998074128125 0.3669573640625 0.9944404062500001 0.36332364375 0.969912790625 0.35242248125 0.942659884375 0.35 0.908139534375 0.3609011625 0.8754360468750001 0.365746125 0.835465115625 0.38512596875 0.8191133718750001 0.42146317968749997 0.797311046875 0.46627906875 0.786409884375 0.51957364375 0.7673328484375 0.5268410859375 0.7300872093749999 0.50625 0.6982921515625 0.4832364328125 0.676489825 0.4832364328125 0.6528706390625 0.4832364328125 0.6392441859375 0.5026162796875 0.6465116281250001 0.5256298453125 0.6646802328125 0.5389534874999999 0.657412790625 0.5643895359375 0.6456031984374999 0.5813469 0.6392441859375 0.5983042640625 0.629251453125 0.62495155 0.6546875 0.6188953484375 0.64923691875 0.6370639546875 0.618350290625 0.66007751875 0.601090115625 0.6734011625 0.5783793609375001 0.678246125 0.5665697671875 0.6939922484375 0.552034884375 0.7061046515625 0.5393168609375001 0.6903585265625 0.523873546875 0.6903585265625 0.5166061046875 0.7097383734375 0.512063953125 0.7315406984374999 0.48208575624999994 0.7436531 0.4666424421875 0.76182170625 0.4575581390625 0.7763565890625 0.437572675 0.7703003875000001 0.44756540625 0.7848352703125 0.440297965625 0.8017926359375 0.4312136625 0.8005813953124999 0.437572675 0.8199612390625 0.44393168593750004 0.8441860453125001 0.423037790625 0.8514534875 0.412136628125 0.8671996125 0.39760174375 0.8877906984375 0.37125726718749996 0.8853682171875 0.3421875 0.8829457359375 0.31947674375 0.8938469 0.305850290625 0.9011143421875 0.2849563953125 0.8938469 0.2686046515625 0.8853682171875 0.2731468015625 0.8732558140625001 0.2749636625 0.8466085265625001 0.2686046515625 0.83207364375 0.25134447656250003 0.8078488374999999 0.23590116249999998 0.8030038749999999 0.20592296562499998 0.8114825578125 0.166860465625 0.8248062015625001 0.127797965625 0.8393410859375001 0.1005450578125 0.8466085265625001 0.071475290625 0.85872093125 0.0451308140625 0.8575096890625 0.035138081249999994 0.8453972875 0.0187863375 0.84297480625 0.0015261625 0.85629845 0 0.9083333328125001 0.0033430234375 0.996802325 0.998074128125 0.9931686046875001