1 0.5529336734375 0.3545918375 0.5609056125 0.3558673484375 0.56951530625 0.3533163265625 0.5787627546875 0.34651360625 0.5768494890625 0.3282312921875 0.5714285718750001 0.3129251703125 0.5669642859375 0.30399659843750004 0.5618622453125 0.2933673484375 0.55389030625 0.2869897953125 0.5443239796875 0.2797619046875 0.5338010203125 0.2814625859375 0.5264668375 0.2895408171875 0.5216836734375 0.3005952375 0.518813775 0.3116496609375 0.5200892859375 0.3214285703125 0.5232780609375001 0.3316326515625 0.527742346875 0.3397108828125 0.5379464281249999 0.3460884359375 0.5452806125 0.349064625 0.5529336734375 0.3545918375
1 0.5200892859375 0.28443877500000003 0.5264668375 0.2810374140625 0.534757653125 0.2746598640625 0.5379464281249999 0.2674319734375 0.5369897953125 0.25722789218750003 0.5325255109375 0.2491496609375 0.528061225 0.24149659843750002 0.52742346875 0.23469387656250001 0.5255102046875 0.22704081718750002 0.5181760203125 0.2312925171875 0.5133928578125 0.2380952375 0.5092474484375 0.24404761874999997 0.5057397953125 0.2534013609375 0.5041454078125 0.2610544203125 0.5012755109375 0.2712585046875 0.49904336718750003 0.2814625859375 0.5066964281249999 0.28316326406250003 0.5127551015625 0.28486394531250003 0.5200892859375 0.28443877500000003
1 0.36383928593750003 0.338435375 0.3641581625 0.34651360625 0.36957908125 0.34566326406250003 0.3765943875 0.34013605468749997 0.38392857187499996 0.33758503281249996 0.390306121875 0.3312074828125 0.3947704078125 0.3273809515625 0.3890306125 0.32270408125 0.3810586734375 0.3171768703125 0.3724489796875 0.3116496609375 0.36320153125 0.3090986390625 0.3545918375 0.3095238109375 0.348852040625 0.31079931875 0.3431122453125 0.3171768703125 0.3415178578125 0.3239795921875 0.3421556125 0.3320578234375 0.34757653125 0.3371598640625 0.3536352046875 0.34098639375 0.3580994890625 0.33758503281249996 0.36383928593750003 0.338435375
1 0.317602040625 0.39285714375 0.3274872453125 0.3894557828125 0.333227040625 0.38265306093749996 0.3268494890625 0.3754251703125 0.3220663265625 0.3715986390625 0.312818878125 0.3681972796875 0.30548469375 0.36692176875000004 0.2981505109375 0.36692176875000004 0.289540815625 0.36777210781249997 0.28571428593750003 0.3707483 0.2786989796875 0.375 0.28826530625 0.38307823124999996 0.2940051015625 0.3907312921875 0.301977040625 0.39285714375 0.3102678578125 0.3945578234375 0.317602040625 0.39285714375
1 0.46460459218750005 0.11352040781249999 0.4674744890625 0.1045918375 0.46779336718750003 0.09906462499999999 0.47257653125 0.09948979531249999 0.47895408125000005 0.09608843593750001 0.48469387812500003 0.0892857140625 0.4904336734375 0.0807823125 0.4952168375 0.0722789125 0.5 0.0629251703125 0.5006377546875 0.0493197265625 0.493303571875 0.0493197265625 0.48660714218749995 0.0514455796875 0.48022959218750005 0.0548469390625 0.4748086734375 0.06079931875 0.4693877546875 0.06632653125 0.463647959375 0.07482993125000001 0.462053571875 0.08801020468750001 0.46524234687500005 0.0858843546875 0.46460459218750005 0.0931122453125 0.46014030625 0.1016156453125 0.46332908125000005 0.1033163265625 0.46460459218750005 0.11352040781249999
1 0.489477040625 0.02636054375 0.491709184375 0.0148809515625 0.491709184375 0.0051020421875 0.49139030625 0.0004251703125 0.47512755156250003 0.0008503390624999999 0.470663265625 0.0051020421875 0.46588010156250004 0.0165816328125 0.4639668375 0.02636054375 0.46460459218750005 0.0335884359375 0.47321428593750003 0.037414967187499995 0.48054846875 0.03613945625 0.4850127546875 0.02848639375 0.486288265625 0.022108843750000003 0.489477040625 0.02636054375
1 0.513711734375 0.13775510156249998 0.5172193875 0.13477891250000001 0.5213647953125 0.13860544218749998 0.5223214281249999 0.1245748296875 0.5159438781250001 0.1262755109375 0.5111607140625 0.13095238125 0.51020408125 0.12117346874999999 0.5092474484375 0.11479591874999999 0.5076530609375001 0.1079931984375 0.503507653125 0.1156462578125 0.5003188781250001 0.1258503390625 0.4993622453125 0.13605442031249998 0.5003188781250001 0.1445578234375 0.5044642859375 0.1496598640625 0.50860969375 0.1483843546875 0.512117346875 0.1411564625 0.513711734375 0.13775510156249998
1 0.668367346875 0.2172619046875 0.6712372453125 0.2125850328125 0.666772959375 0.20748299375 0.66007653125 0.20280612343749999 0.6514668375 0.20153061249999998 0.6415816328124999 0.2023809515625 0.63520408125 0.20663265156250002 0.6316964281249999 0.21215986406249998 0.6390306125 0.2151360546875 0.64764030625 0.217687075 0.6552933671875001 0.217687075 0.6610331625 0.2189625859375 0.668367346875 0.2172619046875
1 0.6677295921875 0.27508503281249996 0.6734693875 0.26785714375 0.68048469375 0.25977891249999996 0.685586734375 0.2546768703125 0.6817602046875 0.25382653125 0.6747448984375 0.25595238125 0.6677295921875 0.26232993125 0.6588010203125 0.2644557828125 0.6536989796875 0.26785714375 0.64764030625 0.2716836734375 0.6428571421875 0.27763605468749997 0.6399872453125 0.2835884359375 0.6463647953125 0.28613945625000003 0.6533801015625 0.2806122453125 0.6588010203125 0.27508503281249996 0.6677295921875 0.27508503281249996
1 0.5220025515625 0.1687925171875 0.523915815625 0.17219387656250001 0.5379464281249999 0.1700680265625 0.546875 0.1628401359375 0.55389030625 0.1645408171875 0.5650510203125 0.16326530625 0.5739795921875 0.1619897953125 0.581632653125 0.159438775 0.5873724484375 0.15348639375 0.590242346875 0.1479591828125 0.5829081625 0.14030612343749999 0.5752551015625 0.13945578281249998 0.5672831625 0.1411564625 0.5596301015625 0.1458333328125 0.55229591875 0.1522108828125 0.5478316328124999 0.1496598640625 0.539540815625 0.1437074828125 0.543686225 0.1543367359375 0.5392219390624999 0.16241496718749998 0.5318877546875 0.16539115625 0.5220025515625 0.1687925171875
1 0.65067228125 0.1782899921875 0.655474290625 0.1745961390625 0.6584293734375 0.1686859734375 0.660830378125 0.16499211875 0.663416075 0.1605594953125 0.6665558515625001 0.152679275 0.6722813234375 0.15021670625 0.684286346875 0.14800039375000001 0.6706190890625 0.1420902296875 0.66988031875 0.1376576046875 0.6678487 0.1324862109375 0.6643395390625 0.1420902296875 0.66138445625 0.1445527984375 0.6538120562499999 0.1470153671875 0.649010046875 0.15021670625 0.64531619375 0.15440307343749998 0.63903664375 0.1615445234375 0.6366356390625 0.1679472015625 0.6358968671875 0.1758274234375 0.6360815609375 0.1822301015625 0.6379284875 0.1824763578125 0.6462396578125 0.1822301015625 0.65067228125 0.1782899921875
1 0.2551903109375 0.13336216875 0.262759515625 0.1434544390625 0.26546280312500004 0.13336216875 0.274113321875 0.12326989531250002 0.25843425625 0.12182814374999999 0.25248702500000003 0.1124567484375 0.24924307968749998 0.09299307968750001 0.2438365046875 0.0785755484375 0.23572664375 0.0728085359375 0.2265354671875 0.07136678125 0.222750865625 0.0836216828125 0.2249134953125 0.0965974625 0.22977941249999997 0.10524798124999998 0.2351859859375 0.11461937656250001 0.24437716250000002 0.1268742796875 0.2551903109375 0.13336216875
1 0.6564708484375 0.05742049375 0.6548144875 0.050795051562500006 0.6586793281250001 0.044905770312499996 0.6586793281250001 0.035335689062499995 0.6586793281250001 0.027237926562499997 0.6526060078125 0.0323910484375 0.6492932859375 0.0250294453125 0.64266784375 0.035335689062499995 0.642115725 0.0485865734375 0.64266784375 0.0603651359375 0.6443242046875 0.06993521875 0.6526060078125 0.07729681875 0.6564708484375 0.0706713765625 0.6614399296875 0.06404593593749999 0.6564708484375 0.05742049375
1 0.8475044171875 0.290783275 0.8486086578125001 0.28121319218749996 0.8452959359375001 0.26869846875 0.8430874562499999 0.26207302656250003 0.8392226140625001 0.2694346296875 0.8370141343749999 0.2841578328125 0.8364620140625 0.29961719531250003 0.8370141343749999 0.3055064796875 0.8292844515625 0.31434039999999996 0.8364620140625 0.31434039999999996 0.8403268546874999 0.32464664375 0.8441916968750001 0.30918727968750004 0.8475044171875 0.290783275
1 0.9303224374999999 0.35630153125 0.9297703187499999 0.330535925 0.9347394 0.31581272031249996 0.9248012375 0.3231743234375 0.921488515625 0.32022968125 0.918727915625 0.31581272031249996 0.9115503531250001 0.30845111875 0.9049249109374999 0.30624263749999997 0.8949867484375 0.3040341578125 0.88560070625 0.3032979984375 0.8911219078125001 0.3136042390625 0.8994037109375 0.32538280468749997 0.9071333921875 0.3297997640625 0.9170715546875 0.3356890453125 0.9231448765625 0.3408421671875 0.9303224374999999 0.35630153125
3 0 0.6218434328125 0.0033143937499999997 0.6237373734375 0.0142045453125 0.6344696984375 0.0227272734375 0.6546717171875 0.01893939375 0.6647727265625 0.0089962125 0.6603535359375 0.0028409093749999998 0.6660353546875 0.0047348484375 0.6748737375 0.0089962125 0.6849747484375001 0.02130681875 0.6944444437499999 0.018465909375 0.7026515140625 0.02556818125 0.71843434375 0.04119318125 0.7285353546875 0.028882575 0.7525252515624999 0.02130681875 0.7790404046875 0.0222537875 0.8074494953125001 0.017992425 0.8301767671875 0.0265151515625 0.8516414140625 0.0208333328125 0.8724747484375 0.0208333328125 0.900252525 0.0175189390625 0.9236111109375 0.013257574999999999 0.9520202015624999 0.0170454546875 0.98106060625 0.0208333328125 0.9968434328125 0.8139204546875 0.9962121203125 0.8101325750000001 0.9785353546875 0.8072916671874999 0.9595959609375001 0.8016098484375 0.9425505046874999 0.81581439375 0.9267676765624999 0.82244318125 0.9034090921875 0.82244318125 0.8851010109375 0.81818181875 0.8731060609375 0.82244318125 0.8617424249999999 0.828125 0.8396464640625 0.8290719703124999 0.8162878796875 0.8257575750000001 0.7910353546875 0.82244318125 0.7670454546875 0.8177083328125001 0.7493686875 0.8110795453125 0.7342171703125 0.8011363640625 0.7222222234375 0.8020833328125001 0.7083333328125 0.8077651515625 0.6900252515624999 0.8191287875000001 0.6717171703125 0.8300189390625 0.65656565625 0.843276515625 0.6452020203125 0.85606060625 0.625 0.861859540625 0.6007067140625 0.866828621875 0.5926089515624999 0.8751104234374999 0.5815665484375 0.8784231453125001 0.5447585390625 0.8767667843750001 0.5101590109374999 0.8706934625 0.4829210828125 0.874006184375 0.4733510015625 0.880631625 0.44758539375 0.8756625437500001 0.4284452296875 0.880631625 0.41372202500000005 0.8811837453125 0.4012073015625 0.8811837453125 0.3857479390625 0.8751104234374999 0.3747055359375 0.864620140625 0.3636631328125 0.8486086578125001 0.3570376921875 0.8392226140625001 0.3592461734375 0.832045053125 0.35335688906249996 0.81603356875 0.3614546515625 0.800022084375 0.3658716140625 0.7914555187500001 0.36599099218750003 0.7999014640625 0.3415915921875 0.80764358125 0.3228228234375 0.81679335625 0.3162537546875 0.829462275 0.3012387390625 0.8224239859375 0.2918543546875 0.8125703828124999 0.2890390390625 0.8041244375 0.3021771765625 0.7956784906250001 0.2965465453125 0.78934403125 0.2899774765625 0.7851210578125001 0.274024025 0.775971284375 0.2655780765625 0.7675253375 0.2655780765625 0.7597832203125 0.2749624625 0.751337275 0.28153153125 0.741483671875 0.2843468453125 0.733037725 0.2787162171875 0.7238879500000001 0.2749624625 0.7217764640625 0.2834084078125 0.7154420046875 0.2759009 0.71121903125 0.28059309374999997 0.6999577703125001 0.2909159171875 0.6943271390625 0.3021771765625 0.69503096875 0.30686936875000004 0.6879926796875 0.3125 0.6879926796875 0.32563813750000004 0.6985501125 0.33033033125 0.7069960578125001 0.3406531546875 0.691511825 0.3415915921875 0.6802505625 0.3378378375 0.66758164375 0.3387762765625 0.6528012390625 0.3237612609375 0.6450591218749999 0.3040540546875 0.6281672296874999 0.29373123125 0.608460021875 0.2768393390625 0.5943834453125 0.2702702703125 0.5803068687499999 0.26745495468749997 0.571969696875 0.2708333328125 0.5615530296875 0.2708333328125 0.5464015156250001 0.2720959609375 0.537405303125 0.27272727343750003 0.5303030296875 0.28093434375 0.5165719703125 0.2885101 0.5075757578125 0.2891414140625 0.4990530296875 0.2948232328125 0.484375 0.2922979796875 0.466382575 0.2866161625 0.45265151562500006 0.28472222343750003 0.4356060609375 0.2840909078125 0.4209280296875 0.2840909078125 0.4081439390625 0.2885101 0.39820075781250003 0.2986111109375 0.3925189390625 0.30681818125000004 0.38352272656249997 0.3087121203125 0.374526515625 0.3112373734375 0.38068181874999996 0.3156565671875 0.3896780296875 0.3207070703125 0.3953598484375 0.3276515140625 0.38920454531250004 0.3345959609375 0.37831439375000003 0.3396464640625 0.3702651515625 0.3459595953125 0.36268939375000003 0.34722222343750003 0.3645833328125 0.337752525 0.358901515625 0.3364899 0.3527462125 0.3421717171875 0.3446969703125 0.3339646453125 0.3390151515625 0.34027777656249997 0.334280303125 0.3390151515625 0.3233901515625 0.34027777656249997 0.31534090937500003 0.3459595953125 0.3072916671875 0.3573232328125 0.3035037875 0.3655303015625 0.30918560624999997 0.3655303015625 0.3177083328125 0.36742424218749997 0.32954545468749996 0.3762626265625 0.3333333328125 0.3844696984375 0.32528409062499997 0.3895202015625 0.31581439375000003 0.39330808125 0.303030303125 0.39457070625 0.293087121875 0.3907828296875 0.2855113640625 0.3832070703125 0.2765151515625 0.3768939390625 0.2703598484375 0.38510101093750004 0.26231060624999997 0.4008838375 0.25994318125000004 0.4135101 0.26278409062499997 0.4248737375 0.261837121875 0.43876262656250004 0.25142045468749996 0.43876262656250004 0.236742425 0.4419191921875 0.2206439390625 0.44444444375 0.20928030312499998 0.4450757578125 0.1960227265625 0.45707070625 0.1917613640625 0.46590909218750004 0.1865530296875 0.48169191875 0.18465909062500002 0.48863636406250005 0.1827651515625 0.4981060609375 0.1766098484375 0.4962121203125 0.16619318125 0.4962121203125 0.15056818125 0.5012626265625 0.141098484375 0.5069444437499999 0.1325757578125 0.5202020203125 0.12452651562499999 0.5353535359375 0.1178977265625 0.5296717171875 0.105587121875 0.5284090921875 0.1107954546875 0.50631313125 0.1022727265625 0.5044191921875 0.0956439390625 0.5075757578125 0.0871212125 0.51199495 0.078598484375 0.5069444437499999 0.06723484843750001 0.5082070703125 0.06581439375 0.4962121203125 0.0606060609375 0.49368686874999995 0.059659090625 0.48421717031249994 0.053030303125 0.46969696875 0.05255681875 0.4785353546875 0.0478219703125 0.4854797984375 0.0383522734375 0.48863636406250005 0.0392992421875 0.49684343281250004 0.031723484375 0.49305555625 0.02556818125 0.4861111109375 0.015151515625 0.486742425 0.0052083328125 0.4917929296875 0 0.5012626265625 0 0.6218434328125
3 0.17729591875 0.0918367359375 0.171556121875 0.0612244890625 0.1639030609375 0.0391156453125 0.159438775 0.017857143750000002 0.151147959375 0.0025510203125 0.0025510203125 0.0034013609374999995 0 0.1556122453125 0.0070153062500000005 0.1717687078125 0.015943878124999998 0.1989795921875 0.027423468750000003 0.19132653125000001 0.036352040625 0.19132653125000001 0.0484693875 0.18962585 0.05612244843750001 0.21343537499999998 0.0701530609375 0.23214285625 0.0860969390625 0.23979591875 0.09375 0.24234693906250002 0.09566326562500001 0.22619047656250002 0.10586734687499999 0.2202380953125 0.1103316328125 0.19982993124999998 0.11926020468750001 0.2125850328125 0.1307397953125 0.21088435468750003 0.1326530609375 0.20153061249999998 0.1326530609375 0.1879251703125 0.14006885625 0.1915607359375 0.151324153125 0.18361581875 0.1692002125 0.1915607359375 0.1771451265625 0.17743644218750002 0.17449682187499999 0.1580155375 0.16645408125 0.1437074828125 0.175382653125 0.1318027203125 0.17729591875 0.1096938765625 0.17729591875 0.0918367359375
1 0.940625 0 0.9291783703125001 0.0047518734375 0.9160112359375001 0.018796817187500002 0.9081109546875 0.0305009359375 0.8958216296874999 0.0480571171875 0.9133778093749999 0.0621020609375 0.9221558984374999 0.0574204125 0.9449789328125 0.0492275265625 0.9590238765624999 0.0386938203125 0.9704353937500001 0.0375234078125 0.981846909375 0.01528558125 0.9890625 0 0.940625 0
3 0.8598314609375001 0.1182818359375 0.8501755624999999 0.1334971921875 0.8413974718749999 0.15456460625 0.8405196625 0.1768024359375 0.8413974718749999 0.20138108593749998 0.8440308984374999 0.2201076765625 0.849297753125 0.2294709734375 0.8571980343750001 0.22595973749999998 0.869487359375 0.21074438125 0.8791432578125 0.2025514984375 0.8808988765624999 0.2201076765625 0.8808988765624999 0.24000468125 0.8729985953125 0.27160580625 0.8686095500000001 0.2879915734375 0.87036516875 0.3078885765625 0.8817766859375 0.3149110484375 0.891432584375 0.3406601125 0.9072331453125001 0.35353464375 0.9019662921875 0.36875 0.905477528125 0.38747659218749997 0.9230337078125 0.38747659218749997 0.9379564609375001 0.3699204125 0.9616573031250001 0.3617275265625 0.9739466296874999 0.3699204125 0.990625 0.3593867046875 0.9958918546875 0.3488529953125 0.9984375 0.13125 0.9984375 0.05208333281250001 0.9862359546875 0.0445458796875 0.975702246875 0.0351825828125 0.9625351125 0.0386938203125 0.9449789328125 0.0468867046875 0.9195224718749999 0.058590825 0.91425561875 0.0609316484375 0.8966994375 0.0515683515625 0.8852879218749999 0.0457162921875 0.8738764046874999 0.050397939062499994 0.8721207859375 0.03986423125 0.8747542140625001 0.019967229687499997 0.87826545 0.0035814609375000002 0.793117978125 0.0012406375000000001 0.80014045 0.0269897 0.8036516859375 0.0457162921875 0.8010182578125 0.0609316484375 0.8150632015625 0.0784878265625 0.8370084265625 0.0866807125 0.8536867984375001 0.07029494375 0.8677317421874999 0.0656132953125 0.87826545 0.07263576875 0.8721207859375 0.10423689218750001 0.8677317421874999 0.1241338953125 0.8598314609375001 0.1182818359375
3 0.9561961203125 0.5983169125 0.9692810953125001 0.6055008203125001 0.98621459375 0.6137110015625 0.9946813421874999 0.6106321828125 0.9984375 0.4916666671875 0.9984375 0.4458333328125 0.990063115625 0.4454022984375 0.9685113921875 0.45566502499999995 0.9569658249999999 0.46387520625 0.942341440625 0.46592775 0.9369535093750001 0.46798029531249996 0.9230988296874999 0.45771756874999997 0.9238685343749999 0.46592775 0.9331049874999999 0.4782430203125 0.9200200125 0.4813218390625 0.9084744453125 0.48645320156249994 0.9053956281250001 0.48645320156249994 0.9139945656249999 0.5018568828125 0.9267323375000001 0.5120471015625 0.9258831515624999 0.5256340578125 0.948811140625 0.5335597828124999 0.9556046203124999 0.5482789859375 0.9428668484375 0.5505434796875 0.9369225546875001 0.5618659421875 0.9454202593750001 0.5818965515625 0.9561961203125 0.5983169125
3 0.5143857765625001 0.22988505781250002 0.5051493234375 0.22270115000000001 0.4982219828125 0.2073070609375 0.4943734609375 0.19293924375 0.4997613921875 0.1806239734375 0.5113069578125 0.1744663375 0.5066887312499999 0.1631773390625 0.5005310953125 0.15701970468749998 0.492064346875 0.1447044328125 0.49052493906250005 0.1416256171875 0.4812884859375 0.1498357953125 0.47667025937499996 0.1662561578125 0.4689732140625 0.15701970468749998 0.46358528281250005 0.14573070625 0.45357912499999997 0.15086206875 0.4574276484375 0.15907225 0.468203509375 0.1662561578125 0.47128232812500004 0.1816502453125 0.4643549875 0.1785714296875 0.4581973515625 0.1703612484375 0.45511853437500005 0.1785714296875 0.4466517859375 0.1765188828125 0.438954740625 0.1683087015625 0.4320274015625 0.16522988593750002 0.4281788796875 0.1744663375 0.4281788796875 0.19088670000000002 0.43510621875 0.19704433593749998 0.4266394703125 0.2032019703125 0.4304879921875 0.21346469531249998 0.444342671875 0.2309113296875 0.4581973515625 0.24425287343750002 0.473591440625 0.25041050781249996 0.486676415625 0.2627257796875 0.49514316562499994 0.2575944171875 0.5005310953125 0.2555418734375 0.508228140625 0.2380952375 0.5143857765625001 0.22988505781250002