2 0.166968996875 0.1731530328125 0.146767809375 0.1649076515625 0.12862796875 0.1528144234375 0.11625989375000001 0.1489665796875 0.1228562 0.1682058046875 0.14305738750000002 0.18579595468750001 0.1607849609375 0.1967897984375 0.1554254625 0.2116314859375 0.17026714999999998 0.21987686874999998 0.180573878125 0.22427440625 0.18304749375 0.23691732656250003 0.196652375 0.2446130171875 0.21190633281250001 0.23526824999999998 0.2222130609375 0.23087071250000002 0.23045844375 0.2446130171875 0.23952836406250003 0.2693491640625 0.2465369390625 0.28199208593749997 0.2527209765625 0.26385224375 0.25684366718749996 0.244063325 0.2597295515625 0.22867194375 0.2659135890625 0.2099824109375 0.272097625 0.1995382578125 0.275395778125 0.19404133750000002 0.275808046875 0.17810026406249999 0.27168535625 0.1539138078125 0.2630277046875 0.13742304375 0.25065963125 0.11543535625000001 0.2391160953125 0.1170844328125 0.233756596875 0.1269788921875 0.2325197890625 0.13467458125 0.22427440625 0.1467678109375 0.21809036874999999 0.15666226875 0.21025725624999997 0.1621591921875 0.2061345640625 0.17370272656250002 0.200362796875 0.17974933906249999 0.1818106859375 0.17864995625 0.166968996875 0.1731530328125
1 0.78784630625 0.3952286734375 0.8092843015625 0.40622251406250004 0.8208278359375001 0.41391820625 0.8340204484375 0.4133685140625 0.8418535625000001 0.4073219 0.846388521875 0.40457343906250004 0.8587565968750001 0.40952066875000004 0.8698878625 0.4155672828125 0.8760719 0.41226912968749996 0.8744228234375001 0.40512313125 0.8711246703125 0.3968777484375 0.8740105546875 0.3858839046875 0.8731860156250001 0.37873790625 0.8690633249999999 0.3798372921875 0.8558707125 0.3902814421875 0.8484498687500001 0.3847845203125 0.8455639843749999 0.36169745 0.8385554093750001 0.3572999125 0.8278364109374999 0.3578496046875 0.812170184375 0.3589489890625 0.798977571875 0.3671943703125 0.7886708437500001 0.3781882140625 0.78784630625 0.3952286734375
1 0.8876154359375 0.44470096718749996 0.8801945906249999 0.4309586625 0.851748021875 0.42875989375 0.8385554093750001 0.433707125 0.8274241421875 0.444151275 0.8241259890625001 0.4490985046875 0.8237137203125 0.4606420390625 0.8496866750000001 0.47053649999999997 0.8731860156250001 0.47713280625000004 0.8876154359375 0.4699868078125 0.8921503953125001 0.4578935796875 0.8876154359375 0.44470096718749996
1 0.4163918203125 0.64643799375 0.41931893125 0.63813764375 0.456546834375 0.5983948984375 0.485653034375 0.6574318375 0.4894665234375 0.6468502640625 0.4819426125 0.6414907640624999 0.4798812671875 0.6310466140625001 0.4932800125 0.6362686890625 0.5009069921875 0.6151055421875 0.5070910296875 0.61400615625 0.5136873343749999 0.60356200625 0.5314149078125 0.5634344765625 0.5363621375000001 0.5485927875 0.540897096875 0.5343007921875 0.540484828125 0.52275725625 0.5310026390625 0.5189094109375 0.5244063328124999 0.5222075640625 0.5247979875000001 0.5255332015625 0.5185933375 0.5321569921875 0.5120382578125 0.5343007921875 0.5123886875 0.5387807828125 0.5061840375 0.5454045734374999 0.5042051453124999 0.5513412484375 0.4999793859375 0.5520283640625 0.462751484375 0.5917711078125001 0.3817612140625 0.6695250671874999 0.377226253125 0.6854661390625 0.3685686015625 0.70360598125 0.40155013124999994 0.6937115203124999 0.4130936671875 0.6843667546875001 0.42133905 0.6722735265625001 0.418453165625 0.661829375 0.4201022421875 0.6497361484375 0.4163918203125 0.64643799375
1 0.3739281 0.4188654359375 0.376401715625 0.4144678984375 0.3677440640625 0.4133685140625 0.37351583125 0.4001759015625 0.3586741421875 0.4111697453125 0.34630606875000003 0.40952066875000004 0.3380606859375 0.4128188203125 0.3314643796875 0.41996481875 0.329815303125 0.4320580484375 0.34630606875000003 0.4353562 0.3590864109375 0.43150835625 0.36156002656249997 0.42436235624999996 0.3739281 0.4188654359375
1 0.3856889984375 0.4284676828125 0.37717865 0.43482207656250005 0.3608387796875 0.44163035624999997 0.3550517421875 0.4498002890625 0.3567538125 0.4602396515625 0.3768382359375 0.4575163390625 0.38466775625 0.44344589843750004 0.3921568625 0.43890704375 0.389773965625 0.4316448796875 0.3856889984375 0.4284676828125
1 0.37411492343749997 0.493373275 0.37785947656249996 0.49201161875 0.3850081703125 0.49064996406250005 0.3894335515625 0.48293391406249997 0.39351851875 0.4724945546875 0.3924972765625 0.4665940453125 0.382625271875 0.4611474234375 0.3734340953125 0.46568627500000004 0.36526416093749997 0.4711328984375 0.3690087140625 0.4752178640625 0.364923746875 0.47748729218749997 0.357434640625 0.4783950625 0.36117919375 0.4824800296875 0.3635620921875 0.4861111109375 0.3659449890625 0.493373275 0.3696895421875 0.4879266515625 0.37411492343749997 0.493373275
1 0.500408496875 0.4116739296875 0.49462145937499996 0.4094045015625 0.4854302828125 0.4103122734375 0.4806644875 0.4153050109375 0.475217865625 0.42165940468749996 0.4741966234375 0.42937545468750005 0.479643246875 0.43799927343749995 0.48985566406250003 0.43482207656250005 0.4980255984375 0.4284676828125 0.50279139375 0.41938997968749997 0.500408496875 0.4116739296875
1 0.48508986875 0.2859477125 0.47998365937500004 0.2904865640625 0.47317538125 0.2900326796875 0.462282134375 0.2904865640625 0.45275054531250003 0.2954793015625 0.4500272328125 0.2986565 0.45275054531250003 0.3059186640625 0.4598992375 0.3081880890625 0.470792484375 0.30728031875 0.4772603484375 0.3027414671875 0.4837282140625 0.2963870734375 0.48508986875 0.2859477125
1 0.51164215625 0.37899418906250004 0.5157271234375 0.3880718953125 0.5303649234375001 0.37536310781250004 0.534449890625 0.3540305015625 0.5242374734374999 0.3562999265625 0.51742919375 0.3667392875 0.51164215625 0.37899418906250004
1 0.36384976562500004 0.8709898265625 0.36715082187500003 0.8646322375000001 0.377787559375 0.8553403749999999 0.383656103125 0.84017996875 0.387690728125 0.8230633812500001 0.3884242953125 0.80839201875 0.3851232390625 0.8025234749999999 0.37370391718749996 0.8064516125000001 0.35578051718750003 0.8416471046874999 0.3579812203125 0.8524061046875 0.35137910781250004 0.8636541484375 0.343309859375 0.8695226921874999 0.357247653125 0.8685446000000001 0.3550469484375 0.8797926437499999 0.35027875625 0.8929968703125001 0.36384976562500004 0.8709898265625
1 0.21978022031250002 0.44146825468750006 0.2257898359375 0.4426129421875 0.222069596875 0.43650793749999994 0.2054716125 0.43116605625000004 0.193166209375 0.43536324843749996 0.1877289375 0.4449023203125 0.1988896515625 0.45177045156249995 0.20919184999999998 0.45100732499999996 0.21491529374999999 0.449481075 0.219207875 0.44604700781249995 0.21978022031250002 0.44146825468750006
3 0.2481112640625 0.4651251515625 0.25641025625 0.48725579999999996 0.25955815000000004 0.49374236875 0.2672847984375 0.47542735 0.2701465203125 0.46169108750000004 0.2770146515625 0.4498626375 0.2827380953125 0.4449023203125 0.2987637359375 0.4456654453125 0.303342490625 0.44070512968750003 0.3104967953125 0.4330738703125 0.324805403125 0.4342185578125 0.339972528125 0.43498168593750003 0.3511332421875 0.4387973140625 0.356856684375 0.43841575 0.36486950625 0.4342185578125 0.374599359375 0.42963980468749996 0.3834706953125 0.4281135515625 0.3923420328125 0.4288766796875 0.396634615625 0.42124542031249995 0.397206959375 0.3975885234375 0.39320055 0.3853785109375 0.3843292125 0.3758394375 0.37803342500000003 0.3800366296875 0.3763163921875 0.3712606828125 0.37860576875 0.3617216125 0.3665865390625 0.3483669109375 0.3585737171875 0.3495116 0.3517055859375 0.362103175 0.3359661171875 0.36515567656250003 0.3288118125 0.36515567656250003 0.3325320515625 0.35103785 0.334249084375 0.34416971875 0.331101190625 0.33653846249999997 0.32652243593749997 0.3258547 0.3213713375 0.3174603171875 0.315934065625 0.3201312578125 0.312213828125 0.30715811875 0.30277014687500003 0.3033424921875 0.29561584218750003 0.3121184375 0.2910370875 0.2980006109375 0.285027471875 0.3002899875 0.277586996875 0.3094474984375 0.2707188640625 0.32242063593750003 0.2669986265625 0.31517093906250004 0.264995421875 0.3289072046875 0.2667124546875 0.3380647125 0.25812728906250004 0.3392094015625 0.2635645609375 0.3613400484375 0.2604166671875 0.37087912031250003 0.26098901093750004 0.3785103796875 0.25412087968749997 0.3869047625 0.2572687734375 0.3952991453125 0.2604166671875 0.4036935296875 0.259844321875 0.41018009843750003 0.2572687734375 0.40789072031250007 0.253548534375 0.412469475 0.2506868125 0.40140415156250003 0.24639423124999998 0.3994963375 0.2366643765625 0.4086538453125 0.2329441390625 0.41895604375 0.240956959375 0.4399420015625 0.24324633750000002 0.4513888890625 0.2481112640625 0.4651251515625
3 0.9579022984375 0.21573275781249998 0.9480244250000001 0.23728448281249997 0.9489224140625 0.26123084375 0.9516163796875 0.29116379375 0.956106321875 0.31151819999999997 0.9605962640625 0.3570162828125 0.9614942531249999 0.3833572796875 0.95341235625 0.40131705 0.9525143671875 0.3905411875 0.9543103453124999 0.35821360156250004 0.9471264375 0.32947796875 0.9327586203125 0.3067289265625 0.91479885 0.28038793125 0.8959410921875 0.28038793125 0.8905531609375 0.3258860140625 0.884267240625 0.31511015468750003 0.884267240625 0.34264846718749997 0.8788793109374999 0.36060823750000004 0.8761853453124999 0.3713841 0.8734913796875 0.3965277765625 0.8761853453124999 0.4204741375 0.884267240625 0.43244731875 0.8905531609375 0.44801245156249997 0.903125 0.4659722234375 0.894145115625 0.4791427203125 0.8833692531249999 0.4851293109375 0.8690014375 0.48153735624999994 0.8465517234375 0.4647749046875 0.8321839078125001 0.4659722234375 0.8241020109375 0.4695641765625 0.8285919546875 0.4947078546875 0.8214080453125 0.5390086203125 0.816918103125 0.5509818 0.8070402296875001 0.5785201140625 0.8025502875000001 0.60126915625 0.7962643671875 0.6108477015625 0.7899784484375 0.6084530640625 0.783692528125 0.60126915625 0.780100575 0.59288793125 0.766630746875 0.54379789375 0.772018678125 0.5234434875 0.7738146546875 0.4935105359375 0.7754298000000001 0.4784503328125 0.769833453125 0.47188395468750005 0.765356375 0.45755730625 0.7624462750000001 0.4521848140625 0.7532682671875001 0.4486031515625 0.7514774359375 0.4438276015625 0.7483434812499999 0.43875358125 0.74185171875 0.43517191874999994 0.7331214187499999 0.4306948421875 0.722824140625 0.42562082031250004 0.714541546875 0.4208452734375 0.7026772921875 0.41756208125 0.6977525078125 0.42830706875 0.6887983531249999 0.4265162375 0.681635028125 0.41935291250000006 0.6751432671875001 0.41427889218749997 0.672233165625 0.4124880609375 0.6679799421875 0.3972659984375 0.6686515046875 0.38204393593749997 0.6686515046875 0.373686725 0.6679799421875 0.3665234 0.67133775 0.3584646609375 0.6738001437500001 0.3515998078125 0.6771579515624999 0.3438395421875 0.6811873203125 0.3345869140625 0.6843212750000001 0.3268266484375 0.6881267906249999 0.31429083125 0.6932754296875 0.3029489015625 0.6988717765625 0.293696275 0.7053635390624999 0.2841451765625 0.71722779375 0.27548949375 0.729315903125 0.2686246421875 0.7367030796875 0.2650429796875 0.7443141125 0.25041786093749996 0.7552829515624999 0.23788204375 0.7631178359375 0.2247492828125 0.7816977078125 0.197289875 0.78304083125 0.1922158546875 0.78595093125 0.1853510015625 0.788637178125 0.17878462343749998 0.78953259375 0.1713228265625 0.79244269375 0.1656518625 0.7978151859375 0.1558022921875 0.8011729937500001 0.1441618921875 0.7978151859375 0.1411771734375 0.791547278125 0.14625119375 0.7881894703125 0.13938634218749998 0.7743105296875 0.1358046796875 0.77296740625 0.13938634218749998 0.7678187671875001 0.1417741171875 0.76423710625 0.14237106093750002 0.7617747140625 0.14266953124999998 0.7593123203125 0.1552053484375 0.7579691984375 0.15341451718750002 0.7534921203125 0.14983285625 0.7461049421875 0.1552053484375 0.739837034375 0.1593839546875 0.7313305875 0.1608763125 0.732226003125 0.15222063125000002 0.73491225 0.14804202500000002 0.7411801578125 0.14147564375 0.7440902578124999 0.1361031515625 0.747448065625 0.13013371406250002 0.7452095265625001 0.12386580625000002 0.74252328125 0.11879178593749999 0.738046203125 0.11879178593749999 0.7308828796875 0.1223734484375 0.7241672640625 0.12535816718749998 0.7187947703125 0.1265520546875 0.713422278125 0.12535816718749998 0.71431769375 0.1214780328125 0.7174516468750001 0.11461318125 0.7214810171875 0.1095391609375 0.72662965625 0.1038681953125 0.7261819484375 0.0978987578125 0.7281966328125 0.09222779375 0.72953975625 0.0826766953125 0.7223764328125 0.0832736390625 0.7154369625 0.07640878749999999 0.71073603125 0.0716332375 0.702901146875 0.0847659984375 0.700438753125 0.09222779375 0.6950662609375 0.0987941734375 0.6914845984375 0.0961079265625 0.6896937671875001 0.09580945625000001 0.6780533671875 0.0999880609375 0.6735762890625 0.10118194843749999 0.6702184812499999 0.0961079265625 0.6657414046875 0.0967048703125 0.6585780796875 0.0973018140625 0.6574588109375 0.0904369625 0.6601450578125 0.0820797515625 0.6632790109375 0.0767072578125 0.6659652578124999 0.07402101250000001 0.6639505734375 0.0677531046875 0.6592496421875 0.0644699140625 0.651190903125 0.062380610937500004 0.646713825 0.07103629375 0.641117478125 0.06476838593749999 0.6384312328124999 0.05820200625000001 0.632387178125 0.0617836671875 0.6272385390624999 0.0543218734375 0.6216421921874999 0.05700811875 0.6221016015624999 0.0642917375 0.6197301859375 0.0660483421875 0.617622259375 0.06569702031249999 0.6147238625 0.0611298484375 0.6123524453125 0.052346825 0.6105080093749999 0.0449690828125 0.607346121875 0.045671725 0.6031302703125 0.0509415390625 0.5978604546875 0.0530494671875 0.5962795109375 0.0572653171875 0.5994414 0.0635890953125 0.607873103125 0.0748313671875 0.602339796875 0.08783024218749999 0.5970699828125 0.0938026984375 0.59074620625 0.0959106234375 0.5891652609375 0.10504496875 0.5891652609375 0.11874648750000001 0.5899557328125 0.12682686875 0.5918001687500001 0.1398257453125 0.5983874375 0.1552838671875 0.6044477234375 0.1647695328125 0.6126159359375001 0.1770657671875 0.6144603703125 0.1883080375 0.61788575 0.1984963453125 0.6199936765625 0.20798201249999998 0.6223650921874999 0.21641371406249998 0.625 0.22273749375000002 0.6276349078125001 0.23573636874999998 0.625263490625 0.23960089999999998 0.6134064078125 0.2469786390625 0.608663575 0.252599775 0.6052381953125 0.25857223125 0.6036572515625 0.2691118609375 0.6052381953125 0.2824620578125 0.6028667796875 0.2908937609375 0.5975969640625001 0.2979201796875 0.5962795109375 0.2951096125 0.5962795109375 0.28808319375 0.5954890390625 0.2863265875 0.5975969640625001 0.27965148906250004 0.6015493249999999 0.27121978593749996 0.6033937609375 0.2638420453125 0.6055016859375 0.2557616640625 0.6070826312500001 0.24908656406250002 0.609454046875 0.24346542968749998 0.6097175375 0.23362844374999997 0.6041842328125 0.2329258 0.6070826312500001 0.20060427343749998 0.6068191406250001 0.1953344578125 0.602339796875 0.1953344578125 0.599177909375 0.22941259218750001 0.5960160203125 0.23362844374999997 0.5891652609375 0.23608768906250002 0.5841589375 0.2350337265625 0.5767811968750001 0.2364390109375 0.5778351609375 0.2448707140625 0.5678225125 0.2483839234375 0.557809865625 0.25857223125 0.55201306875 0.2641933671875 0.5448988203125 0.2761382796875 0.5404194765625 0.2838673421875 0.5369940984375 0.29124508125 0.53251475625 0.28773187031249997 0.5330417375 0.27227375 0.5367306078125 0.2638420453125 0.5383115515625 0.2592748734375 0.5443718375000001 0.2540050578125 0.5477972171875 0.24873524374999997 0.54990514375 0.2424114671875 0.5535940140625 0.2364390109375 0.5586003374999999 0.23222315781249997 0.560971753125 0.2262507015625 0.557809865625 0.22449409843749998 0.552276559375 0.22870995 0.5470067453125 0.2318718375 0.543054384375 0.2388982578125 0.5385750421875 0.24451939375 0.5377845703124999 0.2388982578125 0.5406829671875 0.2339797640625 0.5448988203125 0.23011523281250001 0.5477972171875 0.22273749375000002 0.552803540625 0.2167650375 0.551749578125 0.2136031484375 0.5464797640625 0.21781899999999998 0.5401559859375 0.2206295671875 0.53251475625 0.22941259218750001 0.5285623953125 0.22906127031249998 0.52645446875 0.230817875 0.5227655984374999 0.2343310859375 0.5203941828125 0.2329258 0.5132799328125001 0.23679033125 0.5132799328125001 0.2448707140625 0.5085371000000001 0.2388982578125 0.5072196453125 0.23222315781249997 0.503267284375 0.2343310859375 0.4987879421875 0.22870995 0.49694350781249996 0.2388982578125 0.49325463750000004 0.23960089999999998 0.4885118046875 0.2273046640625 0.4898292578125 0.22098088749999997 0.48693085937499997 0.21571107343749998 0.48192453593750006 0.2195756046875 0.47586425 0.2132518265625 0.47533726875 0.2241427765625 0.4721753796875 0.22449409843749998 0.47507377812499996 0.2329258 0.47955312031249997 0.2364390109375 0.48455944375 0.2410061828125 0.4887752953125 0.2473299609375 0.49114671093749995 0.2536537375 0.485086425 0.25751826875 0.4790261375 0.2536537375 0.47296585156250004 0.24908656406250002 0.469540471875 0.25049185 0.46137225937500004 0.2522484546875 0.45478499218749996 0.24557335624999999 0.44951517656249995 0.2561129859375 0.4466167796875 0.2540050578125 0.4389755484375 0.25189713281250004 0.43317875156249996 0.25857223125 0.43464176875 0.2672764234375 0.4392149390625 0.277439025 0.44912347500000005 0.2835365859375 0.46360518281249996 0.2835365859375 0.4719893296875 0.2804878046875 0.4826600609375 0.2764227640625 0.4742759140625 0.3058943078125 0.4674161578125 0.31199187031250003 0.4567454265625 0.31402438906249996 0.43540396406250004 0.31402438906249996 0.4201600609375 0.31504065 0.4094893296875 0.31300812968749997 0.39348323125 0.3160569109375 0.3965320125 0.3333333328125 0.398056403125 0.34552845625 0.384336890625 0.33638211406249996 0.366806403125 0.3445121953125 0.370617378125 0.3495934953125 0.37671493906250003 0.3577235765625 0.384336890625 0.36686991875 0.395007621875 0.38211382031249996 0.39576981718750004 0.4014227640625 0.3904344515625 0.4247967484375 0.36985518281249996 0.4288617890625 0.3439405484375 0.4329268296875 0.32717225625 0.4329268296875 0.31421493906250003 0.4359756109375 0.2966844515625 0.44105691093750005 0.28220274375 0.4502032515625 0.2669588421875 0.4684959359375 0.26467225625 0.48069105624999997 0.256288109375 0.49186991874999997 0.25476371875 0.5091463421875 0.25476371875 0.527439025 0.2486661578125 0.5386178859374999 0.24790396406249998 0.5447154484375 0.2448551828125 0.5741869921875 0.2433307921875 0.5823170734375 0.25247713437499997 0.5904471546875001 0.2600990859375 0.5904471546875001 0.27076981718750004 0.5863821140625001 0.2814405484375 0.592479675 0.287538109375 0.6046747953125 0.28220274375 0.6158536578125 0.27610518281249996 0.61178861875 0.2654344515625 0.6138211375 0.2669588421875 0.625 0.270007621875 0.64430894375 0.2722942078125 0.6514227640625 0.28372713437499997 0.6636178859374999 0.273056403125 0.6808943078125 0.26848323125 0.6798780484375 0.24790396406249998 0.6697154484375 0.2379954265625 0.6697154484375 0.2341844515625 0.6829268296875 0.23494664687500003 0.6981707312500001 0.23342225625 0.7184959359375 0.23266006093749997 0.7317073171875 0.22351371874999998 0.73678861875 0.20217225625 0.7337398375 0.191501525 0.7337398375 0.17397103593750002 0.7347560984375 0.145007621875 0.7398373984375 0.138147865625 0.7439024390625 0.12976371874999998 0.7459349578125 0.127477134375 0.7642276421875 0.12137957343750001 0.7957317078125 0.12137957343750001 0.8119918703125 0.1160442078125 0.8628048765624999 0.12137957343750001 0.91056910625 0.129001525 0.93191056875 0.1320503046875 0.9593495937500001 0.1305259140625 0.9939024390625001 0.99831178125 0.9975814171874999 0.9984375 0.3145833328125 0.98125 0.34025383124999997 0.9767600578125 0.2959530640625 0.9740660921875 0.260033525 0.96957615 0.23728448281249997 0.9579022984375 0.21573275781249998
3 0.7833059203125 0.6003289484375001 0.7927631578125001 0.6091008765625 0.796875 0.60690789375 0.7989309203125 0.5981359640624999 0.8005756578125001 0.5822368421874999 0.8018092109375001 0.5712719296875 0.80550986875 0.55701754375 0.820723684375 0.5378289484375001 0.8256578953125 0.5142543859375001 0.8236019734375001 0.5016447375 0.8231907890624999 0.47587719375 0.8215460531250001 0.4599780703125 0.8203125 0.43366228125 0.8157894734375001 0.4237938609375 0.8108552625 0.41885965000000003 0.804276315625 0.41447368281249997 0.8013980265624999 0.41337719375 0.796875 0.4172149125 0.78988486875 0.46271929843750004 0.782483553125 0.4298245609375 0.7779605265625 0.4895833328125 0.782483553125 0.54440789375 0.7717927625 0.5433114046874999 0.7767269734375 0.5668859640624999 0.78207236875 0.5701754390625 0.7833059203125 0.6003289484375001