1 0.617456896875 0.3160919546875 0.6163793109375 0.30316091875 0.6158405171875 0.27586206875 0.609375 0.2686781609375 0.5953663796875001 0.2564655171875 0.585668103125 0.2478448265625 0.57866379375 0.2629310359375 0.5614224140624999 0.24066091875 0.554956896875 0.2643678171875 0.5587284484375 0.27514367968750003 0.5684267234375 0.28951149374999996 0.575431034375 0.29454022968750004 0.586206896875 0.3182471265625 0.6029094828125 0.326149425 0.617456896875 0.3160919546875
1 0.633081896875 0.2255747125 0.6271551718749999 0.21479884999999999 0.6260775859375001 0.20761494218749998 0.616918103125 0.21264367968750003 0.6153017234375 0.22413793124999998 0.6239224140624999 0.2478448265625 0.6346982765625 0.2808908046875 0.653017240625 0.2995689640625 0.6627155171875 0.2844827578125 0.6540948281250001 0.2579022984375 0.6476293109375 0.2327586203125 0.6427801718749999 0.2234195390625 0.633081896875 0.2255747125
1 0.69288793125 0.3807471265625 0.6804956890625 0.3807471265625 0.6767241375 0.3778735625 0.6778017234375 0.39798850625000004 0.6971982765625 0.41379310468749997 0.706357759375 0.43606321875000004 0.7327586203124999 0.43893678124999996 0.741918103125 0.43534482656250006 0.7365301718749999 0.4001436796875 0.7246767234375 0.3850574703125 0.7128232765625 0.3785919546875 0.69288793125 0.3807471265625
1 0.7543103453125 0.5237068953125 0.76508620625 0.5079022984375 0.77586206875 0.4949712640625 0.7764008625 0.48778735624999997 0.7693965515625 0.47629310468749997 0.7570043109375 0.46048850625000004 0.7537715515625 0.4540229875 0.7273706890625 0.4518678171875 0.6912715515625 0.4791666671875 0.679418103125 0.4935344828125 0.6815732765625 0.52873563125 0.6783405171875 0.5502873562499999 0.6939655171875 0.5502873562499999 0.7122844828125 0.5502873562499999 0.7327586203124999 0.5481321828125 0.7365301718749999 0.5416666671875 0.7543103453125 0.5237068953125
1 0.5802523468749999 0.5775625984375 0.6007922531250001 0.5888106421875 0.6294014078125 0.5946791859375 0.6484741781250001 0.5922339578125 0.6609448359375001 0.58196400625 0.6679137328125 0.5697378703125 0.6712147890625 0.5550665109375 0.662411971875 0.5403951484375 0.652508803125 0.5203442875000001 0.6470070421874999 0.5159428796875 0.618031103125 0.5081181546875 0.6000586859375 0.5081181546875 0.5901555171874999 0.5056729265625 0.5754841546875 0.5046948359375001 0.573650234375 0.5134976515624999 0.5710827468749999 0.5193661984375 0.5545774640625 0.5159428796875 0.5446742953125 0.5154538328125 0.5450410796875 0.5262128328125 0.5450410796875 0.5526212828125 0.540639671875 0.5790297328125 0.5461414312499999 0.5770735515625 0.563747065625 0.56729264375 0.5802523468749999 0.5775625984375
1 0.638204225 0.55946791875 0.627934271875 0.5462636937500001 0.6205985921875 0.5443075125 0.6125293421875 0.54479655625 0.6099618546875 0.5364827859375 0.6059272296875 0.5462636937500001 0.608127934375 0.55017605625 0.608861503125 0.553599375 0.608861503125 0.5609350546874999 0.6143632625000001 0.5692488265625 0.6205985921875 0.574628325 0.634536384375 0.5804968703125 0.638571009375 0.5716940546875 0.638204225 0.55946791875
1 0.2739876765625 0.6836854453125001 0.2835240609375 0.6841744921874999 0.295627934375 0.6841744921874999 0.30883215937499997 0.68270735625 0.3205692484375 0.6783059453125 0.32643779375 0.6704812203125 0.3312059859375 0.66265649375 0.330105634375 0.6582550859375 0.325704225 0.6518974953125001 0.319468896875 0.64553990625 0.3066314546875 0.6421165875 0.294894365625 0.6489632234375 0.27875586874999997 0.6553208140625 0.265184859375 0.6631455390625 0.24427816875000002 0.6646126765625 0.247579225 0.6660798125 0.251247065625 0.6748826296875 0.24721244062499997 0.6885759 0.251980634375 0.6895539890625 0.2637177234375 0.6846635375 0.2739876765625 0.6836854453125001
1 0.22007042187499998 0.6748826296875 0.230707159375 0.6690140859375 0.234375 0.6562989046875 0.231440728125 0.6430946796875 0.22410504687500002 0.6338028171875 0.21273474218750002 0.6294014078125 0.20136443593750003 0.6294014078125 0.1980633796875 0.6357589984375001 0.1888937796875 0.6274452265625 0.18155809843749998 0.6274452265625 0.18265845 0.638204225 0.1885269953125 0.6445618140625 0.19109448281250002 0.6470070421874999 0.1877934265625 0.6558098578125 0.19769659687500002 0.6660798125 0.22007042187499998 0.6748826296875
1 0.1701792640625 0.5244670546875 0.1759326546875 0.52567829375 0.1859253875 0.5212370796875 0.1922844 0.5111434109374999 0.1953125 0.4994347546875 0.1859253875 0.4885335921875 0.170784884375 0.47722868125 0.1610949609375 0.48005491093749997 0.156552809375 0.4861111109375 0.15170784843750001 0.4953972875 0.1459544578125 0.4917635671875 0.13989825625000002 0.49297480625 0.13929263593750002 0.5091246765624999 0.15049660781250002 0.5123546515624999 0.15079941875 0.5232558140625 0.1610949609375 0.5240633078125 0.1674539734375 0.5212370796875 0.1701792640625 0.5244670546875
1 0.0908430234375 0.42958656250000005 0.090237403125 0.4098029703125 0.0859980625 0.3952680875 0.078427809375 0.3888081390625 0.0708575578125 0.3863856578125 0.0690406984375 0.3783107234375 0.06328730625 0.37508075 0.060562015625 0.3787144703125 0.0557170546875 0.38517441875 0.0584423453125 0.3896156328125 0.06298449687499999 0.40697674375000004 0.06994912812500001 0.42353036250000003 0.082364340625 0.43604651250000004 0.0908430234375 0.42958656250000005
3 0.0029370296875 0.42606516250000004 0.0023496234375 0.9970238109375 0.8203125 0.9979166671874999 0.834116540625 0.9891917296875 0.8493890984375 0.9656954890625 0.8523261281250001 0.9555137859375 0.8540883453125 0.9398496250000001 0.8558505640625 0.9218358390624999 0.849976503125 0.8952067671874999 0.84410244375 0.85996240625 0.837640978125 0.8239348375000001 0.8300046999999999 0.7871240609375 0.8300046999999999 0.7636278187500001 0.8253054515624999 0.7252506265625 0.8253054515624999 0.7119360890624999 0.8100328953125 0.6759085203125 0.7971099625 0.6657268171874999 0.772438909375 0.6531954890625 0.757753759375 0.6328320796875 0.7518797 0.6156015046875 0.7436560156249999 0.5748746875 0.7377819546875 0.56704260625 0.7295582703125 0.5592105265625 0.7072368421874999 0.5592105265625 0.6831531953125001 0.5529448625 0.6702302625 0.56156015 0.6667058265625 0.58114035 0.6578947375 0.5952380953125 0.6291118421874999 0.5960213046875 0.6032659781249999 0.5921052625 0.572133459375 0.5787907265625 0.570371240625 0.5827067671874999 0.5439379703125 0.5952380953125 0.539826128125 0.5764411015625 0.5363016921875 0.5317982453125001 0.541000940625 0.5137844609375 0.5580357140625 0.5122180453125 0.5609727437500001 0.50595238125 0.555686090625 0.49107142968749995 0.541000940625 0.4887218046875 0.5280780078125 0.47697368281249997 0.5034069546875 0.4628759390625 0.48343515000000004 0.4519110265625 0.4634633453125 0.4440789484375 0.4340930453125 0.437030075 0.42293233125 0.4221491234375 0.40472274375 0.40570175468749997 0.390625 0.3853383453125 0.384163534375 0.373590225 0.35244360937499997 0.34304511249999997 0.3307095859375 0.3281641609375 0.3125 0.30858396093749996 0.2942904140625 0.2929198 0.2690319546875 0.27412280624999996 0.2555216171875 0.26472431093750004 0.23613721875000002 0.24906014999999998 0.21910244375 0.2380952375 0.1914943609375 0.25454260624999997 0.17622180468749998 0.26315789375 0.15977443593750001 0.2929198 0.148026315625 0.30701754375 0.132753759375 0.30388471250000004 0.1086701125 0.28743734375 0.0898731203125 0.2882205515625 0.07225094062500001 0.29448621406250003 0.05697838281249999 0.3062343359375 0.04699248125 0.31798245625 0.042880639062499996 0.3391290734375 0.046405075000000004 0.36027568906249996 0.0411184203125 0.3861215546875 0.035244360937500004 0.4064849625 0.0211466171875 0.4166666671875 0.0029370296875 0.42606516250000004