1 0.3283570546875 0.1614067671875 0.3213954203125 0.1655321796875 0.317527846875 0.16450082500000002 0.3109529703125 0.1732673265625 0.30824566875000003 0.181002475 0.3202351484375 0.1763613859375 0.3306775984375 0.1722359734375 0.3357054453125 0.1608910890625 0.3283570546875 0.1614067671875
1 0.42775371250000005 0.370255775 0.4219523515625 0.38005363124999997 0.412283415625 0.3857260734375 0.40686881250000007 0.4001650171875 0.4115099015625 0.4022277234375 0.4242728953125 0.39655528125 0.4351021046875 0.3836633671875 0.43664913437499997 0.36819306875 0.42775371250000005 0.370255775
1 0.43935643593749996 0.4450288765625 0.430461015625 0.4455445546875 0.422339109375 0.4486386140625 0.41421720312500004 0.45276402656250003 0.410349628125 0.45843646875 0.41421720312500004 0.45946782031250005 0.4242728953125 0.45998349843749997 0.43316831718750004 0.45843646875 0.43780940625 0.45431105625 0.43935643593749996 0.4450288765625
1 0.089340965625 0.4764851484375 0.08315284687499999 0.49040841718749995 0.0785117578125 0.5053630359375 0.0754176984375 0.5218646875 0.081219059375 0.5136138609375 0.0908879953125 0.49865924218749996 0.097462871875 0.48370462031250006 0.0993966578125 0.4646245875 0.089340965625 0.4764851484375
1 0.0177908421875 0.45843646875 0.0085086640625 0.4739067671875 0.0003867578125 0.4893770625 0.001160271875 0.5110354796875 0.009282178125 0.5012376234375 0.0189511140625 0.48576732656250005 0.0177908421875 0.4739067671875 0.0212716578125 0.4532797015625 0.0177908421875 0.45843646875
1 0.2525525984375 0.7106023109375 0.2606745046875 0.7080239265625 0.2699566828125 0.70544554375 0.270343440625 0.6997731015624999 0.26647586562500003 0.6935849828125 0.2571936875 0.6935849828125 0.24829826718749998 0.70544554375 0.245590965625 0.7204001640625 0.2525525984375 0.7106023109375
1 0.00425433125 0.9839108921875 0.009668935937500001 0.9864892734374999 0.0243657171875 0.9875206265625 0.0344214109375 0.9725660062499999 0.026686262500000002 0.9705033000000001 0.016630568749999998 0.9756600671875001 0.00425433125 0.9839108921875
1 0.5990220046875 0.4777913609375 0.5948196828125 0.4854319484375 0.5913814187499999 0.4981662578125 0.6016962109375 0.49205378906249997 0.612011003125 0.48594132031250004 0.619269559375 0.4767726171875 0.61239303125 0.4742257546875 0.6043704156249999 0.4742257546875 0.5990220046875 0.4777913609375
1 0.7239455984375 0.40902607968750004 0.724327628125 0.4176854125 0.7247096578125001 0.4309290953125 0.7308221265625 0.42226976406250005 0.731968215625 0.4085167078125 0.7334963328125 0.3968011421875 0.7273838625 0.39883863124999996 0.7239455984375 0.40902607968750004
1 0.0344448875 0.0845314171875 0.03194888125 0.09518104375 0.032947284375000004 0.11048988281250001 0.0409345046875 0.107161875 0.0469249203125 0.0938498390625 0.047424121875 0.07454739218749999 0.04143370625 0.0732161875 0.0344448875 0.0845314171875
3 0.367412140625 0.7241746546875001 0.3729033546875 0.7368210859375 0.3778953671875 0.7474707125 0.3873801921875 0.7488019171875 0.3888777953125 0.7581203421875 0.401357828125 0.7647763578125 0.41234025625 0.76144835 0.4243210859375 0.7527955265624999 0.43929712500000007 0.7481363140624999 0.4557707671875 0.7474707125 0.467751596875 0.7294994671875 0.46924920156249994 0.7108626203124999 0.46425718906249996 0.6982161875 0.4542731625 0.693556975 0.44279153281249994 0.69555378125 0.43330670937500004 0.6975505859375 0.42631789062500003 0.6902289671874999 0.42631789062500003 0.6815761453125 0.4178314703125 0.6729233234375 0.4108426515625 0.6669329078125 0.399361021875 0.67159211875 0.3863817890625 0.6769169328125 0.3853833859375 0.6855697546874999 0.379892171875 0.6829073484375 0.3744009578125 0.6849041546875 0.3729033546875 0.6902289671874999 0.367412140625 0.6948881796874999 0.3634185296875 0.7082002125 0.367412140625 0.7241746546875001
3 0.306509584375 0.64230564375 0.3169928109375 0.6389776359375 0.32448083125 0.6283280078125 0.3264776359375 0.6170127796875 0.3204872203125 0.6070287546875 0.3239816296875 0.6003727375000001 0.31799121406249997 0.5937167203125 0.3095047921875 0.5930511187499999 0.2995207671875 0.5917199140625 0.2880391375 0.5963791265625 0.2790535140625 0.6017039390625001 0.2755591046875 0.6143503734375 0.27605830625 0.625 0.284544728125 0.63698083125 0.2950279546875 0.6403088390625 0.306509584375 0.64230564375
3 0.5551118203125001 0.4998668796875 0.5621006390625001 0.49920127656249996 0.5635982421875 0.48588924375 0.5675918531249999 0.4725772109375 0.5665934499999999 0.45993077656250003 0.5621006390625001 0.44994675156249997 0.556609425 0.43929712500000007 0.5476238015625 0.42731629375 0.5351437703124999 0.42199148124999997 0.5331469656250001 0.42997870000000005 0.5316493609374999 0.4386315234375 0.5291533546875 0.44994675156249997 0.535642971875 0.45993077656250003 0.537140575 0.47523961718749996 0.5451277953125 0.48788605 0.5551118203125001 0.4998668796875
3 0.5071884984375 0.46924920156249994 0.5121805109374999 0.4679179984375 0.514177315625 0.45327476093749997 0.5056908953125 0.43463791250000006 0.4977036734375 0.4259850890625 0.48971645312499995 0.4140042609375 0.47623801875 0.41001065 0.46924920156249994 0.42199148124999997 0.46825079843750006 0.4326411078125 0.47673722031250004 0.43730031875 0.484724440625 0.4412939296875 0.48771964843750004 0.45260915781250005 0.491713259375 0.4579339734375 0.5006988812500001 0.4632587859375 0.5071884984375 0.46924920156249994
3 0.2555910546875 0.11248668749999999 0.255091853125 0.1284611296875 0.2680710859375 0.12912673125000002 0.2850439296875 0.12912673125000002 0.3020167734375 0.13511714531250002 0.322484025 0.1417731625 0.3364616609375 0.1417731625 0.34644568750000004 0.1604100109375 0.35842651718749996 0.1604100109375 0.3604233234375 0.13844515468750002 0.35393370625 0.11847710468749999 0.350439296875 0.1025026625 0.3459464859375 0.09185303593750001 0.3299720453125 0.0865282203125 0.320986421875 0.08320021250000001 0.306509584375 0.08053780625 0.29552715625000003 0.08053780625 0.2825479234375 0.0732161875 0.2685702875 0.0698881796875 0.257587859375 0.0672257734375 0.2505990421875 0.0638977640625 0.2421126203125 0.0678913734375 0.23662140625 0.061900957812500004 0.2251397765625 0.0592385515625 0.21415734843749998 0.056576145312500006 0.2021765171875 0.054579339062499996 0.1936900953125 0.05857295 0.18470447343750002 0.06589456875000001 0.18670127812499998 0.0792066015625 0.198682109375 0.0911874328125 0.2156549515625 0.09784345 0.23362619843750002 0.10050585781250002 0.24860223593750003 0.1091586796875 0.2555910546875 0.11248668749999999
3 0.030451278124999998 0.3075079875 0.0384384984375 0.29552715625000003 0.0369408953125 0.2788871140625 0.030451278124999998 0.26424387656250004 0.020966453125 0.2529286484375 0.016473642187500002 0.2389510125 0.0264576671875 0.23229499374999998 0.0359424921875 0.2229765703125 0.0289536734375 0.2183173578125 0.016473642187500002 0.21964856250000003 0.0064896171875 0.2289669859375 0.0004992015625 0.2289669859375 0 0.32481363124999996 0.0089856234375 0.3281416390625 0.016473642187500002 0.3154952078125 0.0174720453125 0.30551118125 0.030451278124999998 0.3075079875
3 0.24905302968749998 0.0239899 0.247632575 0.0340909078125 0.250473484375 0.0479797984375 0.2608901515625 0.049242425 0.27272727343750003 0.055555556250000006 0.2864583328125 0.06313131250000001 0.3011363640625 0.0618686875 0.3072916671875 0.050505049999999996 0.3082386359375 0.0397727265625 0.3134469703125 0.0347222234375 0.327651515625 0.0397727265625 0.3262310609375 0.027777776562500002 0.32481060624999997 0.0157828296875 0.314867425 0.0113636359375 0.30492424218749997 0.0094696984375 0.293087121875 0.0094696984375 0.2803030296875 0.013257574999999999 0.27130681874999996 0.0164141421875 0.265151515625 0.0170454546875 0.2604166671875 0.0258838375 0.24905302968749998 0.0239899
3 0.37784090937500003 0.05303030156250001 0.388257575 0.049242425 0.386837121875 0.0397727265625 0.378787878125 0.03030303125 0.3697916671875 0.025252524999999998 0.36079545468749996 0.0239899 0.3527462125 0.025252524999999998 0.3428030296875 0.03093434375 0.3428030296875 0.0410353546875 0.34943181874999996 0.0523989890625 0.35795454531250004 0.0580808078125 0.3702651515625 0.0618686875 0.37784090937500003 0.05303030156250001
3 0.1387310609375 0.25631313125 0.14346590937499998 0.2474747484375 0.152462121875 0.23737373750000001 0.1581439390625 0.22474747499999997 0.168087121875 0.21780303124999997 0.1609848484375 0.21275252500000003 0.1510416671875 0.2045454546875 0.140151515625 0.20580808125 0.1268939390625 0.2102272734375 0.1160037875 0.21590909218749998 0.10653409062500001 0.22411616250000002 0.10321969687500002 0.2342171703125 0.1022727265625 0.2449494953125 0.10653409062500001 0.2537878796875 0.11410984843750001 0.25757575781250003 0.12642045468750002 0.2582070703125 0.1387310609375 0.25631313125
3 0.156723484375 0.2493686875 0.1633522734375 0.24242424218749997 0.1728219703125 0.24242424218749997 0.1789772734375 0.24368686875 0.1827651515625 0.2537878796875 0.1922348484375 0.26073232343749997 0.200284090625 0.26704545468749996 0.21070075781250003 0.2582070703125 0.2173295453125 0.2518939390625 0.221117425 0.24368686875 0.21780302968749998 0.23611111093749998 0.2102272734375 0.23106060624999997 0.203598484375 0.22285353593749999 0.19981060625 0.21275252500000003 0.19081439375 0.2121212125 0.18465909062500002 0.2121212125 0.1737689390625 0.21906565625000002 0.1666666671875 0.2209595953125 0.1609848484375 0.2272727265625 0.15956439375 0.2329545453125 0.1543560609375 0.2405303015625 0.1496212125 0.2493686875 0.156723484375 0.2493686875