3 0.3321314109375 0.30341880468750004 0.349759615625 0.31517093906250004 0.374599359375 0.2980769234375 0.3954326921875 0.3087606828125 0.40825320468750004 0.3301282046875 0.4290865390625 0.34722222343750003 0.468349359375 0.36858974375 0.4947916671875 0.37820512968750003 0.52764423125 0.36004273593749997 0.5452724359375 0.3376068375 0.5773237171875001 0.3226495734375 0.6045673078125 0.3044871796875 0.6221955125 0.2841880328125 0.6334134609375 0.2617521375 0.666266025 0.2735042734375 0.7079326921875 0.27777777656249997 0.750400640625 0.28311965781250004 0.7824519234375 0.2713675203125 0.7920673078125 0.25641025625 0.8064903843750001 0.23611111093749998 0.8209134609375001 0.20192307656250003 0.819310896875 0.1837606828125 0.8104967953125 0.15598290625 0.8000801281250001 0.125 0.7920673078125 0.1100427359375 0.7928685890625 0.0908119671875 0.7832532046875 0.0641025640625 0.736778846875 0.033119657812499995 0.697516025 0.028846154687499997 0.666266025 0.0470085484375 0.618189103125 0.0544871796875 0.583733975 0.0384615375 0.5612980765625 0.030982906249999997 0.537259615625 0.035256410937499996 0.4955929484375 0.0587606828125 0.45152243593749997 0.0865384625 0.42828525624999997 0.10683760625000001 0.44110576874999996 0.08119658125 0.48677884687499995 0.0587606828125 0.499599359375 0.029914529687500004 0.474759615625 0.0106837609375 0.4427083328125 0.0213675203125 0.4146634609375 0.055555556250000006 0.3946314109375 0.0758547 0.368990384375 0.099358975 0.36818910312500003 0.125 0.364983975 0.15170940156249998 0.325721153125 0.1602564109375 0.3072916671875 0.1794871796875 0.28485576875 0.20405982968749997 0.27764423125 0.23183760625 0.27764423125 0.26923076875 0.281650640625 0.29059828906249996 0.3104967953125 0.3012820515625 0.3321314109375 0.30341880468750004
3 0.8297275640624999 0.6463675203125 0.8433493593750001 0.6228632484375 0.8601762828125 0.5918803421875001 0.8625801281250001 0.5534188046875 0.856971153125 0.5202991453125 0.8425480765625 0.49572649531249996 0.8185096156249999 0.4540598296875 0.7896634609375 0.4540598296875 0.7407852562499999 0.45512820468750004 0.7103365390625 0.4786324796875 0.69110576875 0.5064102562499999 0.6678685890625 0.5395299140625001 0.656650640625 0.5576923078125 0.6334134609375 0.5833333328125 0.6294070515625 0.6121794875 0.6470352562499999 0.6217948703125 0.6830929484375 0.6623931625 0.7039262828124999 0.6891025640625 0.7327724359375 0.6923076921875 0.780849359375 0.6848290609375 0.80328525625 0.6762820515625 0.8137019234375 0.66773504375 0.8297275640624999 0.6463675203125
3 0.363984675 0.9259259249999999 0.3801484671875 0.9035759890625 0.38433907968750003 0.886015325 0.3915229890625 0.8532886328125 0.38852969375 0.8349297578125 0.387332375 0.8141762453125001 0.3903256703125 0.7982120046875 0.38433907968750003 0.77506385625 0.3597940609375 0.7527139203125001 0.3316570875 0.7391443171875001 0.3125 0.7455300125 0.283165709375 0.7383461046875001 0.26819923437500004 0.7630906765625001 0.2604166671875 0.7982120046875 0.253232759375 0.8317369078124999 0.256226053125 0.8397190296874999 0.262811303125 0.8724457203125 0.25802203125 0.8971902937499999 0.257423371875 0.9155491703124999 0.26819923437500004 0.9275223499999999 0.29633620625 0.9434865890624999 0.3148946359375 0.9522669234375 0.3556034484375 0.9378991062500001 0.363984675 0.9259259249999999
1 0.095785440625 0.625 0.10057471250000001 0.6441570875 0.1095545984375 0.646551725 0.11254789218750001 0.6170178796875 0.1143438703125 0.6002554265625 0.1143438703125 0.5898786703125001 0.10177203125 0.6002554265625 0.095785440625 0.625
1 0.0826149421875 0.6832694765625 0.07483237499999999 0.6880587484375 0.06944444375 0.7024265640625 0.06645115 0.7112068953125 0.06585249062500001 0.7223818640624999 0.07064176250000001 0.7239782890625001 0.075431034375 0.7096104734375001 0.0778256703125 0.6944444437499999 0.0826149421875 0.6832694765625
1 0.1335009578125 0.5826947640625 0.1275143671875 0.5699233703125001 0.121527778125 0.5683269484375 0.10596264375 0.5779054921875 0.0874042140625 0.5890804609375 0.076628353125 0.6026500640625 0.080818965625 0.6106321828125 0.094588121875 0.603448275 0.10476532499999999 0.5930715203125 0.120330459375 0.5850894 0.1335009578125 0.5826947640625
1 0.1382902296875 0.5651341000000001 0.141882184375 0.5523627078125 0.13888888906250002 0.53480204375 0.132303640625 0.543582375 0.132303640625 0.5603448265625001 0.1382902296875 0.5651341000000001
1 0.170617815625 0.543582375 0.17001915781250002 0.5555555562500001 0.17001915781250002 0.5707215828125001 0.1789990421875 0.57551085625 0.1789990421875 0.5619412515625 0.17660440625 0.5499680703125 0.17600574687499998 0.53560025625 0.170617815625 0.543582375
1 0.21072796875000002 0.47413793125000003 0.20773467499999998 0.4813218390625 0.2041427203125 0.4956896546875 0.2029454015625 0.5076628359375001 0.2047413796875 0.5180395921875001 0.21252394687499998 0.5172413796875001 0.21312260468750002 0.5004789265625 0.21312260468750002 0.4909003828125 0.21551724062500002 0.4789272015625 0.21072796875000002 0.47413793125000003
1 0.10237068906249999 0.73515325625 0.0933908046875 0.7503192859375 0.091594828125 0.7590996171875 0.08800287343749999 0.77586206875 0.08560823749999999 0.7838441890625 0.0886015328125 0.7918263078125001 0.09518678124999999 0.7782567046875 0.10057471250000001 0.7606960421875 0.1035680078125 0.7423371640624999 0.10237068906249999 0.73515325625
3 0.2449324328125 0.2583833828125 0.23836336406249997 0.2608858859375 0.2327327328125 0.2602602609375 0.2364864859375 0.26776776875 0.23883258281250003 0.2790290296875 0.24070945937500002 0.2884134125 0.23789414375 0.2890390390625 0.231325075 0.2790290296875 0.22522522500000003 0.26964464375 0.221471471875 0.26839339375 0.2177177171875 0.2715215203125 0.2181869375 0.275275275 0.227571321875 0.2859109109375 0.2327327328125 0.2909159171875 0.23554804843750002 0.2971721734375 0.231325075 0.3003003 0.231325075 0.3046796796875 0.23507882812499997 0.3165665671875 0.24070945937500002 0.3272022015625 0.2364864859375 0.3265765765625 0.22710210156250002 0.3128128125 0.2181869375 0.3003003 0.21114864843749998 0.3046796796875 0.21631005937499997 0.31906906875 0.22287912968749998 0.32595095 0.2261636640625 0.3353353359375 0.23085585625 0.3409659671875 0.228509759375 0.3453453453125 0.22475600624999997 0.3459709703125 0.2177177171875 0.3365865875 0.20833333281250002 0.3409659671875 0.202702703125 0.3516016015625 0.21443318281249998 0.3591091078125 0.2177177171875 0.3647397390625 0.2238175671875 0.374124125 0.22569444375 0.38038038125 0.2210022515625 0.37975475468750003 0.213025525 0.3772522515625 0.2050487984375 0.375375375 0.20598723749999998 0.38475976093750003 0.20082582656249998 0.3885135125 0.197072071875 0.3866366375 0.19097222187500001 0.3897647640625 0.18064940000000002 0.3860110109375 0.1825262765625 0.4016516515625 0.1895645640625 0.401026025 0.197072071875 0.4104104109375 0.2022334828125 0.4154154140625 0.2017642640625 0.4323073078125 0.18674925 0.4172922921875 0.184403153125 0.4285535546875 0.19988738749999999 0.44544544531249997 0.2102102109375 0.44919919999999997 0.22287912968749998 0.4529529515625 0.2322635140625 0.46734234218750004 0.237424925 0.475475475 0.237424925 0.48798798750000005 0.2393018015625 0.4986236234375 0.247278528125 0.5030030015625 0.23883258281250003 0.5073823828124999 0.2397710203125 0.5155155140625001 0.24352477499999997 0.5236486484375 0.23554804843750002 0.5280280265624999 0.2261636640625 0.5324074078125001 0.222409909375 0.5361611609375 0.2172484984375 0.5455455453125 0.21255630625 0.5574324328125 0.2102102109375 0.56869369375 0.20411036093749998 0.5668168171875 0.1989489484375 0.5711961953125 0.19988738749999999 0.575575575 0.2102102109375 0.5868368375 0.2177177171875 0.5899649640625 0.22006381406250003 0.59371871875 0.22194069062500002 0.5987237234375 0.2242867875 0.6049799796875 0.2242867875 0.6099849859375001 0.2205330328125 0.6224974984375 0.2139639640625 0.63125625625 0.2050487984375 0.6337587578125 0.196133634375 0.6468968984375 0.1797109609375 0.6493994 0.18205705781249998 0.65565565625 0.1914414421875 0.6700450453125 0.19472597656249999 0.69944945 0.202702703125 0.7032032046875 0.215840840625 0.7232232234375 0.228509759375 0.7301051046875 0.24305555625 0.7294794796875 0.259947446875 0.724474475 0.2730855859375 0.7044544546875 0.278716215625 0.6925675671875 0.2810623125 0.6700450453125 0.2871621625 0.6525275265625 0.3003003 0.6594094109374999 0.290446696875 0.6806806812499999 0.28293918906250004 0.7038288296874999 0.2749624625 0.71884384375 0.27214714687499997 0.7369869875 0.26745495468749997 0.7520020015625 0.2791854359375 0.75075075 0.28575450468749997 0.7363613609375 0.2988926421875 0.7407407421875 0.31859985 0.7463713703125 0.3331456453125 0.7401151140625 0.3570758265625 0.7463713703125 0.38100600625 0.7538788796875 0.37631381406250003 0.74449449375 0.396959459375 0.7225975984375 0.4237049546875 0.725725725 0.4452890390625 0.7476226234375 0.46921921875 0.7645145140625 0.5227102109375 0.7651401390625 0.5053490984375 0.7463713703125 0.490334084375 0.7382382375 0.4757882890625 0.7138388390625 0.45983483437499995 0.6956956953125 0.4481043546875 0.6781781796875 0.44294294218749997 0.6625375375 0.44200450468749997 0.6456456453125 0.4415352859375 0.6362612609375 0.4542042046875 0.6425175171874999 0.459365615625 0.6456456453125 0.4668731234375 0.6337587578125 0.46828078125 0.6124874874999999 0.47156531562500004 0.5862112109375001 0.4584271765625 0.5643143140625 0.4546734234375 0.5543043046875 0.4452890390625 0.5317817812500001 0.4387199703125 0.51926926875 0.43402777812500004 0.5036286296875 0.43262012031249997 0.4873623625 0.43308933906249997 0.4698448453125 0.4241741734375 0.4723473484375 0.4171358859375 0.4823573578125 0.41291291250000006 0.4873623625 0.409628378125 0.48048048125 0.409628378125 0.45795795781250004 0.410097596875 0.4529529515625 0.4021208703125 0.42980480468750004 0.4021208703125 0.4172922921875 0.39602102031249997 0.4047797796875 0.390390390625 0.4172922921875 0.375375375 0.3953953953125 0.375375375 0.3853853859375 0.3744369375 0.3584834828125 0.372090840625 0.3459709703125 0.365521771875 0.3397147140625 0.3697447453125 0.3215715703125 0.3673986484375 0.3121871875 0.359421921875 0.3121871875 0.34769144218750003 0.3134384375 0.34346846875 0.3209459453125 0.33736861875 0.3422172171875 0.33126876875 0.34346846875 0.3265765765625 0.3372122125 0.3195382890625 0.3409659671875 0.3195382890625 0.3490991 0.321415165625 0.3591091078125 0.32516891875 0.3772522515625 0.327515015625 0.3841341328125 0.32892267343750003 0.39289289374999997 0.32516891875 0.401026025 0.3209459453125 0.38475976093750003 0.3176614109375 0.3647397390625 0.31296921875 0.30655655625 0.2946696703125 0.2971721734375 0.2895082578125 0.3003003 0.278716215625 0.2827827828125 0.27590090156249997 0.2859109109375 0.2801238734375 0.29404404375 0.26933183125000004 0.2884134125 0.265108859375 0.27777777656249997 0.2576013515625 0.2602602609375 0.2519707203125 0.2577577578125 0.255724475 0.2784034046875 0.247278528125 0.2765265265625 0.24587087031250002 0.2615115125 0.2449324328125 0.2583833828125