3 0 0.99375 0.49190705156250003 0.9925213671875 0.505528846875 0.9797008546875 0.506330128125 0.9594017109375 0.5015224359375 0.9358974359375001 0.5335737171875 0.8920940171874999 0.5512019234375 0.8547008546875 0.5463942312500001 0.8258547 0.5327724359375 0.8173076921875 0.5151442312500001 0.8044871796875 0.5071314109375 0.78098290625 0.49751602500000003 0.7649572640625 0.49511217968750004 0.7542735046875 0.4927083328125 0.7350427359375 0.4830929484375 0.7275641015625001 0.46306089687499996 0.724358975 0.4534455125 0.7211538453124999 0.4534455125 0.70726495625 0.462259615625 0.6955128203125 0.46386217968750004 0.6709401703125 0.4518429484375 0.650641025 0.4398237171875 0.6367521375 0.44142628281249996 0.6207264953125 0.4478365390625 0.6143162390625 0.46706730781249994 0.5918803421875001 0.4790865390625 0.5673076921875 0.4903044875 0.5459401703125 0.4903044875 0.5235042734375 0.4846955125 0.5042735046875 0.475080128125 0.49465811875 0.4582532046875 0.49145299218750005 0.45424679531249995 0.4839743578125 0.45424679531249995 0.4668803421875 0.455849359375 0.4369658125 0.4678685890625 0.4262820515625 0.474278846875 0.40705128124999995 0.4798878203125 0.3888888890625 0.48790064062500005 0.3547008546875 0.48389423125000003 0.33440171093750004 0.468669871875 0.33440171093750004 0.4486378203125 0.31837606875 0.46386217968750004 0.2863247859375 0.4734775640625 0.2574786328125 0.48389423125000003 0.24465811875000001 0.48229166718750005 0.2232905984375 0.47588141093749997 0.1869658125 0.48870192343749996 0.16559828906250001 0.4798878203125 0.14529914531250002 0.48229166718750005 0.1260683765625 0.4702724359375 0.1260683765625 0.4534455125 0.10042735 0.43181089687499996 0.08333333281250001 0.4173878203125 0.0854700859375 0.3965544875 0.06944444375 0.368509615625 0.06623931718750001 0.3452724359375 0.074786325 0.321233975 0.0737179484375 0.3300480765625 0.061965812499999995 0.324439103125 0.0480769234375 0.30440705156250003 0.0405982890625 0.30120192343749996 0.034188032812500005 0.2835737171875 0.022435898437499997 0.27235576875 0.034188032812500005 0.2643429484375 0.013888889062500001 0.253125 0.0021367515625 0 0 0 0.99375
1 0.709246734375 0.34825870625 0.716243003125 0.3451492546875 0.7133278921875 0.33893034843750003 0.7083722015625 0.3362095765625 0.7028334890625 0.33776430468749996 0.6958372203125001 0.3365982578125 0.6902985078125 0.3365982578125 0.684176771875 0.340485075 0.6902985078125 0.3428171640625 0.6955457093749999 0.3467039796875 0.70166744375 0.3498134328125 0.709246734375 0.34825870625
1 0.7107042906250001 0.1663557203125 0.7179920703125 0.1648009953125 0.7159514921875 0.1554726375 0.7115788249999999 0.1511971390625 0.7060401125 0.14925373125000002 0.69904384375 0.1453669140625 0.6975862875 0.1523631828125 0.6943796640625 0.1546952734375 0.6999183765625 0.15625 0.7048740671875 0.1605254984375 0.7034165109375 0.1675217671875 0.7107042906250001 0.1663557203125
1 0.6279151125 0.3525342046875 0.63461986875 0.35136815781249997 0.6343283578125 0.3412624375 0.6279151125 0.3362095765625 0.6212103546875001 0.3338774875 0.6133395515625 0.32688121875 0.6133395515625 0.33426616875000004 0.6101329296875 0.3420398 0.61508861875 0.34009639375 0.6156716421875 0.34553793593750004 0.6223764 0.3486473875 0.6279151125 0.3525342046875
1 0.5034398328125 0.4652518671875 0.49848414218750003 0.46136505000000005 0.49003031718749995 0.46447450156250003 0.49411147343749995 0.4734141796875 0.49877565312499994 0.4804104484375 0.5051889 0.48235385624999993 0.50927005625 0.4769123125 0.5066464546875 0.4703047265625 0.5034398328125 0.4652518671875
1 0.47895289218750003 0.6203358203125 0.4760377796875 0.6269434078125 0.47516324687499994 0.6358830859375 0.47458022343749995 0.6413246265625 0.47836986875000004 0.6479322140625 0.48274253749999996 0.6490982578125 0.483325559375 0.6389925375 0.48303404843750003 0.6292754984375 0.47895289218750003 0.6203358203125
1 0.5497901125 0.89513370625 0.5486240671875 0.9056281109375 0.5524137125 0.9145677859375001 0.5556203359375 0.9207866921875001 0.5573694031249999 0.93128109375 0.559993003125 0.9219527359375 0.5608675375 0.9110696515625 0.5576609140625 0.9029073375 0.5497901125 0.89513370625
1 0.6174207093749999 0.5080068421874999 0.62354244375 0.51189365625 0.6232509328125 0.5060634328125 0.62091884375 0.49634639375 0.6162546640625 0.4916822140625 0.6127565296874999 0.49323693906250005 0.61246501875 0.481965175 0.6098414171875 0.4916822140625 0.60546875 0.4951803484375 0.6110074625 0.4975124375 0.6130480406250001 0.5033426624999999 0.6174207093749999 0.5080068421874999
1 0.677180503125 0.4232742546875 0.6728078359375 0.4294931578125 0.6789295703125 0.4298818421875 0.6847597953125 0.4318252484375 0.690006996875 0.4302705234375 0.687091884375 0.42210820781249997 0.6812616609375 0.42016479999999995 0.677180503125 0.4232742546875
1 0.5716534515625 0.1935634328125 0.5646571828125 0.199004975 0.5687383390625 0.20211442656249998 0.5751515859375 0.2032804734375 0.5812733203125 0.20211442656249998 0.5812733203125 0.1970615671875 0.5771921640625 0.19200870625 0.5716534515625 0.1935634328125
1 0.6588152984375 0.1364272390625 0.6524020515625 0.1368159203125 0.6468633390625 0.1407027359375 0.6512360078125 0.1442008703125 0.6526935640625 0.1511971390625 0.65415111875 0.1613028609375 0.6611473875 0.14847636875 0.6623134328125 0.1395366921875 0.6588152984375 0.1364272390625
1 0.7214902046875 0.27790733749999996 0.720615671875 0.269745025 0.7153684703125001 0.26819029843750003 0.7086637125 0.26935634375 0.7107042906250001 0.27751865625 0.716534515625 0.28412624375 0.7203241609375 0.29189987500000003 0.7209071828125 0.28412624375 0.7258628734375 0.2821828359375 0.7214902046875 0.27790733749999996
1 0.6888409515625 0.17646144375 0.684176771875 0.1737406703125 0.6803871265625 0.1787935328125 0.6868003734375 0.1857898 0.6914645515625 0.1885105734375 0.6964202421875 0.1877332078125 0.6937966421875 0.18151430468750002 0.6888409515625 0.17646144375
1 0.645114271875 0.2600279859375 0.6526935640625 0.2646921640625 0.660564365625 0.2643034828125 0.66552005625 0.2600279859375 0.659106809375 0.2538090796875 0.6518190296874999 0.25497512499999997 0.645114271875 0.2600279859375
1 0.6687266796875 0.22699005 0.6698927234375 0.23009950156249998 0.67397388125 0.2250466421875 0.67397388125 0.21649564531249998 0.6725163249999999 0.20289179218750003 0.669018190625 0.2157182828125 0.6687266796875 0.22699005
1 0.698169309375 0.39023631875000003 0.689715484375 0.3991759953125 0.6792210828125 0.40306281093749996 0.6745569031249999 0.4065609453125 0.6780550375 0.4100590796875 0.685634328125 0.40889303593750004 0.6926305968750001 0.4081156703125 0.6978777984375 0.3960665421875 0.70720615625 0.3898476375 0.698169309375 0.39023631875000003
1 0.5949743468750001 0.35175684218750003 0.589435634375 0.3486473875 0.582439365625 0.347870025 0.57631763125 0.34709266250000004 0.568446828125 0.3529228859375 0.5766091421875 0.3525342046875 0.58185634375 0.35564365625 0.59001865625 0.3583644265625 0.59555736875 0.3571983828125 0.5949743468750001 0.35175684218750003
1 0.5375466421875 0.46097636875000003 0.5320079296875 0.46097636875000003 0.5250116609375 0.46175373124999997 0.5285097953125 0.46991604374999996 0.5317164171875 0.4738028609375 0.53725513125 0.47652363124999997 0.543376865625 0.47419154218750004 0.5422108203125 0.46641791093749996 0.5375466421875 0.46097636875000003
1 0.508395521875 0.5161691546875 0.509853078125 0.5235541046875001 0.5095615671875 0.5317164187500001 0.5116021453124999 0.53949005 0.5136427234375 0.5425995015625 0.5162663249999999 0.5352145515625 0.5162663249999999 0.5282182828125 0.514225746875 0.5212220140625 0.508395521875 0.5161691546875
1 0.600513059375 0.50528606875 0.5952658578125 0.5064521140625 0.590893190625 0.5083955234374999 0.5885611 0.511504975 0.5926422578125 0.5157804734375 0.5973064359375 0.5157804734375 0.604885728125 0.5165578359375 0.6107159515625 0.5134483828125 0.604885728125 0.5083955234374999 0.600513059375 0.50528606875
1 0.5302588625 0.5888526125 0.5255946828125 0.5927394265625 0.5302588625 0.5985696515625001 0.53725513125 0.5950715171875001 0.5439598875 0.5939054734375 0.5460004671875 0.589629975 0.5422108203125 0.58924129375 0.53696361875 0.5880752484375 0.5302588625 0.5888526125
1 0.5392957093749999 0.5519278609375 0.5430853546875001 0.5488184078125 0.544834421875 0.54065609375 0.5425023328125 0.5313277359375 0.5390041984375 0.5383240046875 0.5381296640625 0.5445429109375 0.5392957093749999 0.5519278609375
1 0.5486240671875 0.5048973875 0.543376865625 0.5134483828125 0.540753265625 0.5188899250000001 0.5445429109375 0.5231654234375 0.5486240671875 0.5282182828125 0.5500816234375 0.5157804734375 0.5535797578125 0.51111629375 0.5541627796874999 0.50373134375 0.5486240671875 0.5048973875
1 0.5978894593749999 0.7773631828124999 0.6022621265625 0.7773631828124999 0.60809235 0.7758084578125 0.6121735078125 0.7723103234375001 0.607509328125 0.7695895515625 0.599347015625 0.7664801 0.5949743468750001 0.7699782328125 0.5978894593749999 0.7773631828124999
1 0.6354944031249999 0.716340175 0.6287896453124999 0.7229477609375 0.6354944031249999 0.7229477609375 0.6413246265625 0.7303327109375 0.6462803171875 0.7318874375 0.6456972953125 0.72333644375 0.64045009375 0.7178949 0.6354944031249999 0.716340175
1 0.638409515625 0.533659825 0.63491138125 0.5297730109375001 0.62908115625 0.5270522390625 0.6296641796875 0.5340485078125 0.6317047578125 0.5418221390625 0.638118003125 0.54570895625 0.645114271875 0.5449315921875 0.6401585828125 0.53987873125 0.638409515625 0.533659825
1 0.590893190625 0.55309390625 0.5946828359375 0.5597014921875 0.5967234140625 0.5666977609375 0.6022621265625 0.5686411687499999 0.5999300375 0.5624222640625 0.5999300375 0.5558146765624999 0.5967234140625 0.54726368125 0.5911847015625 0.54726368125 0.590893190625 0.55309390625
1 0.48915578281250005 0.2106654234375 0.48682369375 0.2176616921875 0.486240671875 0.22115982500000003 0.48390858281250004 0.22271455156250003 0.48915578281250005 0.22737873125000002 0.49411147343749995 0.23320895625000002 0.49935867500000003 0.2351523625 0.49469449687499994 0.22699005 0.50081623125 0.2250466421875 0.5025652984375 0.22271455156250003 0.49877565312499994 0.21999378125 0.49352845156249997 0.2184390546875 0.48915578281250005 0.2106654234375
1 0.62354244375 0.2942319640625 0.627040578125 0.30083955156250003 0.6296641796875 0.29189987500000003 0.629955690625 0.28490360625 0.6258745328125 0.2763526125 0.624416978125 0.28490360625 0.62354244375 0.2942319640625
1 0.6366604484375 0.30550373125 0.6331623140625 0.3082245015625 0.63461986875 0.3101679109375 0.6389925375 0.3148320890625 0.6454057828125 0.3171641796875 0.6448227609375 0.3097792296875 0.6413246265625 0.3074471390625 0.6366604484375 0.30550373125
1 0.699626865625 0.3175528609375 0.7013759328125 0.3253264921875 0.7054570890625 0.3159981328125 0.7057486 0.30550373125 0.7005014 0.3012282328125 0.6984608203125 0.3097792296875 0.699626865625 0.3175528609375
1 0.5229710828125 0.29034515 0.5180153921875 0.29189987500000003 0.51480876875 0.2926772390625 0.51480876875 0.2977301 0.5185984140625 0.3016169140625 0.5229710828125 0.3039490046875 0.5264692171875 0.29850746250000004 0.5250116609375 0.29345460156250003 0.5229710828125 0.29034515
1 0.533465484375 0.284514925 0.529384328125 0.2942319640625 0.5352145515625 0.2911225125 0.5422108203125 0.2821828359375 0.544834421875 0.2751865671875 0.5416277984375 0.27324315781249997 0.5381296640625 0.27868470156249997 0.533465484375 0.284514925
1 0.6623134328125 0.3435945265625 0.657940765625 0.34709266250000004 0.6538596078125 0.35136815781249997 0.6582322765625 0.3521455234375 0.66552005625 0.3509794765625 0.6716417906250001 0.34709266250000004 0.6725163249999999 0.3435945265625 0.6666861 0.3412624375 0.6623134328125 0.3435945265625
1 0.546291978125 0.9522698999999999 0.5457089546875 0.9627643046875001 0.551830690625 0.9565453984375001 0.55678638125 0.9511038562499999 0.5597014921875 0.9417754984375 0.55678638125 0.9429415421874999 0.5512476671875 0.9452736312500001 0.546291978125 0.9522698999999999
1 0.6728078359375 0.5216106953125 0.6713502796874999 0.5274409203125 0.6707672578125 0.5344371890625 0.6722248140625 0.5433768671875 0.67368236875 0.53949005 0.6760144593749999 0.5332711437500001 0.678638059375 0.5239427859375 0.678638059375 0.5169465171875001 0.6728078359375 0.5216106953125
1 0.56640625 0.560090175 0.5611590484375 0.5597014921875 0.5570778921875 0.5643656703125 0.5570778921875 0.5709732578125 0.5617420703125 0.5717506234374999 0.5666977609375 0.57447139375 0.5696128734375 0.5713619390625 0.5696128734375 0.5663090796875 0.56640625 0.560090175
1 0.6031366609375 0.7326648 0.60546875 0.7365516171875 0.6086753734375 0.7291666671875 0.6083838625 0.7202269890624999 0.6043027046875 0.716340175 0.6037196828125 0.723725125 0.6031366609375 0.7326648
1 0.6139225749999999 0.7190609453125 0.61508861875 0.7280006234374999 0.61800373125 0.7210043546875 0.618586753125 0.7140080859375 0.6133395515625 0.7023476375000001 0.611590484375 0.7132307203125 0.6139225749999999 0.7190609453125
1 0.5480410453125 0.43260261250000004 0.5395872203125001 0.4353233828125 0.543376865625 0.4364894265625 0.5471665109375 0.44115360625 0.5527052234375 0.4458177859375 0.55649486875 0.4450404234375 0.5535797578125 0.4353233828125 0.5480410453125 0.43260261250000004
1 0.49790111875000004 0.1068874375 0.4961520515625 0.113495025 0.5051889 0.1127176625 0.51189365625 0.10883084531250001 0.5145172578125 0.10377798593750001 0.5110191234375 0.10105721406249998 0.5034398328125 0.10144589531249999 0.49790111875000004 0.1068874375
1 0.6078008390625 0.20600124375 0.6110074625 0.2110541046875 0.61800373125 0.213774875 0.6197527984375 0.2079446515625 0.6145055968750001 0.19861629375 0.6078008390625 0.1982276125 0.6078008390625 0.20600124375
1 0.646595528125 0.5074525750000001 0.6440548781250001 0.512533875 0.6498983734375 0.5162601625 0.657774390625 0.5162601625 0.6623475609375 0.51321138125 0.65625 0.5084688359375 0.6504065046874999 0.5064363140625 0.646595528125 0.5074525750000001
1 0.6415142281249999 0.11686991875 0.638465446875 0.125 0.6323678859374999 0.12804878125000002 0.63185975625 0.1385501359375 0.6379573171875 0.1371951234375 0.6412601625 0.1310975609375 0.6440548781250001 0.12195121874999999 0.6438008125 0.11314363125 0.6415142281249999 0.11686991875
1 0.4944407015625 0.6115229109375 0.5003369265625001 0.60759209375 0.5079177890625 0.5997304578125 0.51044474375 0.59074573125 0.5037062 0.59243036875 0.49865229062500005 0.5997304578125 0.4944407015625 0.6115229109375
1 0.5218160375 0.3599505828125 0.5159198109375 0.36949685625 0.5171832890625 0.3818508546875 0.52265835625 0.3751123078125 0.5218160375 0.3599505828125
1 0.5100235843750001 0.03706199375 0.5100235843750001 0.046608267187500003 0.5167621296875 0.0555929921875 0.518446765625 0.0438005390625 0.5100235843750001 0.03706199375
1 0.64395215625 0.47394429374999997 0.6570080859375 0.4745058390625 0.6620619953125 0.4705750234375 0.6523753375 0.4683288421875 0.644373315625 0.46776729531249994 0.6384770890625 0.46945193124999995 0.635950134375 0.47787511250000003 0.64395215625 0.47394429374999997
1 0.6266846359375 0.549191375 0.620788409375 0.549191375 0.6186826140624999 0.5564914640625 0.624578840625 0.5570530109375 0.6313173859375001 0.5581761000000001 0.6266846359375 0.549191375
1 0.5626684640625 0.7446091640625 0.56814353125 0.73337825625 0.5685646906249999 0.7227088953125 0.5622473046875001 0.7328167125 0.5588780328125 0.7412398921875 0.5626684640625 0.7446091640625
1 0.705862534375 0.29200359374999996 0.709652965625 0.29649595624999997 0.7176549859375 0.3009883203125 0.71681266875 0.2931266859375 0.713443396875 0.28526505 0.707968328125 0.28526505 0.705862534375 0.29200359374999996
1 0.6979166671875 0.21851851875 0.690277778125 0.21851851875 0.69375 0.23055555625 0.7013888890625 0.2342592578125 0.6979166671875 0.21851851875