1 0.7688438843750001 0.5355865515625 0.7695144843749999 0.5302217453125 0.78125 0.5396101578125 0.7946620171875 0.5476573671875 0.8057269312500001 0.5494456375000001 0.812432940625 0.5561516453124999 0.81545064375 0.5521280390625 0.817462446875 0.5565987125 0.8245037546875 0.5592811171875 0.82517435625 0.5369277546875 0.8302038625 0.52172746875 0.8208154499999999 0.53469241875 0.8164565453125 0.51949213125 0.8057269312500001 0.5078683828125 0.7949973171875 0.5016094421874999 0.7852736046875 0.5007153078125001 0.7752145921875 0.49937410625 0.7651555796875 0.5038447796875001 0.7540906656249999 0.5114449203125 0.7540906656249999 0.51591559375 0.7594554718750001 0.5226216015625 0.7634790765624999 0.5333512171875 0.7688438843750001 0.5355865515625
1 0.7903031109375 0.6522711015625 0.7980150218750001 0.6473533625 0.793320815625 0.645118025 0.8020386265624999 0.6455650937499999 0.8077387343750001 0.6415414875 0.8040504296875 0.63617668125 0.8063975328125 0.6312589421875 0.7946620171875 0.63617668125 0.8006974250000001 0.6263412015625 0.788291309375 0.6276824046875 0.778902896875 0.632153075 0.7718615875 0.6410944203125 0.7634790765624999 0.6518240328125 0.759790771875 0.65987124375 0.7601260734374999 0.671047925 0.7654908796875 0.6719420609375 0.77622049375 0.6692596562500001 0.7822559015625 0.6576359078125 0.7903031109375 0.6522711015625
1 0.9011075953125 0.63396624375 0.900712025 0.6239451484375 0.8987341765625001 0.613396625 0.89200949375 0.60548523125 0.8856803796875001 0.5954641359374999 0.885284809375 0.6007383953125001 0.8797468359374999 0.6039029546875 0.884889240625 0.60548523125 0.8876582281250001 0.6176160328125 0.8928006328125001 0.6292194078125 0.9011075953125 0.63396624375
1 0.7946993671875 0.8001054859375 0.7923259500000001 0.8164556953125001 0.7903481015625 0.8370253171875 0.7895569625000001 0.8570675109374999 0.794303796875 0.86656118125 0.7998417718749999 0.8570675109374999 0.8006329109375001 0.8396624484374999 0.7978639234375 0.8190928265625 0.7946993671875 0.8001054859375
1 0.728639240625 0.8022151890625 0.7365506328125 0.8001054859375 0.740110759375 0.7948312234375 0.734572784375 0.7895569625000001 0.7262658234375 0.7827004234375 0.7140031640625 0.7800632921874999 0.705696203125 0.7848101265625 0.6914556968750001 0.7768987328125 0.7013449359374999 0.7885021109375 0.691851265625 0.7953586500000001 0.705696203125 0.7937763703125 0.717563290625 0.7990506328125 0.728639240625 0.8022151890625
1 0.89477848125 0.8280590703125 0.904667721875 0.8233122359375 0.911787975 0.8143459921874999 0.8999208859375001 0.8169831234375 0.89200949375 0.8259493671874999 0.89477848125 0.8280590703125
1 0.9734968359374999 0.75316455625 0.9778481015624999 0.7573839671875 0.9849683546874999 0.76424050625 0.99129746875 0.7637130796875 0.986946203125 0.75263713125 0.97745253125 0.7489451484375 0.9734968359374999 0.75316455625
1 0.9200949359375 0.7151898734375 0.9129746828125 0.7225738390625 0.92049050625 0.73048523125 0.9228639234375 0.7283755265625 0.9264240499999999 0.7325949375 0.930379746875 0.7257383953125001 0.924446203125 0.72468354375 0.9264240499999999 0.71888185625 0.9200949359375 0.7151898734375
1 0.90941455625 0.6439873421875 0.90625 0.6524261609375 0.9086234171875001 0.6598101265625 0.9129746828125 0.6540084390625001 0.919303796875 0.6429324890625 0.9240506328125001 0.6297468359375 0.916139240625 0.6371308015625 0.90941455625 0.6439873421875
1 0.85522151875 0.5838607609375 0.849287975 0.58227848125 0.8500791140624999 0.5896624484374999 0.85799050625 0.5954641359374999 0.85522151875 0.5838607609375
1 0.504351265625 0.8227848109375 0.5035601265625 0.8164556953125001 0.509889240625 0.806962025 0.501582278125 0.8064346 0.49327531718750006 0.8053797453125 0.5003955703125 0.7969409296875 0.487341771875 0.7885021109375 0.478639240625 0.7827004234375 0.47072784843750004 0.7837552750000001 0.4640031640625 0.7858649796875 0.46637658281250005 0.79799578125 0.47191455624999995 0.8106540078125001 0.48259493593749997 0.8169831234375 0.4952531640625 0.8222573828125 0.49367088593749997 0.8143459921874999 0.504351265625 0.8227848109375
1 0.4580696203125 0.5353375515625001 0.46558544375000005 0.5443037984375 0.46835442968749996 0.53111814375 0.46637658281250005 0.5073839671875 0.4612341765625 0.49472573750000004 0.4553006328125 0.4836497890625 0.4469936703125 0.4815400859375 0.4375 0.4699367078125 0.4454113921875 0.49314346093749994 0.4481803796875 0.5052742625 0.4509493671875 0.5168776375 0.45134493593749997 0.5268987328125 0.4580696203125 0.5353375515625001
1 0.5589398734375 0.3802742625 0.5632911390625 0.3855485234375 0.5743670890625 0.38132911406250003 0.5870253171875001 0.37183544375 0.59691455625 0.3644514765625 0.6000791140625 0.3539029546875 0.595332278125 0.34968354375 0.5862341765625 0.34862869218750003 0.5775316453125 0.34862869218750003 0.5688291140625 0.3512658234375 0.5601265828125 0.3539029546875 0.5545886078125 0.36075949375 0.5320411390625 0.3602320671875 0.552610759375 0.3670886078125 0.5391613921875 0.38132911406250003 0.5605221515625 0.37183544375 0.5589398734375 0.3802742625
1 0.1570411390625 0.41772151874999996 0.150712025 0.41191983125 0.14200949375 0.4098101265625 0.13251582343749999 0.40875527500000003 0.137658228125 0.4198312234375 0.12697784843749998 0.41877637031250003 0.1301424046875 0.4261603375 0.14477848124999998 0.4298523203125 0.1526898734375 0.4261603375 0.1570411390625 0.41772151874999996
1 0.07199367031250001 0.39451476875 0.0648734171875 0.3987341765625 0.075553796875 0.4029535875 0.08386075937500001 0.40611814375 0.089794303125 0.40242616093750005 0.08386075937500001 0.3966244734375 0.0787183546875 0.3934599140625 0.07199367031250001 0.39451476875
1 0.049446203125 0.2199367078125 0.0632911390625 0.21571729999999997 0.0660601265625 0.2088607609375 0.0605221515625 0.19883966250000001 0.05102848125 0.1914556953125 0.0379746828125 0.19040084375 0.028481012500000003 0.18776371249999999 0.0166139234375 0.18776371249999999 0.028876582812500003 0.1983122359375 0.0189873421875 0.20042194218749998 0.02808544375 0.20464135 0.036787975 0.21571729999999997 0.049446203125 0.2199367078125
1 0.045094935937500004 0.23206751093750003 0.052610759375 0.23575949375 0.04825949375 0.2209915609375 0.0395569625 0.2151898734375 0.028876582812500003 0.2120253171875 0.035205696875 0.2236286921875 0.045094935937500004 0.23206751093750003
1 0.21123417656250001 0.2689873421875 0.22191455625 0.2779535875 0.2294303796875 0.28164556875 0.2365506328125 0.2821729953125 0.2432753171875 0.2790084390625 0.24129746875000002 0.2684599140625 0.2353639234375 0.25949367031250004 0.229034809375 0.2552742625 0.2223101265625 0.24683544375 0.22033227812499998 0.2573839671875 0.21123417656250001 0.2426160328125 0.214794303125 0.2568565390625 0.2053006328125 0.2558016875 0.2167721515625 0.2652953578125 0.21123417656250001 0.2689873421875
1 0.3121044296875 0.0675105484375 0.32080696249999996 0.0632911390625 0.31447784843750004 0.0559071734375 0.30656645625 0.054324893750000006 0.299841771875 0.0548523203125 0.2903481015625 0.054324893750000006 0.2974683546875 0.05854430468750001 0.288370253125 0.0632911390625 0.2990506328125 0.0632911390625 0.3018196203125 0.06487341875 0.3121044296875 0.0675105484375
1 0.3433544296875 0.050105485937500006 0.3370253171875 0.0464135015625 0.3318829109375 0.04799578125 0.32199367031250004 0.0448312234375 0.3243670890625 0.0495780578125 0.32120253125 0.0564346 0.32674050625 0.054324893750000006 0.33544303750000004 0.0574894515625 0.3461234171875 0.0548523203125 0.3433544296875 0.050105485937500006
1 0.40822784843750004 0.18512658125 0.404667721875 0.181962025 0.40071202499999997 0.193037975 0.3983386078125 0.204113925 0.396360759375 0.21255274218750003 0.4026898734375 0.2141350203125 0.41257911406250003 0.2151898734375 0.407832278125 0.2088607609375 0.4090189875 0.19883966250000001 0.40822784843750004 0.18512658125
1 0.5288765828125 0.1387130796875 0.524129746875 0.1297468359375 0.5162183546875 0.12605485156250001 0.5122626578125 0.1186708859375 0.510284809375 0.1265822796875 0.505537975 0.1313291140625 0.513053796875 0.13027426250000002 0.5150316453125 0.13502109843750001 0.5229430374999999 0.1402953578125 0.5288765828125 0.1387130796875
1 0.549446203125 0.1371308015625 0.5486550640625001 0.1460970453125 0.549446203125 0.15506329218749998 0.5498417718749999 0.16455696250000001 0.55379746875 0.1756329109375 0.5557753171875001 0.1661392390625 0.5545886078125 0.1545358640625 0.5502373421875 0.1460970453125 0.549446203125 0.1371308015625
1 0.495648734375 0.2558016875 0.504351265625 0.25949367031250004 0.4992088609375 0.2515822796875 0.5035601265625 0.24525316406250003 0.49762658281250005 0.24525316406250003 0.4920886078125 0.24894514843749999 0.495648734375 0.2558016875
1 0.6352459015624999 0.19353369843749998 0.6284153 0.1872723125 0.6215847 0.18101092968750002 0.6245730875 0.19524134843750002 0.6284153 0.20207194999999997 0.6352459015624999 0.2094717671875 0.6429303281250001 0.2157331515625 0.640795765625 0.2026411671875 0.6352459015624999 0.19353369843749998
1 0.6907445359375 0.33185336875 0.6924521859375 0.3346994546875 0.6907445359375 0.34323770468750003 0.7009904375 0.3369763203125 0.7086748640625 0.34039162031250003 0.7142247265624999 0.3364071046875 0.722762978125 0.33014571875 0.7278859296875 0.32217668593750004 0.721482240625 0.31363843281250003 0.7142247265624999 0.31136156718749997 0.7069672125 0.31193078281250003 0.6980020484375 0.31420765 0.6915983609375 0.3210382515625 0.684767759375 0.3204690359375 0.6723872953125001 0.3181921671875 0.6851946718749999 0.33014571875 0.6728142078125 0.3409608375 0.6907445359375 0.33185336875
1 0.7940573765625001 0.1753187609375 0.7833845625 0.1821493625 0.7799692625 0.1815801453125 0.7727117484375 0.1827185796875 0.7667349734375 0.1867030953125 0.762038934375 0.1958105640625 0.7692964484375 0.19808743125 0.7799692625 0.19467213125 0.7859460375 0.1906876140625 0.7953381140625 0.1901183984375 0.7893613390625001 0.1838570125 0.7940573765625001 0.1753187609375
1 0.6518954921875 0.4530965390625 0.646345628125 0.4360200359375 0.6553107921875 0.42975865156250004 0.6450648906249999 0.42918943593750003 0.641222678125 0.4274817859375 0.6382342890625 0.4200819671875 0.6343920765625 0.41609745 0.627561475 0.40926684843750005 0.620730875 0.41325136718750005 0.6147540984375001 0.4166666671875 0.609204234375 0.4217896171875 0.6151810109375 0.42862021875 0.6228654375 0.43943533749999997 0.6322575140625 0.4411429875 0.6386612015625001 0.4474043703125 0.6382342890625 0.43715847031250005 0.6518954921875 0.4530965390625
1 0.66171448125 0.2726548265625 0.6561646171875 0.26411657499999996 0.6540300546875 0.257285975 0.648053278125 0.26582422499999997 0.6523224046875 0.26810109375 0.6527493171875001 0.2755009109375 0.6578722671875 0.2857468125 0.66641051875 0.2937158484375 0.66512978125 0.28460837968749997 0.66171448125 0.2726548265625
1 0.8145491796875 0.42918943593750003 0.82052595625 0.44285063750000003 0.8311987703125 0.45195810625000005 0.839310109375 0.45081967343749996 0.8350409843750001 0.43886612031250005 0.8286372953125 0.43374316874999996 0.643784153125 0.3261612015625 0.6395150265625 0.3187613828125 0.6382342890625 0.32957650156249996 0.641222678125 0.33982240468749997 0.647199453125 0.3386839703125 0.647199453125 0.34836065625 0.7980596828125 0.41631090625 0.8054061359375 0.42060375 0.8089993171875 0.4326047359375 0.8145491796875 0.42918943593750003
1 0.8265027328125001 0.5105874312500001 0.82308743125 0.4940801453125 0.8188183062500001 0.48554189374999995 0.8119877046875 0.48212659375 0.8098531421875 0.4735883421875 0.8072916671874999 0.47871129375 0.803876365625 0.48155737656250003 0.8085724046875 0.4878187609375 0.8102800546875001 0.4935109296875 0.8192452187500001 0.5026183984375 0.8265027328125001 0.5105874312500001
1 0.8000341531249999 0.4809881609375 0.7944842890625 0.47244990781249996 0.7893613390625001 0.464480875 0.7876536890625 0.48041894375 0.7919228140625 0.4861111109375 0.7978995906249999 0.4940801453125 0.803022540625 0.4992030953125 0.803876365625 0.48895719531250004 0.8000341531249999 0.4809881609375
1 0.8124146171875 0.4178051 0.8145491796875 0.4263433515625 0.8209528687500001 0.42805100156250003 0.82009904375 0.4166666671875 0.81711065625 0.40585154843750004 0.8145491796875 0.4024362484375 0.8128415296875 0.40869763125 0.8124146171875 0.4178051
1 0.8546789625000001 0.22199453593750001 0.8538251359375 0.2117486328125 0.8508367484375 0.1975182140625 0.842298496875 0.19125683124999998 0.837602459375 0.1770264125 0.8337602453124999 0.1861338796875 0.8247950812499999 0.1878415296875 0.8333333328125001 0.19467213125 0.8384562843750001 0.20548725 0.8448599734375 0.21630236875 0.8546789625000001 0.22199453593750001
1 0.913588390625 0.552990325 0.9193601578124999 0.5606860171875 0.93007915625 0.56398416875 0.9313159625 0.54474494375 0.9267810031250001 0.5348504828125 0.9189478890625 0.5238566390625 0.9144129281250001 0.5266051015625 0.9078166234375 0.5013192609375 0.90987796875 0.51835971875 0.899983509375 0.5134124890625 0.9069920843749999 0.5266051015625 0.9090534296874999 0.5414467890625 0.913588390625 0.552990325
1 0.8748350921875 0.5381486375 0.8789577843749999 0.5381486375 0.8756596312499999 0.5238566390625 0.8707124015625001 0.5167106421875001 0.8707124015625001 0.5277044859375 0.8748350921875 0.5381486375
3 0.0150992984375 0.91316199375 0.0377336453125 0.9121884734375 0.0786214953125 0.9316588796874999 0.0997955609375 0.9482087234375 0.1246203265625 0.9686526484375 0.155286215625 0.97449376875 0.18011098125 0.9705996875 0.1976343453125 0.9628115265625 0.21077686875 0.9472352015625001 0.20858644843750002 0.9297118375 0.196174065625 0.9550233640625001 0.17938084062499998 0.9598909671875001 0.154556075 0.9521028046875 0.1355724296875 0.9433411203125001 0.12096962656250002 0.9316588796874999 0.10928738281249999 0.917056075 0.133382009375 0.9228971953125 0.160397196875 0.94139408125 0.184491821875 0.94626168125 0.2034754671875 0.9375 0.199824765625 0.9297118375 0.18011098125 0.9394470390624999 0.1574766359375 0.9277647984374999 0.1509053734375 0.9160825546875 0.1421436921875 0.9063473515625 0.1268107484375 0.8995327109375 0.1297313078125 0.876168225 0.12242990625000001 0.876168225 0.112938084375 0.89271806875 0.101255840625 0.8946651078125001 0.0844626171875 0.89271806875 0.0735105140625 0.8878504671874999 0.06474883125 0.8703271015625 0.0727803734375 0.8683800625 0.091033878125 0.8654595015625001 0.1268107484375 0.8635124609375 0.1509053734375 0.8537772578125 0.16769859843749998 0.83138629375 0.1673534296875 0.8176622421875 0.1500691375 0.8333333328125001 0.137624446875 0.8397861359375 0.12172289843749999 0.84439528125 0.1085868359375 0.84439528125 0.09890763281250001 0.84439528125 0.1009817484375 0.8084439515625 0.102364490625 0.7817109140625 0.0968335171875 0.772492625 0.0892284296875 0.7835545734375 0.090611171875 0.8010693203124999 0.0767837390625 0.8084439515625 0.08093196875 0.7918510328125 0.0747096234375 0.7918510328125 0.062264934375000004 0.8010693203124999 0.044980642187499996 0.8056784671875 0.0484375 0.7909292046874999 0.0719441375 0.7807890859375 0.0747096234375 0.7678834812499999 0.071252765625 0.7623525078125 0.0926852875 0.7549778765624999 0.115500553125 0.7420722703125 0.12448838437500001 0.7291666671875 0.12034015468749999 0.7153392328125 0.11135232343749998 0.7171828921875 0.10029037656249999 0.731010325 0.0857715703125 0.7393067859375 0.068487278125 0.7429941 0.10582135 0.7051991140625 0.114117809375 0.6821533921875 0.114117809375 0.6637168140624999 0.10996957968750001 0.6425147499999999 0.1085868359375 0.6286873171875 0.11135232343749998 0.62039085625 0.11895741093750001 0.60287610625 0.1120436953125 0.58812684375 0.1009817484375 0.58812684375 0.0968335171875 0.6037979359375 0.090611171875 0.613016225 0.07332688125 0.6268436578125 0.0760923671875 0.6111725671875 0.06295630468749999 0.6139380515624999 0.0518943578125 0.625 0.044980642187499996 0.6194690265625 0.044980642187499996 0.6056415937499999 0.0415237828125 0.5844395265625 0.0332273234375 0.58812684375 0.0290790921875 0.61485988125 0.0214740046875 0.6314528015625 0.012908878125 0.6279205609375 0.0070677562499999996 0.6133177562500001 0.0085280375 0.58897975 0.0085280375 0.56464174375 0.0004964953125000001 0.5607476640625 0.001956775 0.9024532703125001 0.0150992984375 0.91316199375
3 0.9936224484375 0.32227891249999996 0.98979591875 0.3214285703125 0.9827806125 0.3358843546875 0.984693878125 0.3120748296875 0.9904336734375001 0.28401360625 0.9872448984375 0.282312925 0.97895408125 0.3112244890625 0.9764030609375001 0.34013605468749997 0.973852040625 0.35289115625 0.9668367343750001 0.3784013609375 0.9642857140625001 0.36649659843750004 0.9540816328125 0.3605442171875 0.9489795921875 0.3869047625 0.9489795921875 0.36649659843750004 0.9553571421875 0.3435374140625 0.9483418374999999 0.34013605468749997 0.9547193875 0.3290816328125 0.953443878125 0.31632653125 0.9483418374999999 0.32482993125 0.94132653125 0.31462585 0.9375 0.32227891249999996 0.93367346875 0.34863945625000003 0.9343112250000001 0.3758503390625 0.9292091843750001 0.39710884375 0.92729591875 0.38265306093749996 0.9247448984375 0.3877551015625 0.925382653125 0.41071428593750003 0.93367346875 0.4370748296875 0.9432397953124999 0.4702380953125 0.942602040625 0.48384353750000003 0.9355867343750001 0.48129251718750005 0.9368622453125001 0.48979591874999995 0.9445153062499999 0.5068027203125001 0.952806121875 0.528061225 0.953443878125 0.5595238109375 0.9470663265624999 0.5467687078125001 0.9406887749999999 0.5289115640625 0.9464285718750001 0.5629251703125 0.9406887749999999 0.55867346875 0.9451530609375001 0.5739795921875 0.9311224484375 0.56037415 0.952806121875 0.5935374140625 0.9642857140625001 0.6122448984375 0.9732142859374999 0.6003401359375 0.9827806125 0.5833333328125 0.9984375 0.5666666671875 0.9984375 0.3375 0.9872448984375 0.3622448984375 0.984693878125 0.3537414953125 0.9936224484375 0.32227891249999996
3 0.4200819671875 0.3353825140625 0.42469262343749997 0.3148907109375 0.426741803125 0.29439890625 0.42571721250000005 0.2739071046875 0.4211065578125 0.2889344265625 0.41803278749999995 0.3012295078125 0.41342213125000005 0.3094262296875 0.40983606562499997 0.29918032656250004 0.41752049218750004 0.28688524531250004 0.417008196875 0.2725409828125 0.41188524531250004 0.282103825 0.4103483609375 0.285519125 0.407274590625 0.2793715859375 0.408811475 0.2677595625 0.403688525 0.275273225 0.395491803125 0.2889344265625 0.3919057375 0.2971311484375 0.388319671875 0.27663934375 0.383196721875 0.25683060156250004 0.3842213109375 0.2424863390625 0.377561475 0.2493169390625 0.372438525 0.2663934421875 0.3657786890625 0.28415300625 0.3621926234375 0.2971311484375 0.3580942625 0.285519125 0.3575819671875 0.26297814218750004 0.357069671875 0.24658470000000002 0.3550204921875 0.2438524578125 0.34836065625 0.26161202031249997 0.33913934375 0.27663934375 0.3294057375 0.2848360640625 0.323258196875 0.29098360625 0.31762295156250003 0.2896174859375 0.3165983609375 0.2793715859375 0.3125 0.2718579234375 0.315061475 0.25204918125 0.3145491796875 0.2459016390625 0.30020491875 0.2534153 0.292008196875 0.2486338796875 0.273053278125 0.23428961718750002 0.252561475 0.24112021874999998 0.2674180328125 0.2424863390625 0.26895491875 0.25273223906250003 0.26895491875 0.2650273234375 0.26895491875 0.275273225 0.26588114687500003 0.285519125 0.258709015625 0.2937158484375 0.2638319671875 0.3060109296875 0.2699795078125 0.3244535515625 0.275102459375 0.33743169375000004 0.283811475 0.34767759531250003 0.294569671875 0.3524590171875 0.303790984375 0.3524590171875 0.3109631140625 0.3654371578125 0.3237704921875 0.36953551875 0.3335040984375 0.3709016390625 0.3457991796875 0.3654371578125 0.35092213125 0.36338797968750003 0.3637295078125 0.3613387984375 0.3734631140625 0.3524590171875 0.38473360625 0.349726775 0.39036885312499997 0.3586065578125 0.395491803125 0.3538251375 0.4031762296875 0.3531420765625 0.41290983593749997 0.3490437171875 0.4200819671875 0.3353825140625