1 0.6131249999999999 0.1110416671875 0.62328125 0.1027083328125 0.6326562499999999 0.0972916671875 0.6396875 0.0916666671875 0.63828125 0.0808333328125 0.63375 0.078125 0.62453125 0.0829166671875 0.61890625 0.0860416671875 0.6109375 0.0779166671875 0.6001562500000001 0.075625 0.5923437500000001 0.0785416671875 0.5821875000000001 0.08645833281250001 0.5725 0.0941666671875 0.5728125000000001 0.0985416671875 0.56640625 0.096875 0.5660937500000001 0.10874999999999999 0.5703125 0.1195833328125 0.5818749999999999 0.12041666718749999 0.595625 0.1197916671875 0.6131249999999999 0.1110416671875
1 0.40328125000000004 0.3670833328125 0.40828125000000004 0.3641666671875 0.40796875000000005 0.36124999999999996 0.403125 0.3604166671875 0.40203125 0.3547916671875 0.39984375 0.3495833328125 0.39890625 0.3514583328125 0.39765625 0.3572916671875 0.39421875 0.35208333281250004 0.384375 0.35104166718749996 0.37875000000000003 0.3583333328125 0.37875000000000003 0.36854166718750003 0.379375 0.3783333328125 0.37906249999999997 0.38229166718749996 0.388125 0.3866666671875 0.395 0.3858333328125 0.39890625 0.3820833328125 0.40046875000000004 0.3739583328125 0.4 0.3670833328125 0.40328125000000004 0.3670833328125
1 0.406139184375 0.6909968484375 0.41094119375 0.6932131609375001 0.4107565015625 0.6882880234375001 0.406139184375 0.6843479125 0.40410756562500005 0.6786840046875 0.4068779546875 0.67499015 0.40835549687499995 0.6661249015624999 0.40244533125000004 0.6673561859375 0.39930555624999997 0.6717888109375 0.3952423171875 0.670557525 0.3884086875 0.6648936171875001 0.3769577421875 0.6616922765625 0.37123226875 0.6658786437499999 0.367723109375 0.6772064624999999 0.3682771875 0.6831166265624999 0.37381796718750004 0.6877955078125 0.3780658984375 0.6927206453125 0.387485225 0.6949369578125 0.3928413125 0.6944444437499999 0.4017065609375 0.6900118203125001 0.406139184375 0.6909968484375
1 0.599375 0.4691666671875 0.5979687499999999 0.4654166671875 0.59375 0.47291666718750003 0.5857812499999999 0.478125 0.584375 0.4858333328125 0.58484375 0.4895833328125 0.59078125 0.495 0.59703125 0.49000000000000005 0.59953125 0.48520833281250003 0.6003125 0.47895833281250005 0.599375 0.4691666671875
1 0.58828125 0.38895833281250003 0.588125 0.3845833328125 0.5857812499999999 0.385625 0.5817187500000001 0.3875 0.58359375 0.3858333328125 0.58390625 0.3789583328125 0.57859375 0.3770833328125 0.571875 0.3779166671875 0.56640625 0.3804166671875 0.56515625 0.3879166671875 0.56703125 0.39249999999999996 0.5725 0.395 0.58015625 0.3958333328125 0.5823437499999999 0.3933333328125 0.5821875000000001 0.3908333328125 0.58546875 0.3910416671875 0.58828125 0.38895833281250003
1 0.07478493281250001 0.8070472703125 0.07657716406250001 0.7970542234375 0.07592544375 0.7853232546875 0.068104796875 0.7848887734375001 0.0630539625 0.78858185625 0.0566996875 0.7846715328125 0.043176485937499995 0.7792405296875 0.0340523984375 0.7790232875 0.0267205421875 0.7790232875 0.020529196875 0.7833680921874999 0.020529196875 0.7883646171875001 0.026394681250000003 0.7964025015625 0.036985140625 0.7990093859375 0.045131646875 0.7994438640625 0.05572210625 0.7998783453125 0.06028415 0.8024852265625 0.068104796875 0.8066127921874999 0.07120046875 0.8103058750000001 0.07478493281250001 0.8070472703125
1 0.7890625 0.3385416671875 0.78953125 0.3329166671875 0.7848437500000001 0.3227083328125 0.77859375 0.32687499999999997 0.77140625 0.3302083328125 0.7603125000000001 0.3325 0.7528125 0.3375 0.748125 0.35020833281249997 0.74796875 0.3547916671875 0.7581249999999999 0.3560416671875 0.76828125 0.35583333281249996 0.77515625 0.3516666671875 0.7770312500000001 0.34541666718749997 0.7825 0.3408333328125 0.7890625 0.3385416671875
1 0.3826121796875 0.19898504374999998 0.372596153125 0.1889690171875 0.357572115625 0.18295940156249998 0.35406650625 0.20165598281250002 0.372596153125 0.20633012968750003 0.3826121796875 0.19898504374999998
1 0.46073717968750005 0.17160790625 0.48026842968750005 0.1729433765625 0.4817708328125 0.1676014953125 0.47626201874999996 0.1635950859375 0.4682491984375 0.1589209390625 0.460236378125 0.1589209390625 0.46073717968750005 0.17160790625
1 0.322516025 0.1155181625 0.3325320515625 0.11017628125000001 0.33754006406250003 0.1041666671875 0.338040865625 0.09682158125 0.3255208328125 0.1028311953125 0.3175080125 0.1075053421875 0.322516025 0.1155181625
1 0.390625 0.29580662343749997 0.37960737187500004 0.2998130328125 0.38311298125 0.30582265 0.3781049671875 0.30982906093749996 0.387119390625 0.31316773593749997 0.396634615625 0.3104967953125 0.404146634375 0.302483975 0.39813701875 0.29580662343749997 0.390625 0.29580662343749997
1 0.05859375 0.16559828906250001 0.06610576875 0.1676014953125 0.078125 0.166266025 0.08062900625 0.1502403859375 0.07211538437500001 0.146233975 0.0590945515625 0.1502403859375 0.05859375 0.16559828906250001
1 0.2118389421875 0.21834935781249998 0.21534455156250001 0.2049946578125 0.2033253203125 0.2009882484375 0.2003205125 0.20699786250000002 0.204827725 0.21701388906250002 0.2118389421875 0.21834935781249998
1 0.035556890625 0.0787927359375 0.0470753203125 0.0641025640625 0.03655849375 0.05542200781249999 0.0225360578125 0.0540865375 0.0225360578125 0.0774572640625 0.035556890625 0.0787927359375
1 0.7654373921875 0.21976843906250002 0.75927315625 0.2265580328125 0.758201115625 0.2340623203125 0.770261578125 0.2383504859375 0.7753537734375 0.2287021140625 0.7783018875 0.22334191093750003 0.7817860203125 0.21405088593750002 0.7689215265625 0.21726701093749998 0.7654373921875 0.21976843906250002
3 0.9648370500000001 0.1826043453125 0.9589408234375 0.1876072046875 0.9586728125 0.1958261859375 0.9495604625 0.1961835328125 0.9479524015624999 0.20547455625 0.9417881640625 0.21333619218750002 0.935623928125 0.21869639843750002 0.9297277015625 0.22834476874999998 0.9235634640624999 0.2322755859375 0.9171312171875 0.2369210984375 0.9112349921874999 0.2490708984375 0.9034626921875001 0.2597913078125 0.894618353125 0.2726558046875 0.8919382499999999 0.28373356250000004 0.88068181875 0.29052315625 0.8737135500000001 0.2883790734375 0.8667452828125001 0.2823041734375 0.8525407375 0.28266152031249997 0.8412843046875 0.28516295 0.8364601203124999 0.2948113203125 0.8332439968750001 0.3062464265625 0.824935678125 0.3151801015625 0.8136792453125 0.32840194375 0.8085870500000001 0.34233847968750003 0.7973306171875 0.3484133796875 0.7820540312500001 0.3494854203125 0.774817753125 0.35806174999999996 0.7579331046875 0.3594911375 0.742924528125 0.3655660375 0.7249678390625001 0.3716409375 0.7161234984375 0.37985992031250004 0.70915523125 0.39200972031250003 0.7029909953125 0.4080903375 0.7013829328125001 0.42238421875 0.69923885 0.4363207546875 0.6930746140624999 0.44489708281249996 0.684230275 0.44382504375 0.6740458828125 0.4409662671875 0.6662735843750001 0.43917953125000003 0.6534090906250001 0.43703544843750003 0.6400085765625 0.4423956546875 0.631432246875 0.4495425953125 0.6225879078125 0.44989994375000003 0.613207546875 0.44739851249999996 0.6048992281250001 0.4313178953125 0.595786878125 0.4313178953125 0.5909626921875 0.4381074890625 0.5799742703125 0.4352487140625 0.5703259 0.4273870796875 0.5705939109375 0.4180960546875 0.560945540625 0.4184534015625 0.5588014578125 0.42702973125000004 0.55451329375 0.4291738140625 0.55076115 0.421669525 0.542720840625 0.41881075 0.541112778125 0.42631503750000005 0.5322684390625 0.41952544375 0.5239601203124999 0.4191680953125 0.52262006875 0.4113064609375 0.5242281296875 0.40201543749999996 0.521548028125 0.397369925 0.5175278734375001 0.39236706718750003 0.509755575 0.39665523125 0.509755575 0.39093767968750004 0.5038593484375 0.3937964546875 0.49983919375 0.39451115 0.49233490625 0.39808461875 0.48724270937499997 0.39200972031250003 0.47973842187500004 0.3841480859375 0.47250214375 0.37557175625 0.4647298453125 0.3727129796875 0.4398048890625 0.3727129796875 0.42613636406250005 0.37985992031250004 0.41836406562499995 0.39022298593750004 0.417560034375 0.4023727859375 0.4191680953125 0.4145225828125 0.41434391093749995 0.4227415671875 0.40657161249999996 0.4230989140625 0.40121140625 0.4077329890625 0.40121140625 0.39629788593750004 0.3974592625 0.3898656375 0.38700686093750003 0.3895082890625 0.3786985421875 0.3927244140625 0.369854203125 0.39772727343750003 0.3569897078125 0.39629788593750004 0.349217409375 0.3987993140625 0.344661234375 0.4055889078125 0.3339408234375 0.40666095 0.3218803609375 0.40201543749999996 0.30874785625 0.39808461875 0.3031196390625 0.40344482499999995 0.2956153515625 0.397369925 0.28328687812500003 0.39093767968750004 0.2736385078125 0.3895082890625 0.2664022296875 0.39236706718750003 0.26023799375 0.3995140078125 0.2599699828125 0.4048742140625 0.2629180953125 0.4145225828125 0.270422384375 0.4198827890625 0.271226415625 0.42667238281250003 0.26774228125 0.433819325 0.2594339625 0.4334619796875 0.256753859375 0.439894225 0.2615780453125 0.45418810781249996 0.2615780453125 0.4599056609375 0.255145796875 0.46812464218749994 0.258361921875 0.47955974843750004 0.2588979421875 0.49456832500000003 0.265062178125 0.5052887359375 0.2760506 0.5124356765625 0.28945111562500003 0.5131503703125 0.29507933125 0.5156518 0.2913271875 0.531017725 0.28703902187499997 0.5442395640625 0.279534734375 0.5574614062500001 0.268814321875 0.5606775296875 0.2653301890625 0.5717552890625 0.251393653125 0.5746140640624999 0.2366530875 0.5749714125 0.2109241 0.5846197828124999 0.20100771874999998 0.5910520296875 0.19323542031250002 0.6092767296875 0.1857311328125 0.6160663234375 0.17635077187499998 0.6153516296875 0.166434390625 0.6146369359375 0.1559819890625 0.6210691828125 0.1693825046875 0.6321469421875 0.1629502578125 0.64858490625 0.174742709375 0.6625214421875001 0.18519511093750002 0.6600200109375 0.19591552343750002 0.6582332765625 0.197523584375 0.6696683812499999 0.1988636359375 0.6918238999999999 0.199935678125 0.7057604359375 0.197255575 0.7096912515625 0.19537950312500002 0.71969696875 0.17983490625 0.731132075 0.1559819890625 0.7336335046875 0.14418953750000002 0.7322041171875 0.13722126875000001 0.7464979984375 0.1358812171875 0.7615065750000001 0.128644940625 0.77901658125 0.1275728984375 0.7965265875 0.135345196875 0.8054602624999999 0.149013721875 0.7968839328125 0.1514258140625 0.8054602624999999 0.150621784375 0.8140365921875 0.1409734140625 0.81832475625 0.1259648375 0.822255575 0.11202830156250002 0.83369068125 0.11229631250000001 0.8429817046875 0.1203366203125 0.8440537453125 0.12355274375 0.8479845625 0.126232846875 0.86156375 0.1214086625 0.8694253859375 0.10318396249999999 0.8679959984375 0.097019725 0.8762149796875001 0.0962156953125 0.8869353921875 0.0865673234375 0.8965837625 0.0804030875 0.9012292734375 0.0745068609375 0.9144511140624999 0.07504288125 0.9244568328125 0.0726307890625 0.9316037734375 0.0664665515625 0.9326758140625 0.06298241875 0.9401801015625001 0.06727058281250001 0.9523299015625 0.06861063437500001 0.9666237859375 0.0728988 0.9823470562500001 0.0804030875 0.9887793015625 0.0809391078125 0.9934248140624999 0.0828125 0.9979166671874999 0.9984375 0.9979166671874999 0.997802315625 0.11542309843750001 0.9892259859375001 0.12292738750000001 0.9889579765625 0.1322184109375 0.9889579765625 0.14508290468750001 0.978773584375 0.14972841718750002 0.9760934812500001 0.1618782171875 0.9710012859375 0.17116923906249998 0.9661771015625 0.17009719843749999 0.9648370500000001 0.1826043453125
1 0.14396067343750002 0.6706460671875 0.14703300625 0.6618679765625 0.1404494375 0.6519194749999999 0.1285990171875 0.6560159171875 0.124209971875 0.66830524375 0.14396067343750002 0.6706460671875